2020-10-23,row,sid,casrn,name,Spread,Sick,PctCases,Cases,CountyCaseRate,StateCaseRate,PctDeaths,Deaths,PctDeaths2,CountyDeathRate,StateDeathRate,StatePctTested,StateTestRate,SVISocioeconomic,SVIMinority,SVIHousing,PctBeds,Mobility,PctNoIns,PctGE65,DaytimePopDensity,PrematureDeath,Smoking,AirPollution,Diabetes,Traffic,DistancingGrade,Obesity,PctBlack,PctNative,retail_and_recreation_percent_change_from_baseline,grocery_and_pharmacy_percent_change_from_baseline,parks_percent_change_from_baseline,transit_stations_percent_change_from_baseline,workplaces_percent_change_from_baseline,residential_percent_change_from_baseline
2020-10-23,1,"-86.6441,32.5395",1001,"Alabama, Autauga",0.0790904597132971,2.87764608550206,0.0363842376935667,2023,1.00533778658453,1.00654337400963,0.0148294611962432,30,0.0005395586410316,1.00990485606307,1.00444979671876,0.439403576731055,1.00664884630668,0.3631,0.5947,0.3741,0.0015287494829229,1733.08,7.1,14.6,76.0,8128.5911903,0.1808155718,11.7,0.111,88.457040416,5.0,0.333,0.1934317728,0.0048020719,-3.0,1.0,,,-19.0,4.0
2020-10-23,2,"-87.7221,30.7277",1003,"Alabama, Baldwin",0.0515830115830116,1.53195549073029,0.029698837731972,6475,1.00426374479649,1.00654337400963,0.0106563706563707,69,0.0003164818229353,1.00637045739233,1.00444979671876,0.439403576731055,1.00664884630668,0.2232,0.4358,0.3359,0.0015227821045582,1971.57,8.9,19.5,121.0,7354.1225298,0.174890326,10.3,0.107,86.997429882,5.0,0.31,0.0878397593,0.0077239912,-6.0,2.0,43.0,-3.0,-23.0,1.0
2020-10-23,3,"-85.3871,31.8683",1005,"Alabama, Barbour",0.0702106318956871,2.81339174470479,0.040070736706724,997,1.00467125769804,1.00654337400963,0.0090270812437311,9,0.0003617217957477,1.0,1.00444979671876,0.439403576731055,1.00664884630668,0.978,0.8558,0.9889,0.0029741569872593,1080.54,11.3,18.0,27.5,10253.573403,0.2199998453,11.5,0.176,102.29176221,4.0,0.417,0.4803263534,0.0065913749,0.0,-4.0,,,-21.0,
2020-10-23,4,"-87.1251,32.9964",1007,"Alabama, Bibb",0.127003699136868,4.59821428571429,0.0362053571428571,811,1.0091321165364,1.00654337400963,0.0172626387176326,14,0.000625,1.01064309218431,1.00444979671876,0.439403576731055,1.00664884630668,0.7694,0.4323,0.7189,0.0015625,1272.47,10.7,16.3,28.9,11977.539484,0.1911419989,11.2,0.145,29.335580011,4.3,0.376,0.2112053571,0.004375,,,,,-15.0,
2020-10-23,5,"-86.5679,33.9821",1009,"Alabama, Blount",0.111991547807713,3.66528354080221,0.0327282157676349,1893,1.00980690531197,1.00654337400963,0.0132065504490227,25,0.0004322268326417,1.01198288474998,1.00444979671876,0.439403576731055,1.00664884630668,0.6143,0.5915,0.1741,0.0006915629322268,1395.46,10.8,17.8,71.7,11335.071134,0.1920867197,11.7,0.17,33.411781963,5.0,0.338,0.014626556,0.0065352697,-4.0,-2.0,,,-23.0,4.0
2020-10-23,6,"-85.7127,32.1003",1011,"Alabama, Bullock",0.0282574568288854,1.77549812586309,0.0628329058985993,637,1.00203485166412,1.00654337400963,0.0266875981161695,17,0.0016768593410929,1.0,1.00444979671876,0.439403576731055,1.00664884630668,0.9771,0.6749,0.765,0.0060169658709804,991.59,11.4,15.6,15.6,11679.558981,0.2289466401,11.2,0.237,4.0665381995,3.0,0.372,0.6954034326,0.0083842967,,,,,-28.0,
2020-10-23,7,"-86.6806,31.753",1013,"Alabama, Butler",0.0689310689310689,3.50609756097561,0.0508638211382114,1001,1.00274138946349,1.00654337400963,0.03996003996004,40,0.0020325203252032,1.0,1.00444979671876,0.439403576731055,1.00664884630668,0.8455,0.6447,0.6259,0.0047764227642276,1042.91,8.7,19.0,25.1,14359.939103,0.2176533496,10.6,0.192,19.311067904,4.0,0.433,0.4455792683,0.0037601626,-10.0,-18.0,,,-17.0,
2020-10-23,8,"-85.8263,33.7748",1015,"Alabama, Calhoun",0.104320840296013,3.82404158317072,0.0366565450615609,4189,1.00846414281133,1.00654337400963,0.0143232275005968,60,0.0005250400343026,1.00240390165174,1.00444979671876,0.439403576731055,1.00664884630668,0.7866,0.6507,0.6492,0.004830368315584,1573.18,9.5,16.8,193.1,12078.616145,0.2061256037,11.8,0.175,109.89916308,5.0,0.385,0.2085021483,0.0053991617,-12.0,-15.0,,,-26.0,4.0
2020-10-23,9,"-85.3907,32.9136",1017,"Alabama, Chambers",0.0853293413173653,3.39134315037929,0.0397441618325152,1336,1.00840200813403,1.00654337400963,0.032185628742515,43,0.0012791908374237,1.0,1.00444979671876,0.439403576731055,1.00664884630668,0.6901,0.4597,0.7943,0.0034210917745054,1190.48,10.3,18.9,46.7,11112.536614,0.1939292705,11.4,0.199,20.271586909,4.3,0.401,0.3956567009,0.0030641083,-8.0,-5.0,,,-15.0,4.0
2020-10-23,10,"-85.6064,34.1781",1019,"Alabama, Cherokee",0.0991735537190083,2.76582667486171,0.0278887523048556,726,1.00604683078485,1.00654337400963,0.0192837465564738,14,0.0005377996312231,1.0,1.00444979671876,0.439403576731055,1.00664884630668,0.6879,0.2751,0.2741,0.0023048555623847,1292.06,8.6,21.7,37.0,12349.707594,0.1749867379,11.4,0.152,25.908887044,4.3,0.35,0.0424093423,0.0066072526,1.0,-9.0,,,-13.0,4.0
2020-10-23,11,"-86.7173,32.8504",1021,"Alabama, Chilton",0.0852797392721347,3.55581727175956,0.0416959210019704,1841,1.00677576763463,1.00654337400963,0.0173818576860402,32,0.0007247525649446,1.00454582940699,1.00444979671876,0.439403576731055,1.00664884630668,0.7685,0.6966,0.3636,0.0005888614590175,1342.57,13.0,15.8,54.2,10019.3128,0.2018897906,11.2,0.186,28.80120495,5.0,0.377,0.0996761262,0.0056621294,0.0,-2.0,,1.0,-16.0,2.0
2020-10-23,12,"-88.2656,32.0223",1023,"Alabama, Choctaw",0.0489690721649485,1.47963554240324,0.0302157152869714,388,1.00335836020333,1.00654337400963,0.0309278350515464,12,0.0009345066583599,1.0,1.00444979671876,0.439403576731055,1.00664884630668,0.9057,0.5896,0.5775,0.0019468888715832,1248.23,10.3,22.1,13.3,12479.822147,0.1879324829,10.1,0.174,17.189832601,3.7,0.413,0.415154583,0.0018690133,,,,,-20.0,
2020-10-23,13,"-87.8355,31.681",1025,"Alabama, Clarke",0.0892307692307692,4.8494983277592,0.0543478260869565,1300,1.00723805549694,1.00654337400963,0.0130769230769231,17,0.0007107023411371,1.00869827228079,1.00444979671876,0.439403576731055,1.00664884630668,0.9436,0.4763,0.7345,0.0035535117056856,1278.77,9.7,19.0,21.2,11144.037371,0.2057965532,10.4,0.224,66.287632266,4.0,0.341,0.4432692308,0.0052675585,-8.0,-13.0,,,-18.0,
2020-10-23,14,"-85.8584,33.2698",1027,"Alabama, Clay",0.139917695473251,7.68361581920904,0.0549152542372881,729,1.01126925660266,1.00654337400963,0.0164609053497942,12,0.0009039548022598,1.0,1.00444979671876,0.439403576731055,1.00664884630668,0.8162,0.4247,0.1579,0.0033898305084745,1075.36,10.3,19.8,20.5,10461.83432,0.1962035415,10.6,0.135,37.230490328,4.0,0.406,0.1383050847,0.0054237288,,,,,-10.0,
2020-10-23,15,"-85.5201,33.6768",1029,"Alabama, Cleburne",0.173112338858195,6.27210248882365,0.0362314005471409,543,1.01507635160697,1.00654337400963,0.0147329650092081,8,0.0005337959564956,1.04195362743721,1.00444979671876,0.439403576731055,1.00664884630668,0.8694,0.3419,0.1,,1322.85,12.3,18.8,21.4,11087.984454,0.1837446577,11.0,0.125,41.333776458,4.0,0.373,0.0286915327,0.0049376126,,,,7.0,-22.0,
2020-10-23,16,"-85.989,31.3993",1031,"Alabama, Coffee",0.128130460104834,4.23818605636787,0.0330771157217438,1717,1.01122008092928,1.00654337400963,0.005824111822947,10,0.0001926448207439,1.01516534655549,1.00444979671876,0.439403576731055,1.00664884630668,0.5373,0.7256,0.1923,0.0025236471517463,1638.25,9.8,16.3,70.3,8175.3623921,0.1744475759,10.9,0.161,58.321196812,5.0,0.342,0.1718777091,0.0141016009,-11.0,6.0,,,-16.0,1.0
2020-10-23,17,"-87.8017,34.6985",1033,"Alabama, Colbert",0.099644128113879,3.57912421021876,0.0359190679668383,1967,1.00872116768569,1.00654337400963,0.0157600406710727,31,0.0005660859720243,1.01993180033091,1.00444979671876,0.439403576731055,1.00664884630668,0.6519,0.397,0.1025,0.0066286841240276,1335.96,7.2,19.3,92.0,10644.992124,0.1865882106,10.7,0.162,80.776854508,5.0,0.306,0.1599832,0.0066286841,-10.0,-11.0,-30.0,-2.0,-12.0,2.0
2020-10-23,18,"-86.9932,31.434",1035,"Alabama, Conecuh",0.0269299820466786,1.22179685590942,0.0453693899161033,557,1.00180834189612,1.00654337400963,0.0233393177737881,13,0.0010588906084548,1.0,1.00444979671876,0.439403576731055,1.00664884630668,0.9529,0.4397,0.213,0.0047242811761831,953.55,12.7,21.6,14.3,10822.452428,0.2110751296,10.3,0.259,34.495784039,3.7,0.43,0.4566262116,0.0051315468,,,,1.0,-19.0,
2020-10-23,19,"-86.2485,32.9369",1037,"Alabama, Coosa",0.0940594059405941,1.77321511899207,0.0188520765282315,202,1.0080312602654,1.00654337400963,0.0148514851485149,3,0.0002799813345776,1.0,1.00444979671876,0.439403576731055,1.00664884630668,0.693,0.5314,0.2913,,1034.43,8.0,21.8,12.3,12691.204176,0.2039996562,11.0,0.208,24.292868849,3.0,0.403,0.3047130191,0.0059729351,,,,,-16.0,
2020-10-23,20,"-86.4505,31.2478",1039,"Alabama, Covington",0.108887580929959,5.00189260801384,0.0459363002217055,1699,1.00825378092242,1.00654337400963,0.0170688640376692,29,0.0007840804628778,1.0,1.00444979671876,0.439403576731055,1.00664884630668,0.8232,0.3941,0.4702,0.005055967122695,1423.12,11.1,20.5,34.6,11418.122816,0.1924945154,10.5,0.153,42.463348946,5.0,0.317,0.1244254583,0.0069215379,-3.0,-2.0,,,-13.0,2.0
2020-10-23,21,"-86.3159,31.7294",1041,"Alabama, Crenshaw",0.079734219269103,3.47222222222222,0.0435474537037037,602,1.00707803580435,1.00654337400963,0.0498338870431894,30,0.0021701388888888,1.0,1.00444979671876,0.439403576731055,1.00664884630668,0.7271,0.6979,0.2353,0.0047019675925925,1335.68,8.7,18.3,20.2,9944.64447,0.1864692956,10.7,0.182,57.646953199,4.0,0.38,0.2322048611,0.0062934028,,,,,-21.0,
2020-10-23,22,"-86.8689,34.1302",1043,"Alabama, Cullman",0.151039456936784,4.266436566717,0.0282471656959325,2357,1.01201222276689,1.00654337400963,0.010182435299109,24,0.000287624937082,1.00609846529734,1.00444979671876,0.439403576731055,1.00664884630668,0.6895,0.3305,0.3945,0.0017377339948706,1356.57,11.1,18.0,106.9,10182.18218,0.1790107122,11.6,0.193,51.370290123,5.0,0.369,0.0120562786,0.0064595767,-14.0,-3.0,50.0,1.0,-18.0,3.0
2020-10-23,23,"-85.611,31.4304",1045,"Alabama, Dale",0.0767835550181378,2.59416619004821,0.033785439986927,1654,1.00656024613063,1.00654337400963,0.0308343409915357,51,0.0010417517771059,1.0,1.00444979671876,0.439403576731055,1.00664884630668,0.779,0.6772,0.455,0.001817958983577,1442.93,11.6,16.1,98.3,10467.436009,0.2005739493,11.0,0.158,41.485754492,5.0,0.372,0.2045101724,0.0080071901,-15.0,0.0,,-1.0,-17.0,3.0
2020-10-23,24,"-87.1087,32.3269",1047,"Alabama, Dallas",0.0241675617615467,1.17462803445576,0.0486034977812582,1862,1.00162163866536,1.00654337400963,0.014500537056928,27,0.0007047768206734,1.0,1.00444979671876,0.439403576731055,1.00664884630668,0.9669,0.5345,0.8392,0.0045679979117723,1106.3,11.1,16.8,41.5,14717.166071,0.2408899101,11.1,0.159,60.708334698,4.0,0.431,0.7005742626,0.0028974158,-16.0,-12.0,,,-21.0,5.0
2020-10-23,25,"-85.8078,34.4595",1049,"Alabama, DeKalb",0.179588128407026,8.30706731105975,0.0462562162919381,3302,1.01398985188953,1.00654337400963,0.0087825560266505,29,0.0004062478111648,1.01572221247326,1.00444979671876,0.439403576731055,1.00664884630668,0.8035,0.7625,0.4779,0.0018771450584856,1347.91,13.7,16.3,88.2,10747.783715,0.2102827079,11.3,0.128,53.003998974,5.0,0.292,0.0144848357,0.020298382,-2.0,0.0,,,-10.0,1.0
2020-10-23,26,"-86.1442,32.5979",1051,"Alabama, Elmore",0.082274459974587,3.16289520925177,0.0384432205356162,3148,1.00556758384612,1.00654337400963,0.0165184243964422,52,0.0006350214319733,1.0,1.00444979671876,0.439403576731055,1.00664884630668,0.4911,0.581,0.5177,0.0016852491848523,2011.01,7.4,14.5,99.6,8762.5525693,0.1745250185,11.9,0.158,57.061953869,5.0,0.343,0.2121460061,0.005190079,-11.0,-10.0,24.0,,-20.0,3.0
2020-10-23,27,"-87.1592,31.1257",1053,"Alabama, Escambia",0.0285049447353112,1.3334058996408,0.0467780559486231,1719,1.00234884801496,1.00654337400963,0.016870273414776,29,0.0007891585936649,1.01026070714042,1.00444979671876,0.439403576731055,1.00664884630668,0.9557,0.6027,0.5839,0.0038641558724284,1195.3,14.2,17.3,37.6,12227.375778,0.2241258458,10.2,0.188,35.83380504,4.0,0.394,0.3140306955,0.0387231958,-17.0,-11.0,,,-18.0,4.0
2020-10-23,28,"-86.0405,34.0457",1055,"Alabama, Etowah",0.110102698829711,4.49751709739417,0.0408483819670052,4187,1.0103437160633,1.00654337400963,0.0117028898973012,49,0.0004780441166427,1.00294995503671,1.00444979671876,0.439403576731055,1.00664884630668,0.7169,0.6396,0.2904,0.0061170134925512,1466.59,10.6,18.3,179.8,11905.222386,0.201473986,11.5,0.157,140.04365706,5.0,0.355,0.1548375138,0.0060877455,-15.0,-10.0,,,-18.0,3.0
2020-10-23,29,"-87.7389,33.7208",1057,"Alabama, Fayette",0.126559714795009,4.32057445384288,0.0341386235014909,561,1.00951968998993,1.00654337400963,0.0231729055258467,13,0.0007910910971824,1.02415191411056,1.00444979671876,0.439403576731055,1.00664884630668,0.8306,0.2216,0.5454,0.0037120428406255,1146.87,7.6,20.5,23.4,9720.775126,0.1800159326,10.6,0.233,34.075608096,4.0,0.41,0.1185419583,0.0046856934,,,,,-21.0,
2020-10-23,30,"-87.8429,34.4424",1059,"Alabama, Franklin",0.074220682830282,4.78270573605841,0.0644389886171604,2021,1.00675258835573,1.00654337400963,0.0153389411182583,31,0.0009884258521187,1.0,1.00444979671876,0.439403576731055,1.00664884630668,0.8713,0.8185,0.5275,0.003985588113382,1343.97,11.7,16.2,47.1,10155.227272,0.1925058304,10.5,0.148,40.926371899,5.0,0.343,0.0388355706,0.0154640819,5.0,-11.0,,,-10.0,1.0
2020-10-23,31,"-85.8357,31.0939",1061,"Alabama, Geneva",0.102112676056338,3.30622482328798,0.0323782017177168,852,1.00724789391981,1.00654337400963,0.0082159624413145,7,0.00026601808923,1.0,1.00444979671876,0.439403576731055,1.00664884630668,0.9376,0.4626,0.2716,0.003154214486585,1160.77,12.6,19.4,39.0,11145.173201,0.2000360328,10.6,0.169,44.822864237,4.3,0.387,0.0931443338,0.0102606977,,-5.0,,,-18.0,1.0
2020-10-23,32,"-87.9568,32.855",1063,"Alabama, Greene",0.0847953216374269,3.52240981416252,0.0415401433256407,342,1.00598888044677,1.00654337400963,0.0467836257309941,16,0.0019433985181586,1.00926242190831,1.00444979671876,0.439403576731055,1.00664884630668,0.9959,0.5043,0.9554,0.0024292481476982,859.79,12.8,20.4,12.6,11618.619777,0.2463281871,10.5,0.145,35.065799685,3.0,0.355,0.796064618,0.003279485,,,,-35.0,-16.0,
2020-10-23,33,"-87.6328,32.7604",1065,"Alabama, Hale",0.0894526034712951,4.54977590655983,0.0508624202091539,749,1.00446550775299,1.00654337400963,0.0400534045393858,30,0.0020372130924894,1.00485482547268,1.00444979671876,0.439403576731055,1.00664884630668,0.9334,0.5116,0.9347,0.0026483770202363,1084.49,9.5,18.3,18.9,12327.018415,0.2207729134,10.8,0.178,42.621492226,3.3,0.404,0.5780252614,0.0025125628,,,,,-21.0,
2020-10-23,34,"-85.2427,31.5115",1067,"Alabama, Henry",0.0938967136150235,3.48654773664943,0.0371317333953164,639,1.00548386543935,1.00654337400963,0.0093896713615023,6,0.0003486547736649,1.0,1.00444979671876,0.439403576731055,1.00664884630668,0.6971,0.4725,0.2713,,1316.76,9.8,21.6,26.3,9242.4857316,0.1842984544,10.9,0.166,29.318003398,3.3,0.363,0.2582950782,0.004939276,,,,,-14.0,
2020-10-23,35,"-85.2994,31.152",1069,"Alabama, Houston",0.0715059588299025,2.52096025667959,0.0352552472259888,3692,1.00525500365091,1.00654337400963,0.008667388949079,32,0.0003055709402035,1.01416221482281,1.00444979671876,0.439403576731055,1.00664884630668,0.6943,0.5938,0.3502,0.0062546551822921,1650.72,10.5,16.9,194.1,9647.1905115,0.1924978278,10.7,0.135,139.95730138,5.0,0.381,0.2691984492,0.005404786,-13.0,-2.0,,-6.0,-14.0,2.0
2020-10-23,36,"-85.9975,34.7814",1071,"Alabama, Jackson",0.169047619047619,6.86175970310809,0.0405906912014845,2100,1.01432408924805,1.00654337400963,0.0071428571428571,15,0.000289933508582,1.02065336654354,1.00444979671876,0.439403576731055,1.00664884630668,0.7927,0.3126,0.3231,0.003285913097263,1272.14,9.5,19.1,45.2,11088.146204,0.1995892088,11.0,0.165,29.91325272,4.3,0.387,0.0341348384,0.0168161435,-8.0,-1.0,,,-15.0,2.0
2020-10-23,37,"-86.8951,33.5555",1073,"Alabama, Jefferson",0.0829360045492323,2.87577733960261,0.0346746549370545,22861,1.00617365907505,1.00654337400963,0.0163597392939941,374,0.0005672683148794,1.00387920898312,1.00444979671876,0.439403576731055,1.00664884630668,0.5185,0.8099,0.6211,0.0063385408766874,1969.26,9.2,15.0,664.2,10969.508203,0.1762204526,13.4,0.129,419.07184692,5.0,0.346,0.4312604277,0.0028697103,-18.0,-12.0,15.0,-23.0,-29.0,8.0
2020-10-23,38,"-88.0967,33.78",1075,"Alabama, Lamar",0.133047210300429,4.47847442935568,0.0336607916787056,466,1.0118885009671,1.00654337400963,0.0107296137339056,5,0.0003611672926899,1.07570373984278,1.00444979671876,0.439403576731055,1.00664884630668,0.8726,0.2034,0.3251,,1229.93,10.6,21.1,22.2,11927.627344,0.20430552,10.3,0.188,28.620642691,4.3,0.357,0.1039439468,0.0028893383,,,,,-16.0,
2020-10-23,39,"-87.6562,34.9017",1077,"Alabama, Lauderdale",0.124767225325885,2.90084102741728,0.0232500243540758,2148,1.01214100160099,1.00654337400963,0.0190875232774674,41,0.0004437853810601,1.00716992752008,1.00444979671876,0.439403576731055,1.00664884630668,0.4946,0.4464,0.5622,0.0038750040590126,1567.36,9.0,19.3,123.9,9035.0572587,0.166560043,11.0,0.138,108.45939758,5.0,0.325,0.0989316679,0.004513622,-7.0,-4.0,,,-11.0,5.0
2020-10-23,40,"-87.3107,34.5204",1079,"Alabama, Lawrence",0.160779537149817,4.00521892162515,0.0249112479898049,821,1.01128048333715,1.00654337400963,0.0377588306942753,31,0.0009406195952301,1.0046952487017,1.00444979671876,0.439403576731055,1.00664884630668,0.7373,0.3725,0.2028,0.0029735716236307,1275.62,9.1,17.4,39.2,11825.56396,0.2018764616,11.3,0.193,30.072634505,5.0,0.326,0.1083229663,0.0580453318,-10.0,0.0,,,-18.0,3.0
2020-10-23,41,"-85.3513,32.6015",1081,"Alabama, Lee",0.0389470443349754,1.54323811615154,0.0396240110771558,6496,1.00286956675068,1.00654337400963,0.010006157635468,65,0.0003964841009875,,1.00444979671876,0.439403576731055,1.00664884630668,0.5465,0.7189,0.9214,0.0019153231955398,1764.36,7.8,11.1,239.6,6973.4502895,0.1756014041,12.1,0.09,120.03427766,5.0,0.299,0.2277709664,0.0037269505,-12.0,2.0,,,-18.0,6.0
2020-10-23,42,"-86.9831,34.8119",1083,"Alabama, Limestone",0.133453887884268,3.83679580759873,0.0287499740054485,2765,1.00855178216886,1.00654337400963,0.0108499095840868,30,0.0003119346185039,1.01516534655549,1.00444979671876,0.439403576731055,1.00664884630668,0.5812,0.6186,0.4521,0.0007382452637927,1932.38,9.6,14.7,129.5,7722.2085509,0.1817335659,11.8,0.138,49.284102759,5.0,0.339,0.1349325181,0.0082662674,-4.0,-4.0,33.0,,-20.0,6.0
2020-10-23,43,"-86.6516,32.1597",1085,"Alabama, Lowndes",0.0440967283072546,3.10808101062763,0.0704832564668137,703,1.00329435730507,1.00654337400963,0.0398293029871977,28,0.002807298977341,1.00520889711624,1.00444979671876,0.439403576731055,1.00664884630668,0.9732,0.539,0.4954,,1065.48,8.8,17.9,14.0,15840.441782,0.2261591119,10.9,0.139,11.478990359,3.0,0.469,0.7193703629,0.0037096451,,,,-1.0,-14.0,
2020-10-23,44,"-85.6927,32.3876",1087,"Alabama, Macon",0.0491493383742911,1.41005477520473,0.0286891913878193,529,1.00217928406728,1.00654337400963,0.0378071833648393,20,0.0010846575193882,1.00735452613864,1.00444979671876,0.439403576731055,1.00664884630668,0.9494,0.5053,0.915,0.007755301263626,1041.16,7.5,18.6,32.2,12688.780867,0.2141469639,11.7,0.23,14.698931079,3.7,0.496,0.8004772493,0.0026574109,,,,-1.0,-23.0,
2020-10-23,45,"-86.5507,34.7633",1089,"Alabama, Madison",0.0846994535519126,2.11448792559185,0.0249645993795683,9150,1.00653768984043,1.00654337400963,0.0102732240437158,94,0.0002564669225879,1.00946709896934,1.00444979671876,0.439403576731055,1.00664884630668,0.2863,0.7217,0.3836,0.0029684682103792,2229.86,8.3,14.3,501.8,8270.3059858,0.168201727,11.6,0.135,199.0231982,5.0,0.329,0.2443693233,0.0080978067,-15.0,-4.0,36.0,-25.0,-29.0,9.0
2020-10-23,46,"-87.788,32.2477",1091,"Alabama, Marengo",0.236895161290323,12.3256057904123,0.0520297912514424,992,1.00957286878737,1.00654337400963,0.0221774193548387,22,0.0011538864995279,1.0066678482933,1.00444979671876,0.439403576731055,1.00664884630668,0.8643,0.496,0.4088,0.0051924892478758,1265.19,8.8,18.9,20.7,12171.584832,0.2135600035,10.6,0.176,81.482563457,4.0,0.422,0.5107521242,0.0024126718,-1.0,-9.0,,,-15.0,
2020-10-23,47,"-87.887,34.137",1093,"Alabama, Marion",0.044256120527307,1.57914188757854,0.0356818869065618,1062,1.00410199822376,1.00654337400963,0.0273069679849341,29,0.0009743641433995,1.0,1.00444979671876,0.439403576731055,1.00664884630668,0.778,0.3002,0.4209,0.0040318516278601,1335.22,8.7,20.8,39.6,11106.407394,0.1906020361,10.5,0.204,56.105226118,5.0,0.368,0.0378322078,0.0042334442,-8.0,-9.0,,,-13.0,4.0
2020-10-23,48,"-86.3049,34.3698",1095,"Alabama, Marshall",0.0570438799076212,2.56999864736913,0.045053012725135,4330,1.00456935201561,1.00654337400963,0.0113163972286374,49,0.0005098377883444,1.00597099810744,1.00444979671876,0.439403576731055,1.00664884630668,0.7427,0.7708,0.3149,0.0024971646776056,1453.99,12.3,16.8,155.3,10062.94593,0.2101785348,11.8,0.118,64.654921157,5.0,0.344,0.02403521,0.0112164313,-7.0,-6.0,59.0,,-20.0,3.0
2020-10-23,49,"-88.2084,30.7847",1097,"Alabama, Mobile",0.0441664362731546,1.54438474756923,0.0349673842376081,14468,1.00348421037355,1.00654337400963,0.0217030688415814,314,0.0007588995473188,1.00045578889279,1.00444979671876,0.439403576731055,1.00664884630668,0.6815,0.6845,0.723,0.0040966074289981,1640.17,11.2,15.3,346.7,10464.359728,0.1936996915,10.8,0.14,252.62364518,5.0,0.363,0.3574561881,0.0093895692,-11.0,-7.0,3.0,-22.0,-23.0,5.0
2020-10-23,50,"-87.37,31.5673",1099,"Alabama, Monroe",0.0609375,1.85123653106755,0.030379266150852,640,1.00500960904027,1.00654337400963,0.015625,10,0.000474676033607,1.01516534655549,1.00444979671876,0.439403576731055,1.00664884630668,0.9551,0.469,0.3728,0.0044619547159063,1026.37,11.4,18.9,23.1,12611.65879,0.2325753896,10.4,0.184,32.166072774,4.0,0.418,0.409645417,0.0134333318,,,,,-11.0,
2020-10-23,51,"-86.2097,32.2207",1101,"Alabama, Montgomery",0.0777721518987342,3.40179746016841,0.0437405597905768,9875,1.00625866975646,1.00654337400963,0.0198481012658228,196,0.0008681670601471,1.00073099571392,1.00444979671876,0.439403576731055,1.00664884630668,0.6984,0.8656,0.7463,0.0041990937398953,1649.33,10.0,14.2,337.5,9820.7757858,0.1968315291,11.9,0.139,359.06387109,5.0,0.377,0.5854546582,0.0033663621,-16.0,-11.0,-16.0,-18.0,-24.0,7.0
2020-10-23,52,"-86.8548,34.455",1103,"Alabama, Morgan",0.120168483647175,4.0725843696731,0.0338906196206199,4036,1.0086447282428,1.00654337400963,0.0086719524281466,35,0.0002938978411104,1.01288402997981,1.00444979671876,0.439403576731055,1.00664884630668,0.5838,0.7504,0.5775,0.0033756266321826,1668.44,9.6,16.7,198.6,9540.7807595,0.1885570615,11.6,0.127,123.4341194,5.0,0.324,0.1265943958,0.0110085734,-8.0,-9.0,16.0,0.0,-17.0,4.0
2020-10-23,53,"-87.2977,32.6405",1105,"Alabama, Perry",0.0617495711835334,3.93873085339168,0.0637855579868709,583,1.00147893824386,1.00654337400963,0.0102915951972556,6,0.0006564551422319,1.0,1.00444979671876,0.439403576731055,1.00664884630668,0.9879,0.6237,0.994,,943.0,9.3,18.6,13.6,14264.365984,0.2600308857,10.7,0.158,23.589110522,3.0,0.434,0.675273523,0.0026258206,,,,,-32.0,
2020-10-23,54,"-88.0882,33.2809",1107,"Alabama, Pickens",0.154126213592233,6.36974621326111,0.0413281171632059,824,1.01142725100879,1.00654337400963,0.020631067961165,17,0.000852643193901,1.0,1.00444979671876,0.439403576731055,1.00664884630668,0.9156,0.8446,0.8163,0.0028087069916741,1031.71,9.1,18.4,18.8,9794.3919139,0.2119912304,10.5,0.15,32.215524233,3.3,0.349,0.398234527,0.0024074631,,,,,-15.0,
2020-10-23,55,"-85.9408,31.804",1109,"Alabama, Pike",0.0521541950113379,2.06971024056632,0.0396844441778151,1323,1.00383752414777,1.00654337400963,0.0098261526832955,13,0.0003899454076429,1.01150029829051,1.00444979671876,0.439403576731055,1.00664884630668,0.9143,0.8214,0.9233,0.002909592657028,1249.01,9.7,14.6,53.4,10402.613289,0.2060465618,11.0,0.123,66.972580396,5.0,0.362,0.3731477593,0.0070790089,-11.0,-6.0,,,-21.0,3.0
2020-10-23,56,"-85.4571,33.2953",1111,"Alabama, Randolph",0.109605911330049,3.91639163916392,0.0357315731573157,812,1.00836596795298,1.00654337400963,0.0197044334975369,16,0.0007040704070407,1.01925902092718,1.00444979671876,0.439403576731055,1.00664884630668,0.7252,0.4266,0.8157,0.0006600660066006,1180.09,9.1,20.0,35.6,10407.063254,0.1899835753,11.0,0.165,35.992721849,4.3,0.374,0.1936193619,0.0047084708,,,,,-15.0,
2020-10-23,57,"-85.1842,32.2873",1113,"Alabama, Russell",0.047321892875715,1.57491216835984,0.0332808362610547,1923,1.00369413266327,1.00654337400963,0.0015600624024961,3,5.19201813745003e-05,1.0,1.00444979671876,0.439403576731055,1.00664884630668,0.8433,0.7937,0.7768,0.0012114708987383,1243.18,11.5,13.4,72.9,11234.374839,0.2179131984,12.1,0.19,222.45746313,5.0,0.451,0.4475692702,0.006213115,-12.0,1.0,,,-22.0,5.0
2020-10-23,58,"-86.3103,33.719",1115,"Alabama, St. Clair",0.121908742598398,3.94632991318074,0.0323711805164055,2871,1.01009883231092,1.00654337400963,0.0146290491118077,42,0.0004735595895816,1.0,1.00444979671876,0.439403576731055,1.00664884630668,0.5475,0.3961,0.2502,0.0004510091329349,1571.7,8.5,15.9,109.3,9942.7580256,0.1833530128,12.0,0.138,49.022614257,5.0,0.366,0.0932574135,0.0035967978,-5.0,-5.0,,7.0,-24.0,4.0
2020-10-23,59,"-86.6623,33.2688",1117,"Alabama, Shelby",0.0981399222654081,3.27759414390817,0.0333971544734292,7204,1.00716122188809,1.00654337400963,0.0086063298167684,62,0.0002874269263398,1.0046952487017,1.00444979671876,0.439403576731055,1.00664884630668,0.0841,0.6877,0.1764,0.0011682513780266,2567.28,6.2,14.3,241.1,6106.0160751,0.1556115747,12.0,0.105,113.39836904,5.0,0.35,0.1289109765,0.0039451664,-11.0,-10.0,63.0,,-29.0,7.0
2020-10-23,60,"-88.1992,32.5912",1119,"Alabama, Sumter",0.0574468085106383,2.12749192341029,0.0370341186667717,470,1.00276591119472,1.00654337400963,0.0446808510638298,21,0.0016547159404302,1.0,1.00444979671876,0.439403576731055,1.00664884630668,0.9561,0.6724,0.9866,0.0026002679063903,915.63,12.5,16.9,14.8,13159.071054,0.2249191497,10.4,0.205,13.287572653,3.7,0.428,0.7141281223,0.001339532,,,,,-16.0,
2020-10-23,61,"-86.1689,33.3782",1121,"Alabama, Talladega",0.116475095785441,3.8081876033472,0.0326952948840006,2610,1.00773234605748,1.00654337400963,0.0134099616858238,35,0.0004384426517011,1.0041496628021,1.00444979671876,0.439403576731055,1.00664884630668,0.8729,0.5883,0.7985,0.003570175878138,1274.27,9.3,17.1,104.8,12063.089161,0.2315986226,11.5,0.163,69.264346917,5.0,0.388,0.3256752017,0.0040837801,-13.0,-7.0,-22.0,-2.0,-22.0,3.0
2020-10-23,62,"-85.7983,32.867",1123,"Alabama, Tallapoosa",0.0720306513409962,2.32115959206855,0.0322246092303134,1305,1.0067465864922,1.00654337400963,0.0666666666666667,87,0.0021483072820208,1.00332793419842,1.00444979671876,0.439403576731055,1.00664884630668,0.8771,0.4215,0.8685,0.0031360347680075,1370.92,8.2,20.4,53.3,10543.51064,0.1818006718,11.4,0.159,44.024045928,5.0,0.36,0.2677976146,0.0042719214,-3.0,4.0,,,-14.0,4.0
2020-10-23,63,"-87.5256,33.2873",1125,"Alabama, Tuscaloosa",0.0772566022861648,3.75279425209778,0.0485757092733269,10148,1.00644131258534,1.00654337400963,0.0136972802522665,139,0.0006653551033693,1.00960865274774,1.00444979671876,0.439403576731055,1.00664884630668,0.6,0.7087,0.809,0.0037671544341848,1769.44,7.2,12.5,161.8,8773.6407491,0.178726324,11.3,0.119,229.95362607,5.0,0.346,0.3184466112,0.0033459224,-14.0,-7.0,-8.0,-19.0,-21.0,5.0
2020-10-23,64,"-87.3003,33.8027",1127,"Alabama, Walker",0.0841293166789126,3.59435576274113,0.0427241763588705,2722,1.00646171942862,1.00654337400963,0.0341660543717855,93,0.0014597165324669,1.00311054009786,1.00444979671876,0.439403576731055,1.00664884630668,0.8685,0.3862,0.4492,0.0041907990770824,1419.87,11.8,18.6,78.0,15205.873711,0.2268098456,11.6,0.142,27.610995776,5.0,0.396,0.0606331717,0.0055720362,-4.0,-10.0,,-2.0,-14.0,2.0
2020-10-23,65,"-88.2069,31.4093",1129,"Alabama, Washington",0.0725552050473186,2.80864574429112,0.0387104652582733,634,1.0048235989207,1.00654337400963,0.0189274447949527,12,0.0007326901941629,1.0,1.00444979671876,0.439403576731055,1.00664884630668,0.8777,0.5708,0.2566,0.001526437904506,1383.19,9.4,18.3,16.2,12133.238991,0.2079009208,10.1,0.166,15.062123163,3.0,0.329,0.2333007693,0.0785810233,,,,,-15.0,
2020-10-23,66,"-87.3089,31.9877",1131,"Alabama, Wilcox",0.0249110320284698,1.31739907782065,0.0528841629810859,562,1.00205026508883,1.00654337400963,0.0213523131672598,12,0.0011291992095605,1.0,1.00444979671876,0.439403576731055,1.00664884630668,0.9882,0.7708,0.6176,0.0028229980239013,874.3,10.9,18.4,12.8,12986.861792,0.2206663015,10.4,0.199,15.959194821,3.0,0.477,0.7073492049,0.0022583984,,,,,-25.0,
2020-10-23,67,"-87.3733,34.1503",1133,"Alabama, Winston",0.128148959474261,4.94505494505495,0.0385883347421809,913,1.00774503505215,1.00654337400963,0.0142387732749179,13,0.0005494505494505,1.0,1.00444979671876,0.439403576731055,1.00664884630668,0.8334,0.2592,0.5084,0.0024936601859678,1222.51,12.3,21.1,37.3,10860.070399,0.196479681,11.0,0.195,18.875757458,5.0,0.378,0.0079459003,0.0087066779,,,,,-23.0,
2020-10-23,68,"-161.9722,55.3222",2013,"Alaska, Aleutians East",0.0,0.0,0.0014224751066856,5,1.0,1.01970987746052,0.0,0,0.0,,1.00646659519269,1.05932159720546,1.01079348209408,0.3376,0.9952,0.9351,,1989.47,46.3,8.8,0.5,,0.1664681092,,0.126,0.0,,0.505,0.1041251778,0.1968705548,,,,,,
2020-10-23,69,"-173.867,53.0246",2016,"Alaska, Aleutians West",0.166666666666667,0.174733531364669,0.001048401188188,6,1.02638809625704,1.01970987746052,0.0,0,0.0,,1.00646659519269,1.05932159720546,1.01079348209408,0.0987,0.986,0.9955,,2830.77,17.5,5.8,1.5,2854.8516346,0.1514282335,,0.098,0.0,3.0,0.443,0.0648261401,0.1177704001,,,,,,
2020-10-23,70,"-149.1427,61.15",2020,"Alaska, Anchorage",0.223809523809524,4.99763324163574,0.0223298506541171,6510,1.01721143011692,1.01970987746052,0.0064516129032258,42,0.0001440635526072,1.00344843960223,1.00646659519269,1.05932159720546,1.01079348209408,0.1325,0.8634,0.8176,0.0026000041161015,2712.07,11.2,10.0,178.3,7680.0761724,0.1504143203,,0.078,462.57206722,3.7,0.318,0.0544800335,0.0887191378,-18.0,-10.0,12.0,-32.0,-32.0,12.0
2020-10-23,71,"-159.8562,60.9098",2050,"Alaska, Bethel",0.514563106796116,8.72859025032938,0.0169631093544137,309,1.05388227643746,1.01970987746052,0.0032362459546925,1,5.48967940272288e-05,1.0,1.00646659519269,1.05932159720546,1.01079348209408,0.9624,0.9452,0.9478,0.0020311813790074,1739.56,20.3,7.1,0.4,14126.360879,0.304180171,,0.061,4.7274481249,2.3,0.31,0.0091128678,0.8378897672,,,,,-27.0,
2020-10-23,72,"-156.7011,58.7451",2060,"Alaska, Bristol Bay",,0.0,0.0,0,,1.01970987746052,,0,0.0,,1.00646659519269,1.05932159720546,1.01079348209408,0.1857,0.4257,0.887,,2531.1,20.5,9.6,2.2,,0.1813764362,,0.149,0.0,,0.418,0.007981756,0.3261117446,,,,,,
2020-10-23,73,"-150.0076,63.6726",2068,"Alaska, Denali",0.45,4.37105390966489,0.0097134531325886,20,1.06347347762604,1.01970987746052,0.0,0,0.0,,1.00646659519269,1.05932159720546,1.01079348209408,0.1561,0.454,0.5536,,2464.78,18.5,7.3,0.2,7556.0998113,0.175746877,,0.049,5.3996989275,,0.253,0.0213695969,0.0529383196,,,,,,
2020-10-23,74,"-158.2382,59.796",2070,"Alaska, Dillingham",0.583333333333333,2.8,0.0048,24,1.10408951367381,1.01970987746052,0.0,0,0.0,,1.00646659519269,1.05932159720546,1.01079348209408,0.7341,0.8045,0.9093,0.0028,1932.1,20.9,8.6,0.3,13105.632679,0.2693081718,,0.103,0.0,,0.356,0.0072,0.7234,,,,,,
2020-10-23,75,"-146.5693,64.8073",2090,"Alaska, Fairbanks North Star",0.229722373434948,4.26387527659617,0.018560992613998,1837,1.01580730628141,1.01970987746052,0.0070767555797495,13,0.0001313516080468,1.02415191411056,1.00646659519269,1.05932159720546,1.01079348209408,0.1876,0.5747,0.7529,0.0024249527639409,2510.31,9.8,9.2,14.2,7006.5964938,0.1585357887,,0.062,107.78021727,3.3,0.3,0.0490042538,0.0791140839,-4.0,-10.0,,-28.0,0.0,8.0
2020-10-23,76,"-135.468,59.0989",2100,"Alaska, Haines",0.0,0.0,0.002021018593371,5,,1.01970987746052,0.0,0,0.0,,1.00646659519269,1.05932159720546,1.01079348209408,0.0484,0.5724,0.482,,2094.82,13.4,24.4,1.0,4747.9232216,0.161178286,,0.074,9.0782676628,,0.27,0.0060630558,0.1046887631,,,,,,
2020-10-23,77,"-135.6424,58.2931",2105,"Alaska, Hoonah-Angoon",0.137931034482759,1.85960018596002,0.0134821013482101,29,1.02142923558558,1.01970987746052,0.0,0,0.0,,1.00646659519269,1.05932159720546,1.01079348209408,0.3344,0.4575,0.7794,,1945.03,24.7,19.5,0.3,6015.2066859,0.200737377,,0.144,0.207254105,,0.322,0.0190609019,0.3770339377,,,,,,
2020-10-23,78,"-134.2004,58.4503",2110,"Alaska, Juneau City and Borough",0.19047619047619,2.24208264565752,0.011770933889702,378,1.0161066647043,1.01970987746052,0.0079365079365079,3,9.34201102357301e-05,1.0,1.00646659519269,1.05932159720546,1.01079348209408,0.1025,0.737,0.9322,0.0022732226824027,2706.93,10.5,12.0,11.9,7650.7088322,0.1658487086,,0.065,95.182467151,3.0,0.273,0.0121446143,0.1186124,-14.0,,,1.0,-32.0,12.0
2020-10-23,79,"-151.5389,60.2443",2122,"Alaska, Kenai Peninsula",0.223113964686998,2.37472878547144,0.0106435685852425,623,1.02009648582035,1.01970987746052,0.0048154093097913,3,5.12531392547794e-05,1.0,1.00646659519269,1.05932159720546,1.01079348209408,0.3169,0.4588,0.7402,0.003485213469325,2232.92,16.0,15.6,3.5,8212.9583509,0.1733815308,,0.084,42.994245793,3.7,0.327,0.0065604018,0.0795961253,-4.0,-7.0,,,-16.0,6.0
2020-10-23,80,"-130.9756,55.5745",2130,"Alaska, Ketchikan Gateway",0.135593220338983,0.574795229199598,0.004239114815347,59,1.00748296609677,1.01970987746052,0.0,0,0.0,,1.00646659519269,1.05932159720546,1.01079348209408,0.2452,0.7459,0.9242,0.0038798677970972,2249.23,11.4,14.1,2.4,7733.0478688,0.1693510011,,0.092,0.0,3.0,0.382,0.0094841213,0.1401781865,,,,,-13.0,
2020-10-23,81,"-153.7494,57.6553",2150,"Alaska, Kodiak Island",0.204081632653061,0.749344323716748,0.003671787186212,49,1.02579101104119,1.01970987746052,0.0,0,0.0,,1.00646659519269,1.05932159720546,1.01079348209408,0.2354,0.9443,0.9535,0.0018733608092918,2337.67,17.2,9.1,2.1,5023.5305113,0.1543897324,,0.08,0.0,2.0,0.341,0.0102660172,0.1281378794,,,,,-11.0,
2020-10-23,82,"-163.3968,62.1543",2158,"Alaska, Kusilvak",0.845360824742268,9.87594845236661,0.0116825243887751,97,1.22081961620204,1.01970987746052,0.0,0,0.0,,1.00646659519269,1.05932159720546,1.01079348209408,0.9936,0.8701,0.6804,,1236.81,19.9,5.6,0.4,19111.252266,0.4100094861,,0.047,0.0,2.3,0.232,0.0040949055,0.9223172347,,,,,,
2020-10-23,83,"-156.2141,58.624",2164,"Alaska, Lake and Peninsula",0.216216216216216,5.04095778197858,0.0233144297416509,37,1.0255979572807,1.01970987746052,0.0,0,0.0,,1.00646659519269,1.05932159720546,1.01079348209408,0.7532,0.6301,0.7195,,1556.76,33.4,7.9,0.1,13744.203895,0.2830118877,,0.095,0.0,,0.378,0.0100819156,0.6149968494,,,,,,
2020-10-23,84,"-149.5742,62.3131",2170,"Alaska, Matanuska-Susitna",0.248373101952278,2.12805501347458,0.0085679769538147,922,1.02455647763148,1.01970987746052,0.0021691973969631,2,1.85856333054549e-05,1.0,1.00646659519269,1.05932159720546,1.01079348209408,0.3529,0.582,0.262,0.0006876684323018,2378.82,14.8,10.7,3.8,6908.435191,0.1750057946,,0.087,49.420106321,3.7,0.344,0.0114580429,0.068627451,7.0,8.0,,,-26.0,8.0
2020-10-23,85,"-164.0354,64.9032",2180,"Alaska, Nome",0.183333333333333,2.1982414068745,0.0119904076738609,120,1.01651531001624,1.01970987746052,0.0,0,0.0,,1.00646659519269,1.05932159720546,1.01079348209408,0.8962,0.8832,0.9102,0.0035971223021582,1885.48,20.7,7.5,0.4,14661.794409,0.3153057287,,0.074,10.601262873,3.0,0.403,0.0076938449,0.7547961631,,,,,,
2020-10-23,86,"-153.4836,69.3148",2185,"Alaska, North Slope",0.285714285714286,6.28038897893031,0.0219813614262561,217,1.02706558132926,1.01970987746052,0.0,0,0.0,,1.00646659519269,1.05932159720546,1.01079348209408,0.3261,0.8115,0.9924,0.0010129659643436,2764.85,18.6,6.4,0.2,10484.625884,0.2385108657,,0.076,10.141895162,2.3,0.401,0.0145867099,0.5277552674,,,-62.0,,-38.0,
2020-10-23,87,"-159.7504,67.0492",2188,"Alaska, Northwest Arctic",0.29951690821256,8.08238821535654,0.026984747751271,207,1.01155848399643,1.01970987746052,0.0,0,0.0,,1.00646659519269,1.05932159720546,1.01079348209408,0.9102,0.7587,0.9656,0.0022161387042106,1975.71,25.7,7.7,0.2,16982.255443,0.3051691785,,0.108,0.0,1.3,0.421,0.0106896102,0.7928562117,,,,,,
2020-10-23,88,"-132.9541,57.1398",2195,"Alaska, Petersburg",0.272727272727273,0.931387767773983,0.0034150884818379,11,1.0465440871019,1.01970987746052,0.0909090909090909,1,0.0003104625892579,1.0,1.00646659519269,1.05932159720546,1.01079348209408,0.1643,0.7657,0.93,,2098.9,9.6,21.5,1.0,8533.8100993,0.1518753835,,0.082,38.247565349,,0.25,0.0214219187,0.1099037566,,,,,,
2020-10-23,89,"-133.0512,55.7626",2198,"Alaska, Prince of Wales-Hyder",0.0606060606060606,0.311429461227032,0.005138586110246,33,1.00897148424402,1.01970987746052,0.0,0,0.0,,1.00646659519269,1.05932159720546,1.01079348209408,0.5885,0.4489,0.8943,,1756.52,24.7,14.8,1.4,13102.630303,0.2227222789,,0.136,0.0,3.0,0.449,0.0051385861,0.4296169418,,,,,,
2020-10-23,90,"-135.3207,57.2412",2220,"Alaska, Sitka City and Borough",0.0357142857142857,0.231294090435989,0.0064762345322077,56,1.00257738798295,1.01970987746052,0.0,0,0.0,,1.00646659519269,1.05932159720546,1.01079348209408,0.0576,0.7272,0.9417,0.0062449404417717,2269.14,16.3,14.5,3.0,5871.4440814,0.1625045499,,0.079,0.0,1.3,0.266,0.0093674107,0.1632936278,,,,,,
2020-10-23,91,"-135.3338,59.5615",2230,"Alaska, Skagway",1.0,4.35540069686411,0.0043554006968641,5,,1.01970987746052,0.0,0,0.0,,1.00646659519269,1.05932159720546,1.01079348209408,0.1532,0.3919,0.8115,,2248.56,18.2,11.3,1.8,,0.1558438516,,0.062,59.934883632,,0.326,0.0069686411,0.0513937282,,,,,,
2020-10-23,92,"-143.2128,63.8769",2240,"Alaska, Southeast Fairbanks",0.333333333333333,2.45735761780862,0.0073720728534258,51,1.05101682379262,1.01970987746052,0.0,0,0.0,,1.00646659519269,1.05932159720546,1.01079348209408,0.4064,0.8103,0.7259,,2002.42,17.1,12.9,0.3,7042.4370531,0.1961017034,,0.095,5.1927815832,3.0,0.328,0.0163342006,0.1256143394,,,,,,
2020-10-23,93,"-144.7127,61.475",2261,"Alaska, Valdez-Cordova",0.216981132075472,2.50982103884766,0.0115670013094718,106,1.01886714871507,1.01970987746052,0.0094339622641509,1,0.0001091226538629,1.0,1.00646659519269,1.05932159720546,1.01079348209408,0.1503,0.4693,0.8513,0.0048013967699694,2418.71,19.2,12.4,0.3,7320.5580038,0.1659062272,,0.112,8.6458404051,3.0,0.348,0.0089480576,0.142186818,,,,,10.0,
2020-10-23,94,"-132.0584,56.3202",2275,"Alaska, Wrangell City and Borough",0.0,0.0,0.0051937674790251,13,1.0,1.01970987746052,0.0,0,0.0,,1.00646659519269,1.05932159720546,1.01079348209408,0.2787,0.6778,0.8052,,1806.36,18.8,22.1,0.9,11726.842122,0.1738448444,,0.138,0.0,,0.426,0.0047942469,0.1654015182,,,,,,
2020-10-23,95,"-140.3601,59.891",2282,"Alaska, Yakutat City and Borough",,0.0,0.0,0,,1.01970987746052,,0,0.0,,1.00646659519269,1.05932159720546,1.01079348209408,0.2115,0.7663,0.9612,,1878.71,23.7,12.3,0.1,,0.1987994674,,0.078,0.0,,0.319,0.0198675497,0.3956953642,,,,,,
2020-10-23,96,"-151.3907,65.5082",2290,"Alaska, Yukon-Koyukuk",0.16504854368932,3.19128965646705,0.019335460859771,103,1.01314771037842,1.01970987746052,0.0194174757281553,2,0.0003754458419373,1.0,1.00646659519269,1.05932159720546,1.01079348209408,0.8873,0.5422,0.7762,,1326.63,27.1,13.6,0.0,18288.639546,0.2969143357,,0.091,1.91767388,,0.305,0.0080720856,0.695888868,,,,,,
2020-10-23,97,"-109.4892,35.3947",4001,"Arizona, Apache",0.0447058823529412,2.38101868612326,0.0532596285053886,3825,1.00313895042352,1.00380213458353,0.043921568627451,168,0.0023392464284719,1.00085324480449,1.00171852861865,0.329730301802404,1.00817384991025,0.9793,0.9761,0.9118,0.0006265838647692,1070.87,25.1,14.6,6.3,15888.929646,0.2151310702,5.7,0.168,14.330120694,3.0,0.335,0.0050544432,0.7494917709,11.0,9.0,38.0,18.0,-25.0,6.0
2020-10-23,98,"-109.7516,31.8793",4003,"Arizona, Cochise",0.0745341614906832,1.23057505719019,0.016510215350635,2093,1.00615520629261,1.00380213458353,0.0348781653129479,73,0.0005758460203518,1.0,1.00171852861865,0.329730301802404,1.00817384991025,0.6732,0.9226,0.936,0.0014514475033525,1760.13,7.8,21.0,20.7,7452.3219191,0.1499584566,7.5,0.105,36.781501597,3.7,0.298,0.0394651731,0.0175514712,-18.0,-14.0,-18.0,-11.0,-25.0,5.0
2020-10-23,99,"-111.7707,35.8388",4005,"Arizona, Coconino",0.102905073649754,3.5210774637042,0.0342167527685609,4888,1.00780780313329,1.00380213458353,0.0300736497545008,147,0.001029022638498,1.00195889389618,1.00171852861865,0.329730301802404,1.00817384991025,0.6373,0.8749,0.9713,0.0021560474330435,1978.71,11.2,11.6,8.0,8704.7846364,0.1599018603,5.6,0.075,106.37638816,3.7,0.238,0.0125092752,0.2759040699,3.0,16.0,74.0,18.0,-24.0,10.0
2020-10-23,100,"-110.8133,33.8019",4007,"Arizona, Gila",0.179359823399558,6.03091540017443,0.0336246729388187,1812,1.01496985584318,1.00380213458353,0.0369757174392936,67,0.0012432964055744,1.01114135549141,1.00171852861865,0.329730301802404,1.00817384991025,0.8573,0.8093,0.6689,0.0012804097311139,1408.37,10.0,27.7,11.7,14227.288131,0.1762810473,5.8,0.153,120.09815089,3.7,0.308,0.0063463787,0.1784223125,0.0,12.0,63.0,,-15.0,4.0
2020-10-23,101,"-109.8882,32.9317",4009,"Arizona, Graham",0.162511542012927,4.62281992015129,0.0284461021222946,1083,1.01482359491899,1.00380213458353,0.0249307479224377,27,0.0007091826013868,1.00540603558491,1.00171852861865,0.329730301802404,1.00817384991025,0.8901,0.8902,0.9854,0.0012870350914057,1362.77,6.9,13.2,7.5,8634.6411647,0.1753449299,6.0,0.099,13.150366706,3.7,0.348,0.0146039084,0.1363469216,-13.0,-12.0,,,-17.0,5.0
2020-10-23,102,"-109.2405,33.215",4011,"Arizona, Greenlee",0.285714285714286,2.53084466940842,0.0088579563429294,84,1.02638809625704,1.00380213458353,0.0238095238095238,2,0.0002109037224507,1.0,1.00171852861865,0.329730301802404,1.00817384991025,0.5178,0.915,0.3537,,1469.01,4.6,12.2,6.3,7214.854883,0.1426994985,5.7,0.117,3.939573537,3.0,0.293,0.0169777497,0.041020774,,,,,-28.0,
2020-10-23,103,"-113.981,33.7285",4012,"Arizona, La Paz",0.0868852459016393,2.51208645369229,0.0289126931462698,610,1.00797688871351,1.00380213458353,0.0262295081967213,16,0.0007583657218693,1.0,1.00171852861865,0.329730301802404,1.00817384991025,0.9105,0.9051,0.7514,0.0011849464404208,1313.43,14.7,37.9,4.7,15452.452583,0.155210102,5.7,0.141,111.60841127,3.0,0.302,0.0089581951,0.1818655797,-32.0,-24.0,-61.0,-6.0,-40.0,2.0
2020-10-23,104,"-112.4918,33.3484",4013,"Arizona, Maricopa",0.0475605025607984,1.64005637041968,0.0344835794853751,152101,1.00376507015093,1.00380213458353,0.0232477104029559,3536,0.0008016642695333,1.00191339715132,1.00171852861865,0.329730301802404,1.00817384991025,0.4175,0.9274,0.7259,0.0019760480127976,2277.6,10.6,14.5,483.8,6474.4537293,0.1368639825,10.6,0.089,885.04615758,5.0,0.269,0.0546614419,0.028070492,-19.0,-12.0,-16.0,-27.0,-35.0,10.0
2020-10-23,105,"-113.7578,35.7047",4015,"Arizona, Mohave",0.0366084081247048,0.739680267239322,0.0202052016225245,4234,1.00328174365252,1.00380213458353,0.0543221539914974,230,0.001097590073968,1.0012484472292,1.00171852861865,0.329730301802404,1.00817384991025,0.7541,0.7081,0.851,0.0024910522548317,1582.79,8.9,28.8,14.9,10257.173536,0.1935284304,5.1,0.136,64.466765051,3.7,0.318,0.0107134335,0.0302123598,-8.0,-3.0,2.0,20.0,-15.0,4.0
2020-10-23,106,"-110.3219,35.3998",4017,"Arizona, Navajo",0.0558057253136057,3.14183530263932,0.056299515595998,6218,1.00227203647375,1.00380213458353,0.0379543261498874,236,0.0021368101770111,1.0,1.00171852861865,0.329730301802404,1.00817384991025,0.9599,0.9341,0.9618,0.0013943591833039,1434.36,13.2,16.9,11.1,13754.907935,0.2061197836,5.7,0.154,65.467596555,3.7,0.34,0.0080220924,0.45618181,7.0,8.0,55.0,39.0,-14.0,5.0
2020-10-23,107,"-111.789,32.0971",4019,"Arizona, Pima",0.0364231108497501,0.953734723161895,0.0261848782520574,27208,1.0025513573723,1.00380213458353,0.0233387239047339,635,0.0006111216440038,1.00045075538091,1.00171852861865,0.329730301802404,1.00817384991025,0.6061,0.9277,0.9825,0.0020787759859028,1906.62,9.2,18.7,113.5,7369.9002317,0.1491646119,7.9,0.084,1864.7979149,3.7,0.25,0.0338917477,0.0432924347,-23.0,-15.0,-21.0,-28.0,-32.0,10.0
2020-10-23,108,"-111.3449,32.9053",4021,"Arizona, Pinal",0.057325390658724,1.48500015655122,0.025904754236947,11583,1.00477664430565,1.00380213458353,0.0187343520676854,217,0.0004853087861018,1.00266141928093,1.00171852861865,0.329730301802404,1.00817384991025,0.6962,0.8962,0.8271,0.0005568750587067,1759.83,8.8,19.3,67.2,6770.1018859,0.162744735,11.7,0.128,63.831505402,4.0,0.326,0.0452187021,0.0665253233,-16.0,-8.0,-28.0,-3.0,-31.0,7.0
2020-10-23,109,"-110.8479,31.5251",4023,"Arizona, Santa Cruz",0.0242669362992922,1.54802089828213,0.063791361183376,2967,1.00155032737809,1.00380213458353,0.0219076508257499,65,0.0013975188665047,1.00221733845789,1.00171852861865,0.329730301802404,1.00817384991025,0.9497,0.9959,0.4448,0.0012040162542194,1409.74,10.2,16.9,38.9,5084.1966057,0.1457144926,7.6,0.08,167.70962414,3.3,0.269,0.0039560534,0.0140826901,-33.0,-27.0,-7.0,-6.0,-30.0,7.0
2020-10-23,110,"-112.5539,34.5993",4025,"Arizona, Yavapai",0.0594860964449138,0.728470255568056,0.0122460591483364,2841,1.00476599690736,1.00380213458353,0.030623020063358,87,0.0003750113149965,1.00165291061059,1.00171852861865,0.329730301802404,1.00817384991025,0.4411,0.6609,0.5791,0.0013621100636657,1776.33,9.8,29.8,29.0,7756.0396425,0.1706533007,5.1,0.107,63.225913506,3.7,0.23,0.0069355541,0.0212290888,-7.0,7.0,25.0,9.0,-20.0,4.0
2020-10-23,111,"-113.9067,32.769",4027,"Arizona, Yuma",0.034807994610375,2.19207271081611,0.062976127621059,13359,1.00288830003406,1.00380213458353,0.0264241335429299,353,0.0016640896062754,1.00162934519006,1.00171852861865,0.329730301802404,1.00817384991025,0.9408,0.9898,0.9796,0.0017395157640669,1555.49,12.7,18.0,36.5,6104.0695936,0.1332703585,8.0,0.141,70.884199271,3.3,0.369,0.0189178232,0.0227409866,-28.0,-21.0,-29.0,-16.0,-34.0,6.0
2020-10-23,112,"-91.3728,34.2915",5001,"Arkansas, Arkansas",0.168769716088328,6.02172322584276,0.0356801170577973,634,1.01230053787097,1.00899687246292,0.0189274447949527,12,0.0006753334458889,1.01250777270301,1.01068070264023,0.417218650717942,1.00774277238861,0.7459,0.3715,0.5368,0.0041645562496482,1359.67,6.8,18.4,18.9,11452.201205,0.200832304,10.0,0.193,39.575871715,4.0,0.306,0.244583263,0.0036017784,-20.0,,,,-19.0,
2020-10-23,113,"-91.7698,33.1915",5003,"Arkansas, Ashley",0.112621359223301,2.89334530579667,0.0256909109049187,515,1.00684083130221,1.00899687246292,0.0213592233009709,11,0.0005487379028235,,1.01068070264023,0.417218650717942,1.00774277238861,0.828,0.7415,0.49,0.0016462137084705,1266.78,7.8,19.4,22.1,9976.0433029,0.2045206693,9.6,0.152,26.062480708,4.0,0.426,0.244986531,0.0071335927,,,,,-24.0,
2020-10-23,114,"-92.3378,36.2878",5005,"Arkansas, Baxter",0.275459098497496,3.96453542853024,0.014392464979937,599,1.02439640018063,1.00899687246292,0.011686143572621,7,0.0001681924121194,1.04924143725562,1.01068070264023,0.417218650717942,1.00774277238861,0.4268,0.0729,0.3158,0.0064393666354309,1392.75,5.2,30.7,74.0,8749.738716,0.1624281588,9.7,0.17,77.132821861,4.3,0.337,0.0035080132,0.0079050434,9.0,7.0,,,-19.0,6.0
2020-10-23,115,"-94.2568,36.3364",5007,"Arkansas, Benton",0.100114635078334,2.88326094612044,0.02879959502289,7851,1.00761430623752,1.00899687246292,0.0145204432556362,114,0.0004181828853151,1.01601628385513,1.01068070264023,0.417218650717942,1.00774277238861,0.1742,0.8087,0.3136,0.0014783131822983,2305.23,8.9,13.1,321.3,6154.4418225,0.1651315672,10.4,0.09,108.4527881,5.0,0.293,0.0178938256,0.0188439077,-3.0,-4.0,55.0,-31.0,-32.0,9.0
2020-10-23,116,"-93.0937,36.3085",5009,"Arkansas, Boone",0.138917262512768,3.62860192102455,0.0261205976520811,979,1.01017883438051,1.00899687246292,0.0296220633299285,29,0.0007737459978655,1.01026070714042,1.01068070264023,0.417218650717942,1.00774277238861,0.5207,0.0637,0.46,0.0046424759871931,1435.79,6.9,20.1,65.2,8901.3027712,0.1990299442,9.4,0.145,69.004290575,5.0,0.344,0.0036286019,0.0086979723,7.0,5.0,,,-22.0,7.0
2020-10-23,117,"-92.1598,33.4676",5011,"Arkansas, Bradley",0.0547945205479452,1.83536753234835,0.0334954574653574,365,1.00601289087407,1.00899687246292,0.0219178082191781,8,0.0007341470129393,1.0,1.01068070264023,0.417218650717942,1.00774277238861,0.8761,0.8943,0.8924,0.0032118931816096,1278.54,11.0,18.4,16.2,11116.727916,0.2176763047,9.8,0.161,5.3337241966,3.3,0.464,0.2723685418,0.0152335505,,,,,-18.0,
2020-10-23,118,"-92.4997,33.556",5013,"Arkansas, Calhoun",0.191489361702128,1.70551449687322,0.0089065757058935,47,1.02330573836411,1.00899687246292,0.0,0,0.0,,1.01068070264023,0.417218650717942,1.00774277238861,0.6761,0.312,0.3747,,1262.11,9.3,20.8,7.9,12077.895228,0.2062485566,9.7,0.172,32.414230303,3.0,0.294,0.2122418041,0.0070115596,,,,,,
2020-10-23,119,"-93.5427,36.3404",5015,"Arkansas, Carroll",0.179381443298969,6.16518442405131,0.0343691315593665,970,1.00963953840468,1.00899687246292,0.0123711340206186,12,0.0004251851326931,1.0,1.01068070264023,0.417218650717942,1.00774277238861,0.5506,0.7813,0.524,0.0016653084363816,1301.49,11.1,21.9,43.6,10665.069876,0.1837273365,9.4,0.085,48.577650616,4.0,0.277,0.0054919746,0.0131807391,36.0,,,,-7.0,3.0
2020-10-23,120,"-91.2954,33.2646",5017,"Arkansas, Chicot",0.0240153698366955,2.39509484575589,0.0997317493772753,1041,1.00221518949239,1.00899687246292,0.021133525456292,22,0.0021076834642651,1.0,1.01068070264023,0.417218650717942,1.00774277238861,0.9363,0.8271,0.9863,0.0023950948457558,1145.08,9.3,19.5,16.3,13048.032258,0.2310340952,10.0,0.097,46.91200171,3.0,0.388,0.5341061506,0.0046943859,,,,,-20.0,
2020-10-23,121,"-93.1748,34.0461",5019,"Arkansas, Clark",0.147916666666667,3.21834912288654,0.0217578532251485,480,1.00990485606307,1.00899687246292,0.0083333333333333,4,0.0001813154435429,,1.01068070264023,0.417218650717942,1.00774277238861,0.5443,0.6351,0.9764,0.0011332215221431,1341.01,8.5,16.1,25.1,9843.2491694,0.1933947371,10.1,0.148,127.76573981,5.0,0.269,0.2411042111,0.006527356,-1.0,0.0,,4.0,-23.0,
2020-10-23,122,"-90.4148,36.3683",5021,"Arkansas, Clay",0.196902654867257,5.99447699872028,0.0304438607126019,452,1.01580867163583,1.00899687246292,0.0265486725663717,12,0.000808244089715,1.01250777270301,1.01068070264023,0.417218650717942,1.00774277238861,0.8029,0.0544,0.2935,0.0016838418535731,1044.03,6.5,20.8,22.0,11223.092248,0.2033319098,10.8,0.154,53.995227977,4.0,0.426,0.0074762578,0.0051188792,,,,,-14.0,
2020-10-23,123,"-92.0264,35.5386",5023,"Arkansas, Cleburne",0.147058823529412,2.6036451031444,0.0177047867013819,442,1.01221062293439,1.00899687246292,0.0339366515837104,15,0.0006008411776487,1.00990485606307,1.01068070264023,0.417218650717942,1.00774277238861,0.5102,0.0417,0.0895,0.0010014019627478,1537.78,8.2,26.5,41.6,10497.199191,0.1740939805,10.1,0.117,8.2803817401,4.3,0.366,0.0036451031,0.0074504306,13.0,,,,-10.0,3.0
2020-10-23,124,"-92.1854,33.8972",5025,"Arkansas, Cleveland",0.0845070422535211,2.24494886505363,0.0265652282364679,213,1.01048676686507,1.00899687246292,0.0610328638497653,13,0.0016213519580942,1.01150029829051,1.01068070264023,0.417218650717942,1.00774277238861,0.6401,0.383,0.2038,,1474.78,5.5,20.1,11.5,11272.989757,0.1903855979,9.8,0.171,8.0250150691,3.0,0.355,0.1146171115,0.0051134946,,,,,-17.0,
2020-10-23,125,"-93.2264,33.2123",5027,"Arkansas, Columbia",0.107946026986507,3.05901346815652,0.0283383608786166,667,1.00727506297297,1.00899687246292,0.0284857571214393,19,0.0008072396652079,1.0,1.01068070264023,0.417218650717942,1.00774277238861,0.8978,0.723,0.9538,0.0029740408718188,1286.81,7.1,16.9,31.2,8842.1078485,0.2047642494,9.8,0.163,26.943437034,5.0,0.364,0.3534435145,0.0059480817,-3.0,-24.0,,,-27.0,
2020-10-23,126,"-92.7051,35.2621",5029,"Arkansas, Conway",0.100591715976331,1.62749509358097,0.0161792159303049,338,1.00606149405306,1.00899687246292,0.0088757396449704,3,0.0001436025082571,1.0,1.01068070264023,0.417218650717942,1.00774277238861,0.6847,0.5622,0.5393,0.0016753625963333,1359.82,6.8,18.8,36.1,10156.777349,0.1900093382,10.2,0.185,63.108707046,4.0,0.368,0.113110909,0.008759753,-7.0,,,15.0,-16.0,
2020-10-23,127,"-90.6324,35.8302",5031,"Arkansas, Craighead",0.187808896210873,7.35090919139999,0.0391403673612263,4249,1.01369863202798,1.00899687246292,0.0089432807719463,38,0.0003500432948285,1.02485387013382,1.01068070264023,0.417218650717942,1.00774277238861,0.5662,0.6062,0.9058,0.0055546343889902,1734.42,8.8,13.3,162.9,8225.8015386,0.2076292084,10.8,0.139,125.16399641,5.0,0.382,0.160292194,0.0054072477,-10.0,1.0,,-11.0,-9.0,4.0
2020-10-23,128,"-94.2447,35.5893",5033,"Arkansas, Crawford",0.145144628099174,4.43175724694824,0.0305333880074441,1936,1.01021929893986,1.00899687246292,0.0129132231404959,25,0.0003942844525754,1.01842967859905,1.01068070264023,0.417218650717942,1.00774277238861,0.6121,0.5785,0.2951,0.0016244519446109,1463.68,8.1,16.1,95.0,9076.6882984,0.1900417714,10.3,0.15,161.19399498,5.0,0.352,0.0140365265,0.0255811753,0.0,-3.0,,,-19.0,5.0
2020-10-23,129,"-90.3084,35.2125",5035,"Arkansas, Crittenden",0.0973020787262273,4.55090811302801,0.0467709238343469,2261,1.00849528762107,1.00899687246292,0.0225563909774436,51,0.0010549832443837,1.0,1.01068070264023,0.417218650717942,1.00774277238861,0.893,0.6714,0.8504,0.0002275454056514,1405.43,8.4,13.3,69.9,12729.526852,0.23311338,10.1,0.196,248.02981373,4.3,0.413,0.5366141244,0.003847586,-3.0,-4.0,,-12.0,-21.0,5.0
2020-10-23,130,"-90.7719,35.2963",5037,"Arkansas, Cross",0.105924596050269,3.53801870952267,0.0334012952746462,557,1.00959072737719,1.00899687246292,0.0394973070017953,22,0.0013192612137203,1.02116420457606,1.01068070264023,0.417218650717942,1.00774277238861,0.6809,0.3512,0.4432,0.0014991604701367,1370.64,7.7,18.0,26.4,12126.283771,0.2048800941,10.2,0.169,103.95854688,4.0,0.389,0.2272127609,0.0041376829,,,,,-14.0,
2020-10-23,131,"-92.6517,33.9704",5039,"Arkansas, Dallas",0.0224719101123595,0.556947925368978,0.0247841826789195,178,1.00080515506607,1.00899687246292,0.0280898876404494,5,0.0006961849067112,1.0,1.01068070264023,0.417218650717942,1.00774277238861,0.6662,0.7058,0.7421,0.0034809245335561,1036.71,6.5,21.3,12.2,10401.357108,0.1921190612,9.9,0.077,85.39780124,3.0,0.385,0.4121414648,0.0062656642,,,,,,
2020-10-23,132,"-91.255,33.8301",5041,"Arkansas, Desha",0.134715025906736,4.51702571230021,0.0335302293259208,386,1.01121984525649,1.00899687246292,0.0181347150259067,7,0.0006080611535788,1.0,1.01068070264023,0.417218650717942,1.00774277238861,0.9726,0.9124,0.375,0.0043432939541348,1001.41,6.3,18.1,16.8,13312.826,0.2425184846,10.0,0.138,70.739118581,4.0,0.379,0.4689020153,0.0042564281,,,,,-21.0,
2020-10-23,133,"-91.7178,33.5904",5043,"Arkansas, Drew",0.107913669064748,2.45525971191619,0.0227520733304234,417,1.01072301651152,1.00899687246292,0.0167865707434053,7,0.0003819292885202,1.0,1.01068070264023,0.417218650717942,1.00774277238861,0.7424,0.391,0.9456,0.002673505019642,1192.62,5.5,16.7,21.6,11207.960123,0.2083169978,9.8,0.194,69.636845371,4.0,0.408,0.2784810127,0.005510694,-26.0,-1.0,,,-20.0,
2020-10-23,134,"-92.3372,35.1472",5045,"Arkansas, Faulkner",0.119713930348259,3.08478759034021,0.0257679919234652,3216,1.00816730726549,1.00899687246292,0.0093283582089552,30,0.0002403730589875,1.01516534655549,1.01068070264023,0.417218650717942,1.00774277238861,0.4334,0.5244,0.7568,0.0020591958719933,1753.93,8.8,11.8,169.0,7859.0470356,0.2053501532,10.6,0.096,125.72258627,5.0,0.352,0.1200182684,0.0067945451,-17.0,-9.0,,,-35.0,7.0
2020-10-23,135,"-93.893,35.512",5047,"Arkansas, Franklin",0.25360824742268,6.90623245367771,0.0272318921953958,485,1.01433744894633,1.00899687246292,0.0041237113402061,2,0.0001122964626614,1.0,1.01068070264023,0.417218650717942,1.00774277238861,0.7041,0.2677,0.5495,0.0014037057832678,1246.9,5.5,18.9,27.9,12539.556948,0.2115018395,9.8,0.131,37.770868135,3.3,0.34,0.0088714206,0.014317799,,,,-4.0,-9.0,
2020-10-23,136,"-91.8173,36.3818",5049,"Arkansas, Fulton",0.287625418060201,7.00953622952156,0.0243703643328715,299,1.0218594183894,1.00899687246292,0.0301003344481605,9,0.0007335561170429,1.01696850489722,1.01068070264023,0.417218650717942,1.00774277238861,0.8551,0.1741,0.4642,0.0020376558806748,1191.32,12.1,25.3,17.3,11065.247878,0.2001211507,9.7,0.139,38.661277702,3.0,0.277,0.0063574863,0.0078245986,,,,,-11.0,
2020-10-23,137,"-93.1492,34.5769",5051,"Arkansas, Garland",0.114957264957265,2.71295157028461,0.0235996530649293,2340,1.00845987109275,1.00899687246292,0.0264957264957265,62,0.0006252899530024,1.01208430616964,1.01068070264023,0.417218650717942,1.00774277238861,0.6376,0.6049,0.8313,0.0058898279444097,1628.53,10.5,22.8,135.6,11022.944828,0.1941584472,9.9,0.151,188.39782278,5.0,0.295,0.0853117373,0.0076245033,-4.0,-9.0,80.0,,-20.0,4.0
2020-10-23,138,"-92.4232,34.2902",5053,"Arkansas, Grant",0.163323782234957,3.13393446228282,0.0191884759181878,349,1.00846623347156,1.00899687246292,0.0114613180515759,4,0.0002199252254233,1.0,1.01068070264023,0.417218650717942,1.00774277238861,0.5051,0.1277,0.2566,,1523.71,4.8,17.2,23.4,8195.8458061,0.1822224582,10.0,0.166,54.445212955,4.3,0.357,0.0267758962,0.0052232241,,,,,-20.0,
2020-10-23,139,"-90.5583,36.1174",5055,"Arkansas, Greene",0.230653643876784,6.77330391616106,0.0293656922228351,1331,1.01551692123779,1.00899687246292,0.0120210368144252,16,0.0003530060672917,1.00926242190831,1.01068070264023,0.417218650717942,1.00774277238861,0.7016,0.1515,0.3843,0.0028461114175399,1471.45,7.7,15.6,77.0,10790.047092,0.1962221677,10.8,0.146,106.99447927,5.0,0.364,0.0178268064,0.0061114175,-11.0,3.0,,,-16.0,4.0
2020-10-23,140,"-93.6694,33.7333",5057,"Arkansas, Hempstead",0.171102661596958,4.13964399061681,0.0241939193229382,526,1.01106607958655,1.00899687246292,0.0095057034220532,5,0.0002299802217009,1.0,1.01068070264023,0.417218650717942,1.00774277238861,0.8382,0.914,0.6861,0.0036336875028747,1252.18,9.1,17.6,30.7,9327.654825,0.2217665818,10.1,0.184,47.732149899,4.0,0.291,0.2963525137,0.0069913987,-6.0,,,,-17.0,
2020-10-23,141,"-92.954,34.3171",5059,"Arkansas, Hot Spring",0.0708333333333333,4.53992463131658,0.064093053618587,2160,1.00499240144486,1.00899687246292,0.0148148148148148,32,0.0009495267202753,1.00926242190831,1.01068070264023,0.417218650717942,1.00774277238861,0.7984,0.4043,0.8462,0.0029672710008605,1314.86,7.1,18.3,47.6,11697.110546,0.2033352685,10.2,0.178,57.209045515,4.3,0.361,0.1113913534,0.0064389781,-14.0,-12.0,,-3.0,-18.0,3.0
2020-10-23,142,"-93.9935,34.0901",5061,"Arkansas, Howard",0.0809352517985611,3.37306049021812,0.0416760362791395,556,1.00632345269985,1.00899687246292,0.0251798561151079,14,0.0010493965969567,1.02226578920968,1.01068070264023,0.417218650717942,1.00774277238861,0.7443,0.8631,0.6581,0.0014991379956525,1368.43,8.6,17.5,26.2,10576.887689,0.2185560495,10.0,0.129,41.980221844,3.3,0.445,0.2053069485,0.0156659921,,,,,-14.0,
2020-10-23,143,"-91.57,35.7424",5063,"Arkansas, Independence",0.110721793973371,4.19342852593025,0.0378735601677371,1427,1.00774258583315,1.00899687246292,0.0294323756131745,42,0.001114708848665,1.02638809625704,1.01068070264023,0.417218650717942,1.00774277238861,0.6344,0.5552,0.6326,0.0052815966877222,1454.13,8.7,17.2,51.7,9088.7589617,0.19872211,10.2,0.138,70.285879284,5.0,0.286,0.0220287701,0.0081214502,-11.0,8.0,,,-21.0,5.0
2020-10-23,144,"-91.9085,36.096",5065,"Arkansas, Izard",0.449090909090909,18.1711174869418,0.0404620025012874,550,1.04995193645835,1.00899687246292,0.0018181818181818,1,7.35672772750681e-05,1.0,1.01068070264023,0.417218650717942,1.00774277238861,0.8328,0.1184,0.4629,0.0018391819318767,1271.96,6.2,24.9,22.0,11560.772389,0.1966108929,9.8,0.131,19.272506039,3.0,0.345,0.0206724049,0.0086073714,,,,,-17.0,
2020-10-23,145,"-91.2149,35.598",5067,"Arkansas, Jackson",0.281155015197568,11.0046993040271,0.0391410386056749,658,1.01694090887779,1.00899687246292,0.0091185410334346,6,0.000356909166617,1.02638809625704,1.01068070264023,0.417218650717942,1.00774277238861,0.8968,0.2865,0.7084,0.0079114865266789,1112.52,7.7,17.3,24.8,11656.854031,0.2209812435,10.2,0.238,21.786695873,4.0,0.43,0.1749449765,0.0072571531,,,,,-14.0,
2020-10-23,146,"-91.9262,34.2677",5069,"Arkansas, Jefferson",0.0964566929133858,5.75505769738967,0.0596646798015092,4064,1.00604926973356,1.00899687246292,0.0248523622047244,101,0.001482808233256,1.00578948585968,1.01068070264023,0.417218650717942,1.00774277238861,0.8803,0.6457,0.9812,0.0073112722788266,1282.45,6.8,16.3,80.9,12661.118655,0.2133182297,10.4,0.159,93.505251671,5.0,0.408,0.5676953343,0.0041547993,-19.0,-6.0,,22.0,-22.0,6.0
2020-10-23,147,"-93.4604,35.5676",5071,"Arkansas, Johnson",0.0819672131147541,2.99154887442974,0.0364968962680428,976,1.00707546329948,1.00899687246292,0.0071721311475409,7,0.0002617605265126,,1.01068070264023,0.417218650717942,1.00774277238861,0.7838,0.7647,0.7625,0.0029915488744297,1161.21,11.1,16.0,39.5,9636.5670427,0.2075246524,9.8,0.129,64.006236108,4.0,0.395,0.016677885,0.011704435,-10.0,,,,-22.0,5.0
2020-10-23,148,"-93.6068,33.2412",5073,"Arkansas, Lafayette",0.169811320754717,4.04070637533673,0.0237952708769829,159,1.01325427796728,1.00899687246292,0.0188679245283019,3,0.0004489673750374,1.0,1.01068070264023,0.417218650717942,1.00774277238861,0.7271,0.5307,0.6367,,1218.42,8.2,22.8,12.5,10166.591113,0.2014548405,9.7,0.29,42.457391891,3.0,0.462,0.3590242442,0.0056869201,,,,,,
2020-10-23,149,"-91.1087,36.0419",5075,"Arkansas, Lawrence",0.287206266318538,13.3868808567604,0.046610685164902,766,1.01441029442181,1.00899687246292,0.0221932114882507,17,0.0010344407934769,1.02812481341586,1.01068070264023,0.417218650717942,1.00774277238861,0.7978,0.0901,0.5613,0.0015212364609955,1170.96,6.6,19.2,27.6,11413.883355,0.1939464182,10.4,0.093,32.2152993,4.0,0.323,0.0118047949,0.0059023975,,,,,-24.0,
2020-10-23,150,"-90.7838,34.785",5077,"Arkansas, Lee",0.0136116152450091,1.669449081803,0.122648859209794,1102,1.00104139998521,1.00899687246292,0.0163339382940109,18,0.0020033388981636,1.0,1.01068070264023,0.417218650717942,1.00774277238861,0.9898,0.7698,0.9077,,969.73,7.2,18.4,12.7,10547.999744,0.2477022901,10.1,0.164,48.938624148,3.0,0.394,0.538786867,0.0058987201,,,,,,
2020-10-23,151,"-91.74,33.9532",5079,"Arkansas, Lincoln",0.0829694323144105,14.1971157438541,0.171112605544347,2290,1.00825072233213,1.00899687246292,0.0074235807860262,17,0.0012702682507659,1.0,1.01068070264023,0.417218650717942,1.00774277238861,0.7277,0.639,0.9873,,1250.05,7.4,14.6,16.9,9839.7588972,0.2246742069,10.0,0.155,28.909434797,3.3,0.326,0.3025480087,0.005305238,,,,,-12.0,
2020-10-23,152,"-94.2347,33.7038",5081,"Arkansas, Little River",0.125,4.38098328736005,0.0350478662988804,432,1.00961892594418,1.00899687246292,0.087962962962963,38,0.0030829141651793,1.03936807080464,1.01068070264023,0.417218650717942,1.00774277238861,0.6643,0.3505,0.4187,0.0020282330034074,1166.17,6.2,20.4,21.2,10228.892193,0.2106474717,10.1,0.208,51.841150638,3.0,0.378,0.1960895668,0.0166315106,,,,,-20.0,
2020-10-23,153,"-93.7195,35.2141",5083,"Arkansas, Logan",0.153439153439153,4.00239223443897,0.0260845562865161,567,1.01243821800137,1.00899687246292,0.0052910052910052,3,0.0001380135253254,1.05963402266705,1.01068070264023,0.417218650717942,1.00774277238861,0.8475,0.4132,0.4763,0.0018861848461149,1227.05,6.6,19.2,28.4,9882.1879139,0.2039945618,9.9,0.18,54.188050174,3.3,0.328,0.0141233841,0.0115931361,,,,,-14.0,1.0
2020-10-23,154,"-91.8874,34.7539",5085,"Arkansas, Lonoke",0.155363748458693,3.42126342370718,0.0220209891795756,1622,1.01239432644827,1.00899687246292,0.0160295930949445,26,0.0003529874960967,1.03819186552583,1.01068070264023,0.417218650717942,1.00774277238861,0.3634,0.4556,0.2334,,1774.39,7.6,12.8,70.1,9809.0341076,0.1858597272,10.7,0.128,56.378931857,5.0,0.43,0.0623294459,0.0070869028,-8.0,-2.0,,,-24.0,5.0
2020-10-23,155,"-93.7252,36.0104",5087,"Arkansas, Madison",0.0789473684210526,2.00230568533463,0.0253625386809053,418,1.0034651695984,1.00899687246292,0.0143540669856459,6,0.0003640555791517,1.0,1.01068070264023,0.417218650717942,1.00774277238861,0.7564,0.5256,0.3792,,1401.98,10.3,18.4,17.1,12677.619359,0.2081386831,9.2,0.121,11.180431103,3.3,0.347,0.0041259632,0.0169285844,,,,,-12.0,
2020-10-23,156,"-92.6845,36.2684",5089,"Arkansas, Marion",0.205673758865248,1.7342423155125,0.00843200574094,141,1.02089222766924,1.00899687246292,0.0141843971631206,2,0.0001196029183112,1.0,1.01068070264023,0.417218650717942,1.00774277238861,0.8318,0.0573,0.311,,1160.59,5.7,27.4,25.9,10926.865559,0.1992201061,9.4,0.17,14.808921452,3.7,0.288,0.0053223299,0.0094486305,,,,,-13.0,
2020-10-23,157,"-93.8929,33.314",5091,"Arkansas, Miller",0.209284028324154,6.10203707102221,0.0291567260047715,1271,1.01732620968086,1.00899687246292,0.011801730920535,15,0.000344099834832,1.00990485606307,1.01068070264023,0.417218650717942,1.00774277238861,0.8051,0.3792,0.9822,,1430.69,9.4,16.0,62.3,11702.840158,0.214787182,10.1,0.123,168.40802724,4.3,0.343,0.2484400807,0.008418976,-4.0,-9.0,,-3.0,-17.0,3.0
2020-10-23,158,"-90.0519,35.7627",5093,"Arkansas, Mississippi",0.156716417910448,8.14762724605349,0.0519896214748175,2144,1.01408767147575,1.00899687246292,0.0307835820895522,66,0.0016004267804747,1.02116420457606,1.01068070264023,0.417218650717942,1.00774277238861,0.9369,0.7638,0.7574,0.0046800358883581,1267.73,7.4,14.1,53.8,13687.333206,0.2364471247,10.7,0.173,65.742723806,4.0,0.409,0.3542035452,0.0044860448,-14.0,-17.0,,4.0,-19.0,4.0
2020-10-23,159,"-91.2054,34.6816",5095,"Arkansas, Monroe",0.199029126213592,5.94202898550725,0.0298550724637681,206,1.01161726179102,1.00899687246292,0.0048543689320388,1,0.0001449275362318,,1.01068070264023,0.417218650717942,1.00774277238861,0.9003,0.4706,0.4244,,1032.3,8.9,22.4,12.4,19434.797962,0.2224046123,10.1,0.172,76.45372658,3.7,0.385,0.3960869565,0.0069565217,,,,,-17.0,
2020-10-23,160,"-93.6582,34.537",5097,"Arkansas, Montgomery",0.0607734806629834,1.23263110712685,0.0202823845809054,181,1.00319757260524,1.00899687246292,0.0441988950276243,8,0.0008964589870013,1.0,1.01068070264023,0.417218650717942,1.00774277238861,0.7943,0.4578,0.5091,,1159.65,10.2,26.6,10.9,7411.6517913,0.1847042663,9.5,0.188,23.137403493,3.0,0.29,0.0045943523,0.0133348274,,,,,-6.0,
2020-10-23,161,"-93.3063,33.6634",5099,"Arkansas, Nevada",0.157342657342657,5.40475618544319,0.0343502282008167,286,1.01426706669497,1.00899687246292,0.048951048951049,14,0.0016814797021378,1.0,1.01068070264023,0.417218650717942,1.00774277238861,0.799,0.377,0.8227,,1097.37,9.4,19.9,13.2,10608.889699,0.2128582266,10.0,0.141,21.118826702,3.3,0.356,0.3068700456,0.0040835936,,,,9.0,-11.0,
2020-10-23,162,"-93.2161,35.9195",5101,"Arkansas, Newton",0.0958904109589041,3.58744394618834,0.0374119154388213,292,1.0065272129305,1.00899687246292,0.0684931506849315,20,0.0025624599615631,1.00735452613864,1.01068070264023,0.417218650717942,1.00774277238861,0.5739,0.0614,0.1506,,1036.26,5.0,24.6,8.8,9295.9933472,0.1900781447,8.9,0.109,15.190784911,3.0,0.32,0.0051249199,0.0128122998,,,,,,
2020-10-23,163,"-92.878,33.5884",5103,"Arkansas, Ouachita",0.179487179487179,2.6688130136406,0.0148691010759976,351,1.01604061083433,1.00899687246292,0.0256410256410256,9,0.0003812590019486,1.03655432261531,1.01068070264023,0.417218650717942,1.00774277238861,0.8366,0.5078,0.6816,0.0042362111327628,1164.17,7.1,19.1,32.2,10901.718611,0.2284547864,9.9,0.151,30.984247611,4.0,0.381,0.398034398,0.0046598322,-5.0,,,,-17.0,
2020-10-23,164,"-92.9437,34.9459",5105,"Arkansas, Perry",0.151515151515152,1.93199381761978,0.0127511591962906,132,1.01131798026064,1.00899687246292,0.0,0,0.0,,1.01068070264023,0.417218650717942,1.00774277238861,0.7831,0.1041,0.6406,,1459.15,5.1,19.0,14.0,8988.6262552,0.1891697361,10.0,0.149,23.383036184,3.0,0.333,0.0202859351,0.0096599691,,,,,-17.0,
2020-10-23,165,"-90.848,34.4327",5107,"Arkansas, Phillips",0.171830985915493,6.7668755893283,0.0393809972821565,710,1.010268235949,1.00899687246292,0.0225352112676056,16,0.0008874590936824,1.00926242190831,1.01068070264023,0.417218650717942,1.00774277238861,0.9761,0.5677,0.362,0.0085972599700482,1003.54,8.4,17.6,27.0,14527.699697,0.2435440722,10.2,0.187,47.122713953,3.7,0.428,0.6143990238,0.0036053026,,,,,-26.0,
2020-10-23,166,"-93.6579,34.1625",5109,"Arkansas, Pike",0.0653846153846154,1.59280427246322,0.0243605359317905,260,1.00390648798008,1.00899687246292,0.0038461538461538,1,9.3694368968425e-05,,1.01068070264023,0.417218650717942,1.00774277238861,0.6471,0.588,0.4572,,1182.4,9.1,20.1,17.3,7648.6221257,0.2006153685,9.8,0.143,46.126110955,4.0,0.336,0.0327930291,0.0115244074,,,,,-19.0,
2020-10-23,167,"-90.6627,35.5743",5111,"Arkansas, Poinsett",0.223804679552391,9.17660799199132,0.0410027529823976,983,1.01793281110352,1.00899687246292,0.017293997965412,17,0.0007091015266538,1.01804126125684,1.01068070264023,0.417218650717942,1.00774277238861,0.8519,0.3053,0.5785,,1126.29,11.3,17.5,28.0,13236.952446,0.2181181141,10.5,0.209,50.678286802,4.0,0.417,0.0821306415,0.0040877617,4.0,,,,-8.0,
2020-10-23,168,"-94.2273,34.4825",5113,"Arkansas, Polk",0.116959064327485,1.99511197565963,0.0170582073918899,342,1.00731024097866,1.00899687246292,0.0146198830409357,5,0.0002493889969574,1.03239118471,1.01068070264023,0.417218650717942,1.00774277238861,0.9029,0.5196,0.646,0.0032420569604469,1148.31,10.5,22.2,23.9,8879.6352119,0.2048396333,9.4,0.131,47.302929272,4.0,0.336,0.0051872911,0.0211980647,,,,,-14.0,
2020-10-23,169,"-93.0321,35.4487",5115,"Arkansas, Pope",0.118336483931947,4.890625,0.041328125,2645,1.00982695835162,1.00899687246292,0.0139886578449905,37,0.000578125,1.00392180941666,1.01068070264023,0.417218650717942,1.00774277238861,0.7522,0.6711,0.7437,0.00265625,1494.91,8.6,15.1,79.7,8349.3087099,0.1938562868,10.2,0.111,102.81845487,5.0,0.344,0.031703125,0.0095,-11.0,0.0,,12.0,-20.0,4.0
2020-10-23,170,"-91.5516,34.8362",5117,"Arkansas, Prairie",0.13,3.22021302947733,0.024770869457518,200,1.01042116787884,1.00899687246292,0.02,4,0.0004954173891503,1.0,1.01068070264023,0.417218650717942,1.00774277238861,0.708,0.2174,0.695,,1198.6,7.8,22.9,10.4,10020.276129,0.185468038,10.2,0.148,20.309337116,3.0,0.444,0.1171662125,0.0042110478,,,,,-20.0,
2020-10-23,171,"-92.3136,34.7705",5119,"Arkansas, Pulaski",0.117979973878973,3.45064683711928,0.0292477335234797,11485,1.00799916321407,1.00899687246292,0.0174140182847192,200,0.0005093205663644,1.00811422207904,1.01068070264023,0.417218650717942,1.00774277238861,0.3889,0.8481,0.631,0.0079810532749312,1966.3,7.9,14.5,586.5,9585.9652792,0.1818088941,10.8,0.119,301.09458541,5.0,0.332,0.3720561271,0.0045023938,-14.0,-9.0,36.0,-14.0,-27.0,8.0
2020-10-23,172,"-91.0246,36.3416",5121,"Arkansas, Randolph",0.191626409017713,6.63026521060842,0.0345999554267885,621,1.0133362888662,1.00899687246292,0.0386473429951691,24,0.0013371963449966,1.00609846529734,1.01068070264023,0.417218650717942,1.00774277238861,0.6898,0.2706,0.4858,0.002785825718743,1155.7,7.3,19.8,25.5,12389.908806,0.2048611877,10.2,0.188,23.181945377,4.0,0.35,0.0099175396,0.0061288166,-20.0,,,,-12.0,
2020-10-23,173,"-90.7483,35.022",5123,"Arkansas, St. Francis",0.0607866507747318,4.00959157199575,0.0659617123314596,1678,1.00362776014538,1.00899687246292,0.0059594755661501,10,0.0003930972129407,1.01516534655549,1.01068070264023,0.417218650717942,1.00774277238861,0.9462,0.6428,0.9908,0.0046385471127009,1090.48,8.6,15.2,38.2,11658.675784,0.2412771764,10.2,0.183,29.253052473,4.0,0.429,0.5228586029,0.0078619443,-8.0,4.0,,7.0,-14.0,
2020-10-23,174,"-92.6758,34.6492",5125,"Arkansas, Saline",0.125881916078723,2.79193879147759,0.0221790299865756,2693,1.00947318431953,1.00899687246292,0.0107686594875603,29,0.0002388384216898,1.00502563202403,1.01068070264023,0.417218650717942,1.00774277238861,0.1844,0.5524,0.3257,0.0013753798766276,2000.32,6.0,17.2,125.2,8220.1882369,0.1649051872,10.6,0.127,115.56044797,5.0,0.302,0.0788908014,0.0062756854,-10.0,-4.0,5.0,7.0,-28.0,8.0
2020-10-23,175,"-94.0632,34.8559",5127,"Arkansas, Scott",0.313513513513514,5.62069968020157,0.0179280938075395,185,1.03956194661427,1.00899687246292,0.0054054054054054,1,9.69086151758891e-05,1.0,1.01068070264023,0.417218650717942,1.00774277238861,0.9608,0.4877,0.5731,0.0023258067642213,1136.22,10.0,19.9,12.5,12623.695743,0.20044697,9.4,0.182,18.894057563,3.0,0.384,0.0059114255,0.0270375036,,,,,-19.0,
2020-10-23,176,"-92.6994,35.9109",5129,"Arkansas, Searcy",0.120218579234973,2.76451369690877,0.0229957275697411,183,1.00973603209634,1.00899687246292,0.0054644808743169,1,0.0001256597134958,1.0,1.01068070264023,0.417218650717942,1.00774277238861,0.6666,0.2057,0.2623,,1197.99,6.5,24.8,10.7,10573.299252,0.1992464737,9.3,0.163,29.019390884,3.0,0.323,0.0037697914,0.0157074642,,,,,-18.0,
2020-10-23,177,"-94.2716,35.1961",5131,"Arkansas, Sebastian",0.119802828975568,4.37563110063952,0.0365236041423685,4666,1.00753971297526,1.00899687246292,0.0192884697813973,90,0.0007044844348077,1.00485482547268,1.01068070264023,0.417218650717942,1.00774277238861,0.672,0.8351,0.6998,0.006810016203142,1498.5,10.4,15.2,270.6,9227.6523077,0.2164901995,10.6,0.124,193.67410751,5.0,0.311,0.0659475707,0.0240777125,-8.0,-6.0,45.0,-50.0,-20.0,4.0
2020-10-23,178,"-94.2425,33.9978",5133,"Arkansas, Sevier",0.0614911606456572,4.66771690296984,0.0759087461345469,1301,1.0061897606216,1.00899687246292,0.0122982321291314,16,0.0009335433805939,,1.01068070264023,0.417218650717942,1.00774277238861,0.8341,0.936,0.3432,0.0020421261450493,1292.55,16.8,14.1,26.9,9175.4758567,0.1956147979,9.9,0.144,52.713732427,3.3,0.333,0.0367582706,0.0332574829,,,,,-19.0,
2020-10-23,179,"-91.4782,36.1626",5135,"Arkansas, Sharp",0.182098765432099,3.39744327997236,0.0186571461476448,324,1.01596359138055,1.00899687246292,0.0308641975308642,10,0.0005758378440631,1.01516534655549,1.01068070264023,0.417218650717942,1.00774277238861,0.764,0.1057,0.3365,,1122.87,6.3,25.7,27.0,11446.507973,0.2108887981,10.0,0.195,37.322736398,4.0,0.378,0.008292065,0.0100195785,,,,,-12.0,
2020-10-23,180,"-92.1568,35.8625",5137,"Arkansas, Stone",0.048469387755102,1.52524684916111,0.0314682507826925,392,1.00073099571392,1.00899687246292,0.0535714285714286,21,0.0016857991490728,1.01440033702014,1.01068070264023,0.417218650717942,1.00774277238861,0.8752,0.0751,0.192,0.0020069037488962,1174.89,7.6,26.4,21.1,11002.307183,0.2045945154,9.6,0.212,16.139278383,3.7,0.389,0.0036927029,0.0093120334,,,,,-5.0,
2020-10-23,181,"-92.5975,33.1689",5139,"Arkansas, Union",0.106363636363636,2.99033890507591,0.0281142973981496,1100,1.00680488449299,1.00899687246292,0.0445454545454545,49,0.0012523641568266,1.00597099810744,1.01068070264023,0.417218650717942,1.00774277238861,0.7646,0.6934,0.503,0.0042427030619025,1407.9,7.5,16.9,40.5,12070.751567,0.1992321164,9.8,0.136,70.514204189,5.0,0.346,0.3263303174,0.0054439503,-14.0,-14.0,,,-21.0,5.0
2020-10-23,182,"-92.513,35.581",5141,"Arkansas, Van Buren",0.117647058823529,1.44552189363368,0.0122869360958863,204,1.00500049884321,1.00899687246292,0.0147058823529412,3,0.0001806902367042,1.0,1.01068070264023,0.417218650717942,1.00774277238861,0.7892,0.1086,0.7342,0.001505751972535,1201.55,9.6,25.3,23.5,9814.6571344,0.1899563214,9.8,0.154,28.112284343,4.0,0.372,0.0060230079,0.0099981931,,,,,-13.0,
2020-10-23,183,"-94.218,35.9768",5143,"Arkansas, Washington",0.0836111361383908,3.91625626157891,0.0468389313009314,11099,1.00574144917851,1.00899687246292,0.0131543382286692,146,0.0006161351446018,1.01784219175802,1.01068070264023,0.417218650717942,1.00774277238861,0.5108,0.8348,0.8825,0.0031650777976122,1817.73,11.6,11.1,250.4,6999.6936662,0.1897260097,9.9,0.089,178.7460088,5.0,0.298,0.0337566097,0.0155721828,-12.0,-12.0,36.0,0.0,-28.0,8.0
2020-10-23,184,"-91.7491,35.2569",5145,"Arkansas, White",0.231277533039648,4.00116859527227,0.0173002908786058,1362,1.01466941772507,1.00899687246292,0.0234948604992658,32,0.0004064679207895,1.0,1.01068070264023,0.417218650717942,1.00774277238861,0.6717,0.4973,0.8523,0.0060843166893187,1507.99,8.3,15.8,74.5,9374.0162595,0.1934556732,10.5,0.134,69.602736827,5.0,0.314,0.0445590458,0.0065542952,-6.0,-15.0,,-17.0,-19.0,4.0
2020-10-23,185,"-91.2439,35.189",5147,"Arkansas, Woodruff",0.356435643564356,5.54699537750385,0.0155624036979969,101,1.03571923136469,1.00899687246292,0.0,0,0.0,,1.01068070264023,0.417218650717942,1.00774277238861,0.9315,0.3346,0.4836,,1079.77,6.0,22.3,11.0,12034.625501,0.2144540376,10.1,0.268,23.868656732,3.0,0.421,0.2593220339,0.0057010786,,,,,,
2020-10-23,186,"-93.4117,35.0029",5149,"Arkansas, Yell",0.0315789473684211,1.95031344323195,0.061759925702345,1330,1.00293424565203,1.00899687246292,0.0225563909774436,30,0.0013930810308799,1.0,1.01068070264023,0.417218650717942,1.00774277238861,0.7494,0.8332,0.5521,0.0035291386115625,1242.74,7.9,17.0,20.9,11024.784941,0.2080752636,10.1,0.141,67.953850145,4.0,0.377,0.0156025075,0.010866032,,,,,-16.0,
2020-10-23,187,"-121.8929,37.6463",6001,"California, Alameda",0.0462153819399157,0.637766963671282,0.0137998851659484,23001,1.00398175158463,1.00412575947997,0.0198252249902178,456,0.000273585828254,1.00742098309494,1.00364741136349,0.401841163817975,1.00625174063984,0.2548,0.9806,0.916,0.0024562727650707,3505.5,4.4,13.1,2147.5,4408.5910489,0.0973271034,10.4,0.069,1620.6797066,4.3,0.194,0.1029054695,0.0107832414,-35.0,-13.0,-1.0,-59.0,-47.0,18.0
2020-10-23,188,"-119.8224,38.5968",6003,"California, Alpine",0.333333333333333,0.908265213442325,0.0027247956403269,3,1.0,1.00412575947997,0.0,0,0.0,,1.00364741136349,0.401841163817975,1.00625174063984,0.6672,0.609,0.7055,,2047.19,8.9,25.6,2.0,32794.17792,0.1445512374,5.6,0.067,4.8948196451,,0.23,0.0009082652,0.2388737511,,,,,,
2020-10-23,189,"-120.657,38.4458",6005,"California, Amador",0.0731707317073171,0.533224995556458,0.0072874082726049,287,1.00769807174401,1.00412575947997,0.0557491289198606,16,0.0004062666632811,1.0,1.00364741136349,0.401841163817975,1.00625174063984,0.3901,0.6192,0.751,0.0013203666556636,2070.71,4.7,26.3,60.5,6363.8656948,0.1083218967,8.9,0.138,50.4993426,3.7,0.297,0.0251123581,0.0231825915,-5.0,-3.0,,,-22.0,7.0
2020-10-23,190,"-121.6005,39.6673",6007,"California, Butte",0.0405940594059406,0.531878091811672,0.013102362749507,3030,1.00344151635562,1.00412575947997,0.0171617161716172,52,0.0002248590306846,1.00561868495366,1.00364741136349,0.401841163817975,1.00625174063984,0.6583,0.7953,0.9484,0.0023177777009029,1829.79,6.2,17.7,127.6,7784.4961042,0.1376832727,8.9,0.098,240.57942353,3.7,0.272,0.0153336562,0.0247690871,-17.0,-3.0,-3.0,,-22.0,7.0
2020-10-23,191,"-120.5529,38.2054",6009,"California, Calaveras",0.0294985250737463,0.219288627691768,0.0074338844787509,339,1.00341750239108,1.00412575947997,0.0501474926253687,17,0.000372790667076,1.00869827228079,1.00364741136349,0.401841163817975,1.00625174063984,0.314,0.5135,0.063,0.0010525854129204,2155.21,4.4,27.0,40.8,7345.8857981,0.1095193564,9.0,0.117,17.59655406,3.7,0.305,0.0082452524,0.0193851147,-17.0,18.0,,,-17.0,6.0
2020-10-23,192,"-122.2332,39.1788",6011,"California, Colusa",0.0145719489981785,0.369907985388635,0.025384935497295,549,1.00104520968651,1.00412575947997,0.0109289617486339,6,0.0002774309890414,1.0,1.00364741136349,0.401841163817975,1.00625174063984,0.5898,0.9847,0.4228,0.0022194479123318,1921.46,9.8,13.8,19.7,6556.2787052,0.1221725592,8.7,0.21,152.92216792,3.7,0.405,0.0095713691,0.0277430989,2.0,,,-4.0,-23.0,
2020-10-23,193,"-121.929,37.9192",6013,"California, Contra Costa",0.050779340683213,0.812891502892937,0.0160083114895911,18413,1.00368468787352,1.00412575947997,0.0130342692662793,240,0.0002086566424538,1.00362337833333,1.00364741136349,0.401841163817975,1.00625174063984,0.2478,0.9564,0.4795,0.001504936033698,3652.81,5.1,15.0,1328.9,4623.5095352,0.0994058713,11.6,0.088,1015.8096979,4.3,0.24,0.0873010698,0.0101772277,-27.0,-9.0,-11.0,-51.0,-41.0,14.0
2020-10-23,194,"-123.8974,41.7423",6015,"California, Del Norte",0.0617977528089888,0.395285324133966,0.0063964352450769,178,1.00407857423666,1.00412575947997,0.0056179775280898,1,3.59350294667242e-05,1.0,1.00364741136349,0.401841163817975,1.00625174063984,0.8787,0.8017,0.9968,0.0017608164438694,1450.62,6.5,16.7,25.9,8954.9014012,0.151322448,8.5,0.102,57.394244118,3.7,0.344,0.032916487,0.0932154664,0.0,17.0,,,-14.0,4.0
2020-10-23,195,"-120.5233,38.7797",6017,"California, El Dorado",0.0581039755351682,0.398577706919519,0.0068597321138254,1308,1.00410773669273,1.00412575947997,0.0030581039755351,4,2.09777740483957e-05,1.0,1.00364741136349,0.401841163817975,1.00625174063984,0.171,0.6937,0.2209,0.0011747553467101,2885.28,4.6,19.7,97.2,5164.5473544,0.1122036068,9.3,0.082,113.89489814,3.7,0.225,0.0088998206,0.0133313754,-11.0,-7.0,90.0,-14.0,-31.0,8.0
2020-10-23,196,"-119.6467,36.7573",6019,"California, Fresno",0.0415127934581905,1.26609010458568,0.0304987932421561,30328,1.00323511497847,1.00412575947997,0.014178317066737,430,0.0004324215607401,1.00200940951369,1.00364741136349,0.401841163817975,1.00625174063984,0.9242,0.9892,0.844,0.0021007642799678,1949.16,8.3,11.7,165.7,7006.6159427,0.1335890782,15.3,0.108,335.74169988,4.0,0.314,0.0463907884,0.0297023331,-19.0,-8.0,-18.0,-29.0,-31.0,8.0
2020-10-23,197,"-122.3938,39.5988",6021,"California, Glenn",0.044478527607362,1.03397867864656,0.0232466930509502,652,1.00310570969452,1.00412575947997,0.004601226993865,3,0.0001069633115841,1.0,1.00364741136349,0.401841163817975,1.00625174063984,0.8646,0.9542,0.4871,0.0016757585481513,1555.97,8.6,15.4,20.8,7364.3106766,0.1318078902,9.1,0.097,132.19481628,3.7,0.323,0.0084144472,0.0315898314,-9.0,-4.0,,29.0,-26.0,4.0
2020-10-23,198,"-123.876,40.6992",6023,"California, Humboldt",0.0588235294117647,0.241983383807645,0.0041137175247299,561,1.0044056276055,1.00412575947997,0.0160427807486631,9,6.5995468311176e-05,1.01696850489722,1.00364741136349,0.401841163817975,1.00625174063984,0.643,0.7459,0.9042,0.0020751908368958,1678.91,8.2,16.7,39.4,8994.0565643,0.1446850837,8.8,0.089,280.51409056,3.7,0.29,0.0120991692,0.063164996,-22.0,-1.0,40.0,-61.0,-26.0,7.0
2020-10-23,199,"-115.3669,33.0393",6025,"California, Imperial",0.0412851278812757,2.87636049651592,0.0696706209748827,12668,1.00337173576231,1.00412575947997,0.0265235238395958,336,0.0018479103763467,1.00042589468713,1.00364741136349,0.401841163817975,1.00625174063984,0.9854,0.9984,0.9869,0.001473928514467,1713.96,8.0,12.5,39.1,6213.3986322,0.1284001073,13.5,0.092,225.51828703,3.7,0.346,0.024803797,0.0250127869,-35.0,-20.0,-68.0,-26.0,-36.0,10.0
2020-10-23,200,"-117.4112,36.5111",6027,"California, Inyo",0.114537444933921,1.44548840829488,0.0126202257185745,227,1.01118241623584,1.00412575947997,0.066079295154185,15,0.0008339356201701,1.0,1.00364741136349,0.401841163817975,1.00625174063984,0.2844,0.8535,0.8902,0.0034469338967031,1865.45,5.8,22.9,1.8,8740.0101163,0.1183384737,7.3,0.092,94.290395789,3.7,0.277,0.0096180575,0.1348751876,-4.0,,25.0,,-21.0,
2020-10-23,201,"-118.7278,35.3433",6029,"California, Kern",0.0275624461670973,1.03483190672239,0.0375449951157718,33669,1.00189821763886,1.00412575947997,0.012355579316285,416,0.0004638901650824,1.00348206272393,1.00364741136349,0.401841163817975,1.00625174063984,0.9357,0.9799,0.9245,0.0019157771721434,1825.32,7.9,10.4,107.8,7923.0215081,0.1531417715,19.7,0.093,302.58154042,4.0,0.323,0.0520605198,0.0263714868,-20.0,-9.0,9.0,-18.0,-28.0,6.0
2020-10-23,202,"-119.816,36.0741",6031,"California, Kings",0.0273838630806846,1.47985677100538,0.0540411981554642,8180,1.00114035680552,1.00412575947997,0.0127139364303178,104,0.0006870763579667,1.0,1.00364741136349,0.401841163817975,1.00625174063984,0.9283,0.9828,0.9363,0.0009381234887623,1836.34,7.5,9.7,103.6,6356.8669362,0.1427052113,16.7,0.104,117.25534278,4.0,0.294,0.061347991,0.031731036,-14.0,-9.0,9.0,-6.0,-23.0,6.0
2020-10-23,203,"-122.7536,39.1012",6033,"California, Lake",0.120765832106038,1.27364791401323,0.0105464260196949,679,1.00826131943259,1.00412575947997,0.0220913107511046,15,0.0002329843745146,1.00990485606307,1.00364741136349,0.401841163817975,1.00625174063984,0.7959,0.8319,0.837,0.000963002081327,1567.18,7.1,21.7,47.6,11305.466803,0.1440120094,6.9,0.127,34.014772143,3.7,0.251,0.0175980864,0.0439563853,1.0,0.0,49.0,5.0,-18.0,6.0
2020-10-23,204,"-120.5935,40.6731",6035,"California, Lassen",0.0183727034120735,0.454515940523343,0.0247386533341991,762,1.00207943101309,1.00412575947997,0.0013123359580052,1,3.24654243230959e-05,1.0,1.00364741136349,0.401841163817975,1.00625174063984,0.6924,0.7832,0.7198,0.0012336861242776,1792.53,4.4,13.3,5.7,7125.9207184,0.1371878706,7.4,0.196,38.096758613,3.7,0.409,0.0785338614,0.042692033,-1.0,12.0,,,-12.0,4.0
2020-10-23,205,"-118.2282,34.3083",6037,"California, Los Angeles",0.0523693741179671,1.52391990197831,0.0290994484399513,294065,1.0038888800038,1.00412575947997,0.0236546341795181,6956,0.0006883368076727,1.002530975066,1.00364741136349,0.401841163817975,1.00625174063984,0.6159,0.9933,0.9045,0.0025147647057775,2562.49,9.6,12.9,2543.5,5017.5431691,0.1084767811,14.2,0.084,2069.7537739,4.3,0.217,0.0796449029,0.0143737313,-30.0,-13.0,-21.0,-37.0,-37.0,13.0
2020-10-23,206,"-119.7666,37.2151",6039,"California, Madera",0.0416582406471183,1.30650971637323,0.0313625754731341,4945,1.00360479388532,1.00412575947997,0.0149646107178969,74,0.0004693287330661,1.0019455547198,1.00364741136349,0.401841163817975,1.00625174063984,0.9258,0.9847,0.8239,0.0006722816987163,1824.98,8.3,13.4,69.3,6650.6452874,0.1344428413,14.0,0.123,196.57767392,3.7,0.358,0.0328339845,0.0442564311,-17.0,-5.0,-20.0,74.0,-25.0,7.0
2020-10-23,207,"-122.7211,38.0712",6041,"California, Marin",0.0269733106189665,0.731709195659039,0.0271271556538014,7044,1.00161252492267,1.00412575947997,0.0181714934696195,128,0.0004929409318124,1.00454582940699,1.00364741136349,0.401841163817975,1.00625174063984,0.0334,0.8415,0.6985,0.0017638042716412,4554.58,3.5,21.0,496.1,3206.6318035,0.0972523376,10.3,0.053,870.32879333,3.7,0.166,0.0251438386,0.0098511164,-27.0,-14.0,16.0,-47.0,-39.0,14.0
2020-10-23,208,"-119.9073,37.5798",6043,"California, Mariposa",0.0128205128205128,0.0572377082021636,0.0044645412397687,78,1.00184504355011,1.00412575947997,0.0256410256410256,2,0.0001144754164043,1.0,1.00364741136349,0.401841163817975,1.00625174063984,0.4783,0.618,0.5938,0.0019460820788735,1766.01,5.6,26.7,11.6,8231.0448737,0.1174526322,9.2,0.071,9.0270128303,3.0,0.238,0.0115620171,0.0339991987,,2.0,52.0,,-24.0,
2020-10-23,209,"-123.3911,39.4381",6045,"California, Mendocino",0.0811775200713648,1.03874163870055,0.0127959272195968,1121,1.00573664128352,1.00412575947997,0.0187332738626227,21,0.0002397096089308,1.0,1.00364741136349,0.401841163817975,1.00625174063984,0.6965,0.8841,0.8491,0.0016094788028217,1959.06,8.6,20.4,25.5,7749.67295,0.1290541382,8.8,0.076,96.424663799,3.7,0.321,0.0076821222,0.0632034336,-10.0,-2.0,46.0,,-23.0,7.0
2020-10-23,210,"-120.7209,37.1892",6047,"California, Merced",0.0327365186990147,1.12459738321839,0.0343529925572762,9439,1.00209084155875,1.00412575947997,0.0163152876364022,154,0.0005604789547431,1.00186918497631,1.00364741136349,0.401841163817975,1.00625174063984,0.9615,0.992,0.8274,0.0008370789583826,1789.73,8.3,10.9,130.2,6775.7437047,0.1412960646,12.0,0.143,207.85350671,4.0,0.284,0.0297636162,0.0251596819,-17.0,-12.0,24.0,-14.0,-27.0,6.0
2020-10-23,211,"-120.7245,41.5897",6049,"California, Modoc",0.0344827586206897,0.113934146063575,0.0033040902358436,29,1.01026070714042,1.00412575947997,0.0,0,0.0,,1.00364741136349,0.401841163817975,1.00625174063984,0.7529,0.7822,0.5769,0.012874558505184,1348.23,12.5,25.7,2.2,10076.65162,0.1382445839,6.6,0.186,13.344981235,3.0,0.283,0.0102540731,0.0500170901,,,,,-7.0,
2020-10-23,212,"-118.8872,37.939",6051,"California, Mono",0.0449438202247191,0.56140350877193,0.0124912280701754,178,1.00325216987779,1.00412575947997,0.0112359550561798,2,0.0001403508771929,1.0,1.00364741136349,0.401841163817975,1.00625174063984,0.1777,0.8762,0.29,0.0011929824561403,2112.37,16.1,14.3,4.8,3369.6016286,0.1193671818,6.1,0.056,10.450703741,2.3,0.254,0.0071578947,0.0298947368,-38.0,-34.0,,,-34.0,
2020-10-23,213,"-121.2413,36.2186",6053,"California, Monterey",0.0641616448068061,1.66209819235343,0.0259048563570664,11284,1.00512973745785,1.00412575947997,0.0077100319035802,87,0.0001997272689706,1.00849140221475,1.00364741136349,0.401841163817975,1.00625174063984,0.5828,0.993,0.8399,0.0018205025780887,2527.08,9.8,12.8,127.0,5175.9192872,0.122499909,6.7,0.084,221.09669213,3.7,0.277,0.025544429,0.0260586693,-24.0,-5.0,-6.0,-12.0,-27.0,7.0
2020-10-23,214,"-122.3328,38.5074",6055,"California, Napa",0.0759230369214769,1.04721805805605,0.0137931529153547,1923,1.00632289060752,1.00412575947997,0.0078003120124805,15,0.0001075908963756,1.00990485606307,1.00364741136349,0.401841163817975,1.00625174063984,0.2576,0.9491,0.8249,0.0025965269658649,3180.44,5.9,18.0,188.2,4646.0857462,0.0993284797,10.6,0.086,379.13944108,3.7,0.238,0.0206359339,0.0125164076,-27.0,-23.0,-2.0,-43.0,-28.0,8.0
2020-10-23,215,"-120.7627,39.3039",6057,"California, Nevada",0.0762852404643449,0.46140266409886,0.0060483870967741,603,1.00581896753572,1.00412575947997,0.0132669983416252,8,8.02439415824105e-05,1.0,1.00364741136349,0.401841163817975,1.00625174063984,0.2175,0.5524,0.2076,0.001765366714813,2586.1,6.5,25.4,101.6,5835.2399112,0.1150829657,8.1,0.062,155.53768312,3.7,0.22,0.0049350024,0.0126384208,-17.0,-3.0,37.0,-32.0,-18.0,7.0
2020-10-23,216,"-117.7646,33.7015",6059,"California, Orange",0.046069008435901,0.836480466847125,0.0181571189666688,57848,1.00353647119897,1.00412575947997,0.0247891024754529,1434,0.0004500986827237,1.00435873308321,1.00364741136349,0.401841163817975,1.00625174063984,0.3248,0.9723,0.5683,0.0023267653661304,3231.33,7.6,13.9,4177.8,4199.1366307,0.0931119744,10.6,0.085,1797.0457059,5.0,0.194,0.0164038057,0.0103281012,-28.0,-8.0,-13.0,-33.0,-35.0,13.0
2020-10-23,217,"-120.7241,39.0617",6061,"California, Placer",0.079466929911155,0.819027900363476,0.0103065250070584,4052,1.00680989258968,1.00412575947997,0.0140671273445212,57,0.0001449831997537,1.01320174780559,1.00364741136349,0.401841163817975,1.00625174063984,0.072,0.7437,0.1974,0.0018618895126275,2933.93,4.0,18.7,262.7,4522.6949673,0.0978462072,10.5,0.067,279.02737201,4.3,0.208,0.0163831016,0.0107084083,-16.0,-3.0,15.0,4.0,-33.0,10.0
2020-10-23,218,"-120.8395,40.0036",6063,"California, Plumas",0.037037037037037,0.106360348861944,0.0028717294192725,54,1.00267387315523,1.00412575947997,0.0,0,0.0,,1.00364741136349,0.401841163817975,1.00625174063984,0.2557,0.547,0.2388,0.0046266751754945,1828.21,3.1,26.7,8.0,8700.6760216,0.1148955561,9.9,0.11,44.643148111,3.0,0.269,0.0095192512,0.0314294831,16.0,,,,-2.0,
2020-10-23,219,"-115.9934,33.7431",6065,"California, Riverside",0.0607163613005842,1.61990698388009,0.0266799088282074,65386,1.00503998401635,1.00412575947997,0.0195607622426819,1279,0.0005218793532449,1.00112196233857,1.00364741136349,0.401841163817975,1.00625174063984,0.6892,0.9736,0.6632,0.0015346272459377,2328.03,8.8,13.8,306.1,5796.962999,0.1249994432,14.8,0.094,407.06103317,4.3,0.271,0.061750691,0.0191251033,-20.0,-8.0,-30.0,-28.0,-33.0,9.0
2020-10-23,220,"-121.3425,38.4511",6067,"California, Sacramento",0.0626046066788874,1.01948441733318,0.0162844952059573,25094,1.00577862494286,1.00412575947997,0.0192077787518929,482,0.0003127889810022,1.0054518880063,1.00364741136349,0.401841163817975,1.00625174063984,0.5338,0.9535,0.7603,0.0019792663735621,2282.8,5.5,13.4,1545.1,6339.7496513,0.1155002855,9.1,0.095,877.74749459,5.0,0.289,0.0976407794,0.0154019371,-26.0,-8.0,-1.0,-41.0,-38.0,11.0
2020-10-23,221,"-121.07,36.6031",6069,"California, San Benito",0.0317124735729387,0.73126736759998,0.0230592976583194,1419,1.00274817450811,1.00412575947997,0.0105708245243129,15,0.0002437557891999,1.02065336654354,1.00364741136349,0.401841163817975,1.00625174063984,0.4978,0.9771,0.1958,0.0029413198563465,2517.21,7.5,12.1,37.7,5148.1810351,0.1078318527,6.2,0.09,120.15093075,2.7,0.323,0.008758958,0.0308107318,-14.0,-10.0,,,-26.0,8.0
2020-10-23,222,"-116.1775,34.8406",6071,"California, San Bernardino",0.070625507717303,2.00174709649968,0.0283431179640109,61550,1.00565192599706,1.00412575947997,0.0173842404549147,1070,0.0004927235779283,1.01145529071259,1.00364741136349,0.401841163817975,1.00625174063984,0.8277,0.9825,0.8141,0.0019598425679095,2100.11,8.4,10.9,103.9,6762.5514735,0.1262827655,14.9,0.094,594.27744321,4.0,0.288,0.0814356952,0.0206920878,-21.0,-9.0,-21.0,-18.0,-30.0,9.0
2020-10-23,223,"-116.7365,33.0348",6073,"California, San Diego",0.0753673034505963,1.2059709920906,0.0160012490413847,53498,1.00553600397217,1.00412575947997,0.0161875210288235,866,0.0002590205553448,1.00317420055506,1.00364741136349,0.401841163817975,1.00625174063984,0.3914,0.9561,0.8411,0.0021672782263612,2813.31,7.8,13.3,792.5,4641.05997,0.1075317529,10.4,0.071,986.95979261,5.0,0.203,0.0470292795,0.0131708662,-26.0,-13.0,-8.0,-43.0,-37.0,12.0
2020-10-23,224,"-122.4386,37.7522",6075,"California, San Francisco",0.0375833333333333,0.510582414907648,0.0135853414166115,12000,1.00293901062406,1.00412575947997,0.0115,138,0.000156231426291,1.01308078292908,1.00364741136349,0.401841163817975,1.00625174063984,0.2239,0.9742,0.9497,0.0052224316629023,4165.58,3.7,15.1,23116.8,4269.7004184,0.1032606238,9.8,0.068,2318.3966083,4.3,0.184,0.0503427468,0.0074379744,-54.0,-27.0,-31.0,-67.0,-61.0,23.0
2020-10-23,225,"-121.273,37.9343",6077,"California, San Joaquin",0.0325157933853586,0.930034809874312,0.028602556267106,21528,1.00261513420462,1.00412575947997,0.0226681531029357,488,0.000648367124598,1.00147233313408,1.00364741136349,0.401841163817975,1.00625174063984,0.7618,0.9812,0.8083,0.0016009884941407,2217.42,6.4,12.2,504.7,7155.2242935,0.1170616622,11.9,0.104,595.48973106,4.3,0.327,0.0710652884,0.0197712114,-18.0,-6.0,0.0,-19.0,-27.0,8.0
2020-10-23,226,"-120.4039,35.3882",6079,"California, San Luis Obispo",0.0742538218878913,1.07742685116721,0.0145100524629414,4121,1.00538324911576,1.00412575947997,0.0077651055569036,32,0.0001126720890109,1.0,1.00364741136349,0.401841163817975,1.00625174063984,0.2331,0.8405,0.7832,0.001605577268406,2600.33,6.0,18.7,83.8,5271.2259578,0.1078329694,10.5,0.08,151.55646849,3.7,0.255,0.0174747368,0.0140135911,-18.0,-2.0,19.0,-23.0,-28.0,9.0
2020-10-23,227,"-122.3276,37.4229",6081,"California, San Mateo",0.0516376243043518,0.735499548434465,0.0142434815377918,10961,1.00405308486211,1.00412575947997,0.0143235106285923,157,0.0002040166591947,1.00183320518831,1.00364741136349,0.401841163817975,1.00625174063984,0.1185,0.9682,0.6043,0.0032434750404459,4468.6,4.2,15.4,1664.0,3367.8110377,0.0861335734,9.2,0.076,1478.6408744,4.3,0.212,0.0226029667,0.0087922084,-31.0,-12.0,-2.0,-65.0,-51.0,21.0
2020-10-23,228,"-120.0188,34.6533",6083,"California, Santa Barbara",0.033762223365929,0.734558044642317,0.0217568030600613,9715,1.00260017422874,1.00412575947997,0.0123520329387545,120,0.0002687407480398,1.00240390165174,1.00364741136349,0.401841163817975,1.00625174063984,0.5188,0.9672,0.9156,0.0021633630217209,2804.01,10.0,14.6,167.1,5042.4450983,0.1137731055,10.2,0.087,332.92858078,3.3,0.246,0.0178555832,0.021539571,-25.0,-8.0,-3.0,-39.0,-30.0,8.0
2020-10-23,229,"-121.697,37.231",6085,"California, Santa Clara",0.0644030575615524,0.787068338176169,0.0122209778227367,23679,1.005047505454,1.00412575947997,0.0162591325647198,385,0.0001987024984903,1.00686366000321,1.00364741136349,0.401841163817975,1.00625174063984,0.1933,0.9815,0.731,0.0023095939759595,4356.79,4.3,12.8,1604.0,3579.0807063,0.0826901401,8.9,0.076,1524.0879016,4.0,0.194,0.0235800513,0.0119969859,-35.0,-13.0,-2.0,-62.0,-55.0,22.0
2020-10-23,230,"-122.0067,37.0558",6087,"California, Santa Cruz",0.0730112604431529,0.732894568923083,0.0100381032251007,2753,1.00438282715082,1.00412575947997,0.0090810025426807,25,9.11560409108312e-05,1.01198288474998,1.00364741136349,0.401841163817975,1.00625174063984,0.4277,0.9325,0.9035,0.0013090007474795,3238.65,5.1,15.0,589.2,4622.3917405,0.1144083433,7.5,0.069,374.55654532,4.0,0.19,0.009717234,0.0185666624,-26.0,-11.0,2.0,-47.0,-39.0,11.0
2020-10-23,231,"-122.0397,40.7639",6089,"California, Shasta",0.311038607939097,3.1770717618307,0.010214396800711,1839,1.01649538585301,1.00412575947997,0.0163132137030995,30,0.0001666296378582,1.00990485606307,1.00364741136349,0.401841163817975,1.00625174063984,0.4895,0.6202,0.815,0.0040657631637413,1958.22,6.5,19.9,47.3,9014.3139037,0.1396353504,8.4,0.11,208.83444686,3.7,0.238,0.0105087758,0.0316707398,-16.0,-2.0,62.0,-48.0,-18.0,4.0
2020-10-23,232,"-120.5201,39.5771",6091,"California, Sierra",0.0,0.0,0.0020087043856712,6,1.0,1.00412575947997,0.0,0,0.0,,1.00364741136349,0.401841163817975,1.00625174063984,0.1188,0.2646,0.0882,0.0130565785068631,1680.93,8.8,29.1,3.0,5228.038546,0.1180830717,6.7,0.069,13.938315596,3.0,0.247,0.005021761,0.0251088048,,,,,,
2020-10-23,233,"-122.5407,41.592",6093,"California, Siskiyou",0.0797872340425532,0.343061019119934,0.0042996981063031,188,1.00385825397063,1.00412575947997,0.0,0,0.0,,1.00364741136349,0.401841163817975,1.00625174063984,0.6019,0.6928,0.6676,0.0013951148110877,1507.89,5.9,24.0,7.3,9455.1533337,0.1406632602,9.6,0.134,75.714874525,3.7,0.318,0.0134708627,0.0509102552,6.0,11.0,,56.0,-13.0,2.0
2020-10-23,234,"-121.9357,38.2683",6095,"California, Solano",0.0746309835839426,1.21134770829135,0.0162311636550906,7249,1.00601487345456,1.00412575947997,0.0102083045937371,74,0.0001656926625019,1.0,1.00364741136349,0.401841163817975,1.00625174063984,0.3697,0.958,0.6905,0.0015046685027204,2674.5,4.7,14.7,437.3,6149.0383397,0.1170507434,11.0,0.102,707.36238309,4.3,0.303,0.1374756499,0.0127113141,-21.0,-15.0,-9.0,-36.0,-29.0,10.0
2020-10-23,235,"-122.8863,38.5275",6097,"California, Sonoma",0.109114956464235,1.98022970664597,0.0181481051802009,9073,1.00742717424778,1.00412575947997,0.0147690951173812,134,0.0002680310916066,1.0065656796249,1.00364741136349,0.401841163817975,1.00625174063984,0.2554,0.8981,0.6472,0.003722431802089,2846.46,6.1,18.2,297.9,4779.2582374,0.1007567654,10.1,0.072,474.79399217,3.7,0.224,0.016025859,0.0219045409,-25.0,-8.0,4.0,-39.0,-28.0,11.0
2020-10-23,236,"-120.9971,37.5586",6099,"California, Stanislaus",0.0325981094242337,1.0348935551049,0.0317470421869174,17455,1.00243797367889,1.00412575947997,0.022629619020338,395,0.0007184234697125,1.00218902403418,1.00364741136349,0.401841163817975,1.00625174063984,0.8089,0.9701,0.6043,0.0023698880532542,2003.1,5.7,12.6,347.7,7163.5505852,0.1278975107,12.3,0.114,305.67436646,4.3,0.305,0.0265343797,0.0198539509,-18.0,-8.0,7.0,-15.0,-29.0,7.0
2020-10-23,237,"-121.6946,39.0342",6101,"California, Sutter",0.0359281437125748,0.681768880349562,0.0189759005030628,1837,1.00346937749354,1.00412575947997,0.0065323897659227,12,0.0001239579782453,1.0,1.00364741136349,0.401841163817975,1.00625174063984,0.7885,0.9643,0.6654,0.0006197898912268,1910.02,8.0,14.8,148.4,7136.0381906,0.1195215245,9.4,0.103,151.13533162,3.7,0.318,0.021702976,0.0235726755,-16.0,-9.0,,-28.0,-28.0,5.0
2020-10-23,238,"-122.237,40.1257",6103,"California, Tehama",0.196859903381643,2.55022216659365,0.0129545027849052,828,1.01895791032842,1.00412575947997,0.0096618357487922,8,0.000125164278115,1.0,1.00364741136349,0.401841163817975,1.00625174063984,0.8506,0.8469,0.8456,0.0011890606420927,1530.08,6.3,18.9,20.8,8847.4706238,0.1425897379,8.7,0.099,85.609910169,3.7,0.279,0.0073064647,0.0335596721,-23.0,6.0,32.0,15.0,-15.0,4.0
2020-10-23,239,"-123.1147,40.6492",6105,"California, Trinity",0.24,0.478659752692461,0.0019944156362185,25,1.03239118471,1.00412575947997,0.0,0,0.0,,1.00364741136349,0.401841163817975,1.00625174063984,0.657,0.5304,0.6307,0.0040686078978859,1468.65,10.5,26.3,4.4,11187.237833,0.14700217,7.8,0.078,19.283143625,3.0,0.335,0.005105704,0.052173913,,,,,-11.0,
2020-10-23,240,"-118.802,36.2203",6107,"California, Tulare",0.0405738880918221,1.51762006263671,0.0374038608082668,17425,1.0029280300574,1.00412575947997,0.0162984218077475,284,0.0006096239006914,1.00513401006272,1.00364741136349,0.401841163817975,1.00625174063984,0.9685,0.9927,0.6371,0.004477730481839,1765.76,8.1,10.9,95.0,7209.0187819,0.1379971224,17.8,0.093,191.82039651,3.3,0.371,0.0123491771,0.0276391456,-26.0,-8.0,4.0,-14.0,-28.0,6.0
2020-10-23,241,"-119.9525,38.0264",6109,"California, Tuolumne",0.103053435114504,0.495058581932195,0.0048039017950457,262,1.01021990995455,1.00412575947997,0.0152671755725191,4,7.3342012138103e-05,1.0,1.00364741136349,0.401841163817975,1.00625174063984,0.3624,0.5505,0.6692,0.0027869964612479,1977.1,5.5,24.8,23.4,7518.9026826,0.113430194,8.9,0.097,19.121146985,3.7,0.332,0.0186838776,0.0230293918,-10.0,6.0,28.0,,-16.0,4.0
2020-10-23,242,"-119.0911,34.4447",6111,"California, Ventura",0.051975051975052,0.851971933106689,0.0163919399929727,13949,1.00424981942276,1.00412575947997,0.0116137357516668,162,0.0001903716595355,1.00267387315523,1.00364741136349,0.401841163817975,1.00625174063984,0.3439,0.9628,0.5508,0.001770926487161,3062.68,8.8,14.6,439.6,4694.6479676,0.1056102179,11.2,0.093,637.43873931,4.3,0.207,0.0176634347,0.0186787502,-25.0,-13.0,-19.0,-28.0,-33.0,11.0
2020-10-23,243,"-121.9018,38.6828",6113,"California, Yolo",0.0644437319653735,0.911945119959348,0.0141510290007622,3119,1.00485641253745,1.00412575947997,0.0185957037512023,58,0.0002631483430728,1.00502563202403,1.00364741136349,0.401841163817975,1.00625174063984,0.5656,0.9497,0.9519,0.000707778302058,2527.45,4.8,11.8,232.1,4795.4639776,0.1090657764,9.8,0.063,360.28529425,4.0,0.239,0.0247767776,0.0179076985,-28.0,-12.0,19.0,-31.0,-41.0,12.0
2020-10-23,244,"-121.3536,39.2626",6115,"California, Yuba",0.0549110595514308,0.909778193513666,0.0165682141438475,1293,1.00530353987144,1.00412575947997,0.0077339520494972,10,0.0001281377737343,1.0,1.00364741136349,0.401841163817975,1.00625174063984,0.808,0.9303,0.9077,0.0022167834856037,1862.35,7.2,12.0,117.4,9637.6553819,0.1417914005,9.6,0.119,189.27365677,4.0,0.344,0.0352891429,0.0292154124,-13.0,-2.0,57.0,-11.0,-23.0,6.0
2020-10-23,245,"-104.3363,39.8743",8001,"Colorado, Adams",0.188609292419342,4.67112614971047,0.024766150648214,12677,1.01652376781137,1.01389282085495,0.0196418711051511,249,0.0004864535388029,1.00231620482759,1.00236194740819,0.289564299514499,1.01228628323957,0.4006,0.9443,0.5524,0.0017563121742324,2125.79,10.1,9.9,378.4,6436.6979073,0.1632460542,9.2,0.077,490.4027736,5.0,0.278,0.0318851735,0.0227675885,-16.0,-6.0,-16.0,-11.0,-33.0,11.0
2020-10-23,246,"-105.7885,37.5725",8003,"Colorado, Alamosa",0.116438356164384,2.03800275729785,0.0175028472097345,292,1.01071918336901,1.01389282085495,0.0308219178082192,9,0.0005394713181082,1.0,1.00236194740819,0.289564299514499,1.01228628323957,0.8669,0.9331,0.9943,0.0026374153329736,1244.6,12.2,12.8,26.2,9380.5366717,0.1728464256,4.6,0.064,143.87708302,3.7,0.24,0.0131271354,0.0529880717,2.0,,,,-12.0,
2020-10-23,247,"-104.3354,39.6498",8005,"Colorado, Arapahoe",0.142869393705514,2.55829487957126,0.0179065285658346,11661,1.01124549198819,1.01389282085495,0.032329988851728,377,0.0005789178689065,1.00037950685996,1.00236194740819,0.289564299514499,1.01228628323957,0.1022,0.8946,0.3613,0.0013436422686823,2681.63,7.7,12.3,788.4,5338.0432931,0.1326355247,8.1,0.07,453.79536579,5.0,0.221,0.1051480694,0.0114570457,-20.0,-6.0,-9.0,-28.0,-36.0,13.0
2020-10-23,248,"-107.0477,37.1947",8007,"Colorado, Archuleta",0.0819672131147541,0.363240101707228,0.0044315292408281,61,1.00723042184058,1.01389282085495,0.0,0,0.0,,1.00236194740819,0.289564299514499,1.01228628323957,0.2608,0.6224,0.3413,0.0007991282237559,1777.43,10.7,24.5,10.0,6069.4081655,0.1347607107,4.4,0.045,45.399367845,3.0,0.239,0.0060297857,0.0346531057,25.0,,,,-11.0,
2020-10-23,249,"-102.5603,37.3194",8009,"Colorado, Baca",0.333333333333333,2.51046025104602,0.007531380753138,27,1.02317045203282,1.01389282085495,0.0,0,0.0,,1.00236194740819,0.289564299514499,1.01228628323957,0.5634,0.68,0.3941,0.0220362622036262,1297.14,6.8,25.9,1.5,4915.96741,0.1517142555,5.6,0.151,56.013947373,3.0,0.308,0.0075313808,0.019525802,,,,,,
2020-10-23,250,"-103.072,37.9547",8011,"Colorado, Bent",0.153846153846154,0.340020401224073,0.0022101326079564,13,1.01150029829051,1.01389282085495,0.0,0,0.0,,1.00236194740819,0.289564299514499,1.01228628323957,0.8701,0.8313,0.8077,,1114.11,8.8,17.3,3.1,10020.166809,0.182172674,5.4,0.075,57.255431911,3.0,0.3,0.0759945597,0.0348520911,,,,,,
2020-10-23,251,"-105.3547,40.0931",8013,"Colorado, Boulder",0.0948441708349365,1.51190819374505,0.015940971178675,5198,1.00873466285793,1.01389282085495,0.0161600615621393,84,0.0002576070756076,1.00344843960223,1.00236194740819,0.289564299514499,1.01228628323957,0.1334,0.7157,0.5673,0.002048589601261,3075.38,4.6,13.1,496.6,4233.0488231,0.1131844178,7.7,0.048,306.68230874,4.0,0.152,0.0095559958,0.0084887665,-28.0,-8.0,-22.0,-54.0,-48.0,17.0
2020-10-23,252,"-105.0566,39.96",8014,"Colorado, Broomfield",0.169373549883991,2.10778581431273,0.0124445984379286,862,1.0175809338658,1.01389282085495,0.0475638051044084,41,0.0005919124547042,1.01477293605939,1.00236194740819,0.289564299514499,1.01228628323957,0.008,0.6963,0.1458,0.0019056693663649,3054.91,4.3,12.9,2305.8,4551.4348965,0.1162537796,8.5,0.068,187.19439178,4.3,0.196,0.012892142,0.0079114152,-19.0,,-7.0,,-45.0,17.0
2020-10-23,253,"-106.1927,38.7475",8015,"Colorado, Chaffee",0.0666666666666667,1.24831477505368,0.0187247216258052,375,1.00664958807001,1.01389282085495,0.0533333333333333,20,0.0009986518200429,1.0,1.00236194740819,0.289564299514499,1.01228628323957,0.115,0.4432,0.4881,0.0012483147750536,1866.79,10.0,24.4,19.8,5979.0385488,0.1348887293,4.2,0.07,113.86267878,3.0,0.156,0.0161781595,0.0162780247,11.0,,,,-16.0,
2020-10-23,254,"-102.6033,38.8278",8017,"Colorado, Cheyenne",0.0,0.0,0.0074626865671641,14,1.0,1.01389282085495,0.0,0,0.0,,1.00236194740819,0.289564299514499,1.01228628323957,0.5038,0.6931,0.0624,0.005863539445629,1587.2,11.7,12.0,1.2,7455.5143676,0.1400002554,5.8,0.123,41.801648733,3.0,0.238,0.0090618337,0.012793177,,,,,,
2020-10-23,255,"-105.6463,39.6886",8019,"Colorado, Clear Creek",0.203125,1.35346173867777,0.0066631962519521,64,1.00688203298065,1.01389282085495,0.015625,1,0.0001041124414367,1.0,1.00236194740819,0.289564299514499,1.01228628323957,0.001,0.4833,0.1404,,2379.32,9.9,18.9,20.0,5065.2397259,0.1248321672,4.6,0.067,454.23032138,3.0,0.222,0.0099947944,0.0118688183,-44.0,,,,-24.0,
2020-10-23,256,"-106.1917,37.2016",8021,"Colorado, Conejos",0.387096774193548,2.92682926829268,0.0075609756097561,62,1.0502120617026,1.01389282085495,0.0,0,0.0,,1.00236194740819,0.289564299514499,1.01228628323957,0.8879,0.9175,0.5903,0.0020731707317073,1130.72,10.5,18.0,6.0,11527.326743,0.1555417496,4.4,0.082,33.658212701,3.0,0.261,0.0041463415,0.0396341463,,,,,-4.0,
2020-10-23,257,"-105.4277,37.2773",8023,"Colorado, Costilla",0.0571428571428571,0.522466039707419,0.0091431556948798,35,1.0041496628021,1.01389282085495,0.0285714285714286,1,0.0002612330198537,1.0,1.00236194740819,0.289564299514499,1.01228628323957,0.9662,0.9787,0.4655,,1149.29,11.5,26.8,3.0,11587.667392,0.1710449684,4.2,0.137,39.538737236,3.0,0.279,0.0080982236,0.0532915361,,,,,,
2020-10-23,258,"-103.7845,38.3261",8025,"Colorado, Crowley",0.108433734939759,1.53636053260498,0.0141686582451349,83,1.00891547694473,1.01389282085495,0.0120481927710843,1,0.0001707067258449,1.0,1.00236194740819,0.289564299514499,1.01228628323957,0.9519,0.8507,0.8478,,1062.68,6.2,12.9,5.0,7302.5716614,0.1862909285,5.4,0.056,5.7448528335,3.0,0.309,0.1046432229,0.0346534653,,,,,,
2020-10-23,259,"-105.3683,38.1088",8027,"Colorado, Custer",0.0526315789473684,0.20185708518369,0.0038352846184901,19,1.0,1.01389282085495,0.0,0,0.0,,1.00236194740819,0.289564299514499,1.01228628323957,0.4401,0.5552,0.0449,,1486.5,16.2,36.3,6.4,13054.69181,0.1365819137,4.2,0.072,11.201149344,3.0,0.279,0.0133225676,0.011909568,,,,,,
2020-10-23,260,"-107.8631,38.8625",8029,"Colorado, Delta",0.0303030303030303,0.193842277000614,0.0063967951410202,198,1.00291980744868,1.01389282085495,0.0202020202020202,4,0.000129228184667,1.0,1.00236194740819,0.289564299514499,1.01228628323957,0.6554,0.6644,0.6466,0.0015830452621716,1538.61,8.5,24.7,26.8,7444.7768164,0.1459928244,5.3,0.098,66.243374548,3.7,0.267,0.0061383388,0.0133751171,8.0,,,,-14.0,1.0
2020-10-23,261,"-104.8726,39.7602",8031,"Colorado, Denver",0.138259402121504,3.20171055643329,0.0231572718188061,16592,1.01086685539512,1.01389282085495,0.0267598842815815,444,0.0006196859141483,1.00129366971538,1.00236194740819,0.289564299514499,1.01228628323957,0.278,0.9382,0.8717,0.0026029599772223,2532.89,9.3,11.4,5803.9,6376.3000347,0.1466450335,8.2,0.051,1028.7191892,5.0,0.166,0.0894999525,0.018004388,-32.0,-7.0,-15.0,-42.0,-42.0,14.0
2020-10-23,262,"-108.5212,37.7521",8033,"Colorado, Dolores",0.0,0.0,0.0014464802314368,3,1.0,1.01389282085495,0.0,0,0.0,,1.00236194740819,0.289564299514499,1.01228628323957,0.2809,0.127,0.0446,,1412.4,5.3,25.6,1.8,12492.029476,0.1527942802,4.4,0.057,50.634513774,,0.207,0.0033751205,0.0323047252,,,,,,
2020-10-23,263,"-104.93,39.3313",8035,"Colorado, Douglas",0.164170506912442,1.66289355147385,0.0101290638784512,3472,1.01244719065387,1.01389282085495,0.0184331797235023,64,0.0001867108549023,1.00225229790198,1.00236194740819,0.289564299514499,1.01228628323957,0.0022,0.503,0.0376,0.0009510584171587,3877.11,2.8,10.9,359.4,3549.3631603,0.1072398599,7.0,0.049,194.02876775,5.0,0.196,0.0135948841,0.0051433006,-14.0,-3.0,-4.0,-30.0,-44.0,15.0
2020-10-23,264,"-106.6934,39.6275",8037,"Colorado, Eagle",0.0638143582306019,1.60020366228429,0.0250759187532959,1379,1.00464321891094,1.01389282085495,0.0072516316171138,10,0.0001818413252595,1.0,1.00236194740819,0.289564299514499,1.01228628323957,0.0662,0.8886,0.326,0.0010546796865055,2778.3,13.5,10.1,34.1,3056.914357,0.1254690235,4.2,0.024,259.92183741,3.0,0.129,0.0099285364,0.0136380994,-27.0,-4.0,34.0,-43.0,-39.0,8.0
2020-10-23,265,"-104.1359,39.2866",8039,"Colorado, Elbert",0.0994764397905759,0.72292823985998,0.0072673312533292,191,1.01093415935425,1.01389282085495,0.0157068062827225,3,0.0001141465641884,1.0,1.00236194740819,0.289564299514499,1.01228628323957,0.0019,0.2025,0.0035,,3005.76,5.3,14.7,9.8,5547.1423056,0.1273206469,6.2,0.06,14.224635819,3.7,0.28,0.0125941709,0.0084468457,,,,,-28.0,10.0
2020-10-23,266,"-104.5251,38.8324",8041,"Colorado, El Paso",0.186764064544265,2.39964362560516,0.0128485296754528,9172,1.01856241513747,1.01389282085495,0.0211513301351941,194,0.0002717634929173,1.00526373965588,1.00236194740819,0.289564299514499,1.01228628323957,0.2379,0.7539,0.5782,0.0010142101488255,2279.76,7.2,12.1,340.1,7452.7999235,0.1426490991,6.1,0.066,236.94730652,5.0,0.223,0.0606859086,0.0136554151,-17.0,-4.0,-8.0,-14.0,-33.0,10.0
2020-10-23,267,"-105.44,38.4736",8043,"Colorado, Fremont",0.684385382059801,8.57957976718519,0.0125361820870036,602,1.0994523189767,1.01389282085495,0.0016611295681063,1,2.08242227358864e-05,1.0,1.00236194740819,0.289564299514499,1.01228628323957,0.5847,0.6765,0.7036,0.0005206055683971,1667.17,6.9,20.9,26.4,7921.092859,0.1556983658,5.0,0.082,42.664679841,3.7,0.273,0.0379833823,0.0181587222,-7.0,,,,-18.0,5.0
2020-10-23,268,"-107.9027,39.5992",8045,"Colorado, Garfield",0.105691056910569,1.95750376443032,0.0185209971557638,1107,1.00799244496663,1.01389282085495,0.004516711833785,5,8.36540070269366e-05,1.0,1.00236194740819,0.289564299514499,1.01228628323957,0.2131,0.8685,0.5915,0.001990965367241,2407.79,16.0,12.0,20.1,5862.1568417,0.137636287,5.1,0.044,168.49632464,3.7,0.234,0.0061067425,0.0169483018,-1.0,,,-10.0,-19.0,3.0
2020-10-23,269,"-105.5253,39.8565",8047,"Colorado, Gilpin",0.296296296296296,1.30697598431629,0.0044110439470674,27,1.03655432261531,1.01389282085495,0.0,0,0.0,,1.00236194740819,0.289564299514499,1.01228628323957,0.0006,0.2763,0.15,,2163.9,5.7,14.5,58.0,4681.078227,0.1274212884,4.6,0.053,5.8680085581,4.0,0.27,0.0099656919,0.0133965038,,,,,-27.0,
2020-10-23,270,"-106.1178,40.106",8049,"Colorado, Grand",0.23943661971831,2.19001610305958,0.00914653784219,142,1.02073237671469,1.01389282085495,0.0070422535211267,1,6.44122383252818e-05,1.0,1.00236194740819,0.289564299514499,1.01228628323957,0.149,0.5333,0.4104,0.0028341384863124,2129.29,13.1,16.1,8.5,5326.0224228,0.1416864452,4.1,0.047,88.26417629,2.3,0.183,0.0087600644,0.0091465378,-50.0,-26.0,-72.0,,-45.0,
2020-10-23,271,"-107.0321,38.6661",8051,"Colorado, Gunnison",0.0229508196721311,0.405891221152731,0.0176852603502261,305,1.00428807076062,1.01389282085495,0.0229508196721311,7,0.0004058912211527,1.0,1.00236194740819,0.289564299514499,1.01228628323957,0.2631,0.3426,0.5326,0.0013916270439522,1740.22,9.5,12.4,5.6,4523.0166869,0.1497135057,4.2,0.024,49.94118692,3.0,0.166,0.0064362751,0.0258030848,,,,,-14.0,
2020-10-23,272,"-107.3004,37.8225",8053,"Colorado, Hinsdale",0.0,0.0,0.0036991368680641,3,1.0,1.01389282085495,0.0,0,0.0,,1.00236194740819,0.289564299514499,1.01228628323957,0.1303,0.1404,0.0395,,1786.08,10.0,27.4,0.7,,0.1289484273,3.8,0.05,14.000728884,,0.244,0.0061652281,0.0135635018,,,,,,
2020-10-23,273,"-104.9613,37.6847",8055,"Colorado, Huerfano",0.103448275862069,0.435476847147627,0.004209609522427,29,1.01026070714042,1.01389282085495,0.0689655172413793,2,0.0002903178980984,1.0,1.00236194740819,0.289564299514499,1.01228628323957,0.393,0.7147,0.6864,0.0029031789809841,1214.67,9.6,30.9,4.5,12091.589567,0.1317363731,4.4,0.084,112.91377286,3.0,0.266,0.0078385832,0.0519669038,,,,,,
2020-10-23,274,"-106.3409,40.6659",8057,"Colorado, Jackson",0.0,0.0,0.0064331665475339,9,1.0,1.01389282085495,0.0,0,0.0,,1.00236194740819,0.289564299514499,1.01228628323957,0.4134,0.6772,0.0102,,1400.03,6.1,22.2,0.9,,0.1446295164,3.4,0.086,18.728034484,,0.28,0.0007147963,0.0264474625,,,,,,
2020-10-23,275,"-105.2518,39.5864",8059,"Colorado, Jefferson",0.168838005000658,2.21118068086441,0.0130964629726334,7599,1.01415366841413,1.01389282085495,0.0396104750625082,301,0.0005187571199845,1.00239583836271,1.00236194740819,0.289564299514499,1.01228628323957,0.0248,0.6749,0.1987,0.0009341075050884,2807.11,5.5,15.6,685.5,5396.588212,0.1232012547,8.4,0.058,396.85243708,5.0,0.206,0.0114385083,0.0119676061,-21.0,-12.0,-12.0,-35.0,-42.0,15.0
2020-10-23,276,"-102.7392,38.4326",8061,"Colorado, Kiowa",0.666666666666667,1.44613159797542,0.0021691973969631,3,1.05963402266705,1.01389282085495,0.0,0,0.0,,1.00236194740819,0.289564299514499,1.01228628323957,0.2185,0.384,0.2085,0.0303687635574837,1413.35,6.3,19.7,0.8,7751.1729562,0.144157975,5.8,0.093,49.35896611,3.0,0.301,0.0043383948,0.0086767896,,,,,,
2020-10-23,277,"-102.6022,39.305",8063,"Colorado, Kit Carson",0.289473684210526,4.6070082367723,0.0159151193633952,114,1.0218394895848,1.01389282085495,0.0263157894736842,3,0.0004188189306156,1.0,1.00236194740819,0.289564299514499,1.01228628323957,0.3373,0.8058,0.4015,0.0026525198938992,1561.03,9.1,18.0,3.5,6570.6464091,0.1411919389,6.1,0.091,75.770297227,3.0,0.311,0.0064218903,0.0115873237,,,,43.0,-23.0,
2020-10-23,278,"-106.3556,39.2028",8065,"Colorado, Lake",0.155737704918033,2.42842535787321,0.0155930470347648,122,1.00973603209634,1.01389282085495,0.0,0,0.0,,1.00236194740819,0.289564299514499,1.01228628323957,0.5455,0.8682,0.6351,0.0031952965235173,1519.81,14.0,11.7,19.0,6308.482581,0.1496963299,3.9,0.074,1.7227879092,3.0,0.248,0.0072852761,0.0268404908,,,,,-34.0,
2020-10-23,279,"-107.8429,37.2863",8067,"Colorado, La Plata",0.148036253776435,0.87018291600071,0.0058781743917599,331,1.01175521274495,1.01389282085495,0.0060422960725075,2,3.55176700408453e-05,1.0,1.00236194740819,0.289564299514499,1.01228628323957,0.0503,0.4801,0.6829,0.0016693304919197,2353.04,8.4,15.7,34.8,5552.6253588,0.1477847781,5.0,0.051,113.71567631,3.7,0.184,0.0047771266,0.074924525,2.0,11.0,,10.0,-22.0,7.0
2020-10-23,280,"-105.4626,40.6667",8069,"Colorado, Larimer",0.21059709521248,2.23383677871037,0.0106071585482058,3718,1.01600021019139,1.01389282085495,0.014792899408284,55,0.0001569106294113,1.0,1.00236194740819,0.289564299514499,1.01228628323957,0.1487,0.5982,0.355,0.0016347234664125,2410.13,5.9,14.7,132.7,5076.9195733,0.1266767259,6.6,0.05,119.14611982,4.3,0.202,0.0097512824,0.0102847785,-19.0,-11.0,-13.0,-30.0,-33.0,12.0
2020-10-23,281,"-104.0376,37.3153",8071,"Colorado, Las Animas",0.584615384615385,2.62014755567814,0.0044818313452389,65,1.11156778522008,1.01389282085495,0.0153846153846154,1,6.89512514652141e-05,,1.00236194740819,0.289564299514499,1.01228628323957,0.6975,0.8481,0.8351,0.0017237812866303,1340.61,8.5,22.9,3.4,14036.946265,0.1503614012,4.8,0.102,68.026213203,3.7,0.289,0.0173067641,0.036751017,-6.0,,,,-17.0,
2020-10-23,282,"-103.5137,38.9875",8073,"Colorado, Lincoln",,,0.0042780748663101,24,1.0,1.01389282085495,0.0,0,0.0,,1.00236194740819,0.289564299514499,1.01228628323957,0.4567,0.8548,0.5836,0.0089126559714795,1465.93,8.1,17.1,2.2,5562.699211,0.1478317059,5.5,0.09,49.83485176,3.3,0.303,0.0527629234,0.014973262,,,,32.0,,
2020-10-23,283,"-103.1108,40.725",8075,"Colorado, Logan",0.147918511957485,7.75733927907841,0.0524433296172427,1129,1.01207756617519,1.01389282085495,0.0088573959255978,10,0.0004645113340765,1.0,1.00236194740819,0.289564299514499,1.01228628323957,0.4159,0.7752,0.9634,0.0011612783351913,1706.37,9.2,16.8,10.9,7642.8015024,0.1553359731,5.7,0.111,55.915318628,3.7,0.38,0.0349312523,0.0171869194,-8.0,5.0,,,-13.0,5.0
2020-10-23,284,"-108.4698,39.0179",8077,"Colorado, Mesa",0.333930170098478,2.43461460638221,0.0072907895853322,1117,1.04032038603062,1.01389282085495,0.0071620411817367,8,5.22169352575274e-05,1.0,1.00236194740819,0.289564299514499,1.01228628323957,0.5287,0.5982,0.5969,0.0030024737773078,1780.29,9.7,17.9,47.2,7097.4499069,0.1563545096,6.4,0.082,99.287725544,4.0,0.235,0.0069840151,0.0153321976,5.0,9.0,82.0,-14.0,-15.0,2.0
2020-10-23,285,"-106.9282,37.6695",8079,"Colorado, Mineral",0.0476190476190476,1.28865979381443,0.0270618556701031,21,1.0,1.01389282085495,0.0,0,0.0,,1.00236194740819,0.289564299514499,1.01228628323957,0.0401,0.2728,0.0216,,1623.81,9.1,30.4,0.9,,0.1274782424,3.8,0.06,17.367841906,,0.211,0.0025773196,0.0115979381,,,,,,
2020-10-23,286,"-108.2071,40.6181",8081,"Colorado, Moffat",0.196428571428571,0.834091598422809,0.0042462845010615,56,1.01925902092718,1.01389282085495,0.0178571428571429,1,7.58265089475281e-05,1.0,1.00236194740819,0.289564299514499,1.01228628323957,0.3086,0.6975,0.7329,0.0018956627236882,1667.17,15.6,13.9,2.8,7545.1927166,0.1458158732,4.3,0.082,118.43463932,3.0,0.263,0.0065210798,0.0156960874,,,,,-13.0,
2020-10-23,287,"-108.5959,37.3386",8083,"Colorado, Montezuma",0.160427807486631,1.14687667252848,0.0071488645920942,187,1.011178737791,1.01389282085495,0.0267379679144385,5,0.000191146112088,1.0,1.00236194740819,0.289564299514499,1.01228628323957,0.5041,0.5536,0.2846,0.0009557305604404,1554.87,12.1,20.7,12.9,9029.4488187,0.1590556841,5.1,0.124,93.403762756,3.0,0.277,0.0037082346,0.1405688508,8.0,,,,-13.0,3.0
2020-10-23,288,"-108.2639,38.4021",8085,"Colorado, Montrose",0.0928074245939675,0.947552944520775,0.0102098829772114,431,1.00646146301316,1.01389282085495,0.0301624129930394,13,0.0003079547069692,1.0,1.00236194740819,0.289564299514499,1.01228628323957,0.6166,0.8048,0.6437,0.0016345288292983,1611.81,10.6,22.4,19.3,7173.6265236,0.1543118127,5.0,0.077,92.732081843,3.7,0.209,0.0045008765,0.0183825271,4.0,4.0,,,-19.0,2.0
2020-10-23,289,"-103.8093,40.2628",8087,"Colorado, Morgan",0.0711700844390832,2.065971006373,0.0290286434624273,829,1.0050998785448,1.01389282085495,0.0579010856453559,48,0.0016807899712865,1.0,1.00236194740819,0.289564299514499,1.01228628323957,0.5057,0.9306,0.681,0.0024161355837243,1551.54,9.0,15.3,22.5,8133.2228051,0.1418606701,6.3,0.102,39.103479774,3.7,0.349,0.0327053715,0.0185937391,-7.0,-7.0,-2.0,36.0,-20.0,4.0
2020-10-23,290,"-103.7173,37.9014",8089,"Colorado, Otero",0.122950819672131,0.813802083333333,0.0066189236111111,122,1.00973603209634,1.01389282085495,0.0491803278688525,6,0.0003255208333333,1.0,1.00236194740819,0.289564299514499,1.01228628323957,0.8882,0.8863,0.6269,0.0042317708333333,1127.46,10.3,19.7,14.8,9826.4893594,0.1620947301,5.7,0.115,75.094294443,3.7,0.351,0.0113389757,0.0373806424,-7.0,,,,-13.0,
2020-10-23,291,"-107.7675,38.1472",8091,"Colorado, Ouray",0.117647058823529,0.827643285743844,0.0070349679288226,34,1.00869827228079,1.01389282085495,0.0588235294117647,2,0.0004138216428719,1.10408951367381,1.00236194740819,0.289564299514499,1.01228628323957,0.1006,0.3317,0.0255,,2127.9,10.0,27.2,9.3,4886.2086691,0.1261668833,4.1,0.069,82.344643427,3.0,0.219,0.0008276433,0.0088971653,,,,,,
2020-10-23,292,"-105.7182,39.1209",8093,"Colorado, Park",0.329545454545455,1.5628368182798,0.0047424013796076,88,1.0442286786938,1.01389282085495,0.0113636363636364,1,5.3890924768269e-05,1.0,1.00236194740819,0.289564299514499,1.01228628323957,0.0809,0.1964,0.0016,,1980.82,8.9,19.1,5.7,7012.4629911,0.1285332438,4.5,0.043,18.367845797,3.3,0.234,0.0083530933,0.0126104764,,,-29.0,,-18.0,
2020-10-23,293,"-102.3578,40.5941",8095,"Colorado, Phillips",0.214285714285714,2.09986000933271,0.0097993467102193,42,1.02638809625704,1.01389282085495,0.0,0,0.0,,1.00236194740819,0.289564299514499,1.01228628323957,0.1522,0.8379,0.3499,0.0093327111525898,1656.97,14.3,18.4,7.1,8121.6900693,0.1229095581,5.9,0.124,54.468526076,3.0,0.314,0.0067662156,0.0095660289,,,,,,
2020-10-23,294,"-106.931,39.2172",8097,"Colorado, Pitkin",0.136531365313653,2.06128133704735,0.0150974930362117,271,1.00986683539965,1.01389282085495,0.007380073800738,2,0.0001114206128133,1.0,1.00236194740819,0.289564299514499,1.01228628323957,0.0271,0.4941,0.2607,0.0013927576601671,2817.79,9.9,17.2,26.5,3079.4454101,0.1226677279,4.0,0.019,271.17055382,2.7,0.142,0.008913649,0.0048467967,-52.0,,,-65.0,-44.0,
2020-10-23,295,"-102.3926,37.9554",8099,"Colorado, Prowers",0.304347826086957,3.45281157513976,0.0113449523183163,138,1.04412893385506,1.01389282085495,0.0,0,0.0,,1.00236194740819,0.289564299514499,1.01228628323957,0.8446,0.9032,0.7367,0.0020552449852022,1329.76,10.0,17.1,7.6,8230.32404,0.1503808108,6.4,0.124,152.91551468,3.0,0.338,0.0069878329,0.0196481421,,,,19.0,-17.0,
2020-10-23,296,"-104.5127,38.1736",8101,"Colorado, Pueblo",0.255652173913043,2.63238006554089,0.0102967247461634,1725,1.02094629308217,1.01389282085495,0.0231884057971014,40,0.000238764631795,1.00362337833333,1.00236194740819,0.289564299514499,1.01228628323957,0.7092,0.7606,0.7937,0.0046439720884145,1510.21,6.7,17.8,69.4,9771.1791666,0.1642811738,6.0,0.095,170.63560275,4.0,0.294,0.0184803825,0.0311945991,-13.0,0.0,-47.0,-2.0,-14.0,6.0
2020-10-23,297,"-108.2179,39.9791",8103,"Colorado, Rio Blanco",0.037037037037037,0.157828282828283,0.0042613636363636,27,1.01105509534937,1.01389282085495,0.0,0,0.0,,1.00236194740819,0.289564299514499,1.01228628323957,0.2943,0.5963,0.6549,0.0055239898989899,1751.22,8.4,14.5,2.4,6568.273311,0.1413355776,5.7,0.039,60.665474954,3.0,0.259,0.0116792929,0.0159406566,,,,,,
2020-10-23,298,"-106.3848,37.5837",8105,"Colorado, Rio Grande",0.139130434782609,1.42222222222222,0.0102222222222222,115,1.00378331833018,1.01389282085495,0.0260869565217391,3,0.0002666666666666,1.05963402266705,1.00236194740819,0.289564299514499,1.01228628323957,0.8156,0.9201,0.9277,0.0015111111111111,1308.83,10.8,18.9,13.0,9648.195131,0.1419338155,4.4,0.079,115.86669332,3.0,0.275,0.0062222222,0.0344888889,,,,,-7.0,
2020-10-23,299,"-106.9906,40.486",8107,"Colorado, Routt",0.152284263959391,1.16581821008044,0.0076555395795282,197,1.01706072184846,1.01389282085495,0.0406091370558376,8,0.0003108848560214,1.0,1.00236194740819,0.289564299514499,1.01228628323957,0.0325,0.5492,0.4546,0.0038083394862627,2652.03,7.3,13.9,11.5,5682.8573781,0.1435470545,3.9,0.032,117.40855737,3.7,0.156,0.0086659154,0.0062954183,-32.0,-8.0,6.0,,-29.0,6.0
2020-10-23,300,"-106.2825,38.0805",8109,"Colorado, Saguache",0.125,2.33815577962882,0.0187052462370305,128,1.0129193615005,1.01389282085495,0.015625,2,0.0002922694724536,1.0,1.00236194740819,0.289564299514499,1.01228628323957,0.8013,0.9153,0.5702,,1324.16,13.3,21.4,2.1,10483.036354,0.1756015488,4.1,0.139,14.343198141,3.0,0.29,0.0080374105,0.0352184714,,,,,,
2020-10-23,301,"-107.6763,37.7625",8111,"Colorado, San Juan",0.142857142857143,1.31233595800525,0.0091863517060367,7,1.02226578920968,1.01389282085495,0.0,0,0.0,,1.00236194740819,0.289564299514499,1.01228628323957,0.0252,0.4285,0.4645,,1436.23,8.8,27.9,1.7,,0.1601989225,4.0,0.043,3.195969121,,0.248,0.001312336,0.0091863517,,,,,,
2020-10-23,302,"-108.4021,38.0045",8113,"Colorado, San Miguel",0.04,0.488340861921621,0.0122085215480405,100,1.00143679346489,1.01389282085495,0.0,0,0.0,,1.00236194740819,0.289564299514499,1.01228628323957,0.0124,0.5657,0.2677,,2260.77,8.7,12.5,7.0,3333.3557654,0.1437494483,4.6,0.018,25.25275791,3.0,0.188,0.0056159199,0.0135514589,,,,,-42.0,
2020-10-23,303,"-102.3519,40.876",8115,"Colorado, Sedgwick",0.605263157894737,9.98697351280938,0.0165002171081198,38,1.13153041106277,1.01389282085495,0.0263157894736842,1,0.0004342162396873,1.0,1.00236194740819,0.289564299514499,1.01228628323957,0.5943,0.5536,0.6164,0.0277898393399913,1395.13,9.0,25.9,4.3,5827.1733331,0.1385822997,5.7,0.113,6.8921672227,3.0,0.269,0.0073816761,0.0117238385,,,,,,
2020-10-23,304,"-106.1151,39.638",8117,"Colorado, Summit",0.185483870967742,3.70883993936853,0.0199954848905086,620,1.02101568599008,1.01389282085495,0.0064516129032258,4,0.0001290031283258,1.0,1.00236194740819,0.289564299514499,1.01228628323957,0.0653,0.7526,0.3684,0.0010965265907698,2215.81,16.6,11.8,55.7,3410.8622735,0.1371253802,4.1,0.032,169.216744,3.0,0.159,0.0101912471,0.0081594479,-37.0,-17.0,-20.0,-50.0,-43.0,11.0
2020-10-23,305,"-105.1615,38.8813",8119,"Colorado, Teller",0.104477611940299,0.837220428178448,0.0080133955268508,201,1.01114135549141,1.01389282085495,0.0199004975124378,4,0.0001594705577482,1.0,1.00236194740819,0.289564299514499,1.01228628323957,0.1541,0.3528,0.0751,0.000598014591556,2170.14,8.6,20.2,40.6,7155.2610407,0.1229438244,5.0,0.065,76.620813346,3.7,0.21,0.0082526014,0.0136746003,14.0,-2.0,,,-24.0,8.0
2020-10-23,306,"-103.2026,39.9702",8121,"Colorado, Washington",0.168674698795181,2.8519046649012,0.0169077205133428,83,1.01077696993807,1.01389282085495,0.0,0,0.0,,1.00236194740819,0.289564299514499,1.01228628323957,0.1936,0.5084,0.3719,,1587.5,4.7,19.5,1.7,9054.905988,0.1353943021,5.7,0.133,41.321597721,3.0,0.318,0.0112039112,0.003870442,,,,,,
2020-10-23,307,"-104.393,40.555",8123,"Colorado, Weld",0.103564461784004,1.85806780038498,0.017941171791731,5639,1.00987927395555,1.01389282085495,0.0281964887391381,159,0.0005058780483924,1.00364650169762,1.00236194740819,0.289564299514499,1.01228628323957,0.2815,0.8555,0.5279,0.0011135680310526,2232.42,7.9,11.6,72.7,5794.0427557,0.1374836378,8.6,0.071,148.67463121,4.0,0.29,0.0115620178,0.0161181018,-10.0,1.0,-2.0,-19.0,-27.0,9.0
2020-10-23,308,"-102.4259,40.0035",8125,"Colorado, Yuma",0.284313725490196,5.78842315369261,0.0203592814371257,204,1.02382633160541,1.01389282085495,0.0049019607843137,1,9.98003992015968e-05,1.0,1.00236194740819,0.289564299514499,1.01228628323957,0.3796,0.8437,0.5285,0.0027944111776447,1468.3,9.0,18.2,4.4,5556.8386311,0.1427780915,5.9,0.093,83.007353737,3.0,0.278,0.0038922156,0.0087824351,,,,,-14.0,
2020-10-23,309,"-73.3881,41.2681",9001,"Connecticut, Fairfield",0.0627942774357117,1.46955520261744,0.0234026930897001,22088,1.00599439511287,1.00752926620627,0.0646957624049257,1429,0.0015140550717666,1.00020010008207,1.00091003533509,0.514150361144972,1.01993410654953,0.2694,0.9077,0.7061,0.0021889697538627,3788.74,8.4,15.2,1502.7,4529.394379,0.1015789601,10.0,0.074,776.19720078,5.0,0.213,0.109744094,0.0051778776,-15.0,-8.0,35.0,-20.0,-30.0,10.0
2020-10-23,310,"-72.731,41.8028",9003,"Connecticut, Hartford",0.0873396014428478,1.65453675771286,0.0189437177452148,16911,1.00742127790856,1.00752926620627,0.0862752054875525,1459,0.0016343731411666,1.00137837021967,1.00091003533509,0.514150361144972,1.01993410654953,0.3111,0.8905,0.737,0.0025014086526559,2563.98,4.1,16.5,1300.7,6084.2882079,0.1135624802,7.6,0.099,445.82743209,5.0,0.262,0.1323965466,0.0056491732,-17.0,-9.0,19.0,-34.0,-30.0,10.0
2020-10-23,311,"-73.2451,41.7938",9005,"Connecticut, Litchfield",0.0814956855225312,0.938650882607903,0.011517798477177,2086,1.00901384184752,1.00752926620627,0.0685522531160115,143,0.0007895710365466,1.0,1.00091003533509,0.514150361144972,1.01993410654953,0.1054,0.5374,0.1573,0.0015018414121726,2779.23,3.9,19.9,168.9,5932.976938,0.1206314117,7.9,0.091,132.24805772,3.7,0.277,0.0163270039,0.003307364,-5.0,-10.0,134.0,,-19.0,8.0
2020-10-23,312,"-72.5371,41.4595",9007,"Connecticut, Middlesex",0.108472746896924,1.23553927293739,0.0113903197649402,1853,1.00961044897217,1.00752926620627,0.105774419859687,196,0.0012048044651528,1.00220592524171,1.00091003533509,0.514150361144972,1.01993410654953,0.0529,0.5842,0.3483,0.001321596734734,2767.54,3.2,19.0,398.8,5466.1101854,0.1131644061,8.6,0.072,250.48928351,4.3,0.255,0.0478295079,0.0027599857,-9.0,-1.0,114.0,18.0,-27.0,9.0
2020-10-23,313,"-72.9362,41.408",9009,"Connecticut, New Haven",0.0703360080240722,1.30827172873767,0.0186003124927124,15952,1.00588553834329,1.00752926620627,0.0703360080240722,1122,0.0013082717287376,1.00038255569445,1.00091003533509,0.514150361144972,1.01993410654953,0.3357,0.8676,0.801,0.0037265921970103,2462.6,5.0,16.6,1362.4,6218.7764347,0.1284395197,8.4,0.098,550.06085011,5.0,0.281,0.1282782584,0.0053601828,-14.0,-9.0,11.0,-22.0,-27.0,9.0
2020-10-23,314,"-72.1043,41.489",9011,"Connecticut, New London",0.257235676314235,3.26481348206789,0.0126919155571549,3386,1.02117781060482,1.00752926620627,0.0398700531600709,135,0.0005060273479668,1.0065157606758,1.00091003533509,0.514150361144972,1.01993410654953,0.2283,0.7558,0.5396,0.0017429830874415,2486.2,4.0,17.2,400.1,6399.7834388,0.1235083973,7.8,0.088,206.53529885,4.3,0.296,0.0571436068,0.011788563,-18.0,-7.0,48.0,,-24.0,9.0
2020-10-23,315,"-72.3308,41.8585",9013,"Connecticut, Tolland",0.0972809667673716,1.06678328396976,0.0109660020805587,1655,1.01043523609054,1.00752926620627,0.0410876132930514,68,0.0004505668528567,1.00211868206821,1.00091003533509,0.514150361144972,1.01993410654953,0.0806,0.5002,0.3461,0.0011529210646629,2696.32,2.6,14.8,295.7,5008.4252114,0.1054348999,8.1,0.082,108.83786359,5.0,0.249,0.032606463,0.0026768972,-11.0,-12.0,,13.0,-21.0,10.0
2020-10-23,316,"-71.9818,41.8297",9015,"Connecticut, Windham",0.159386973180077,1.77736761602023,0.0111512727832039,1305,1.01290135608367,1.00752926620627,0.0130268199233716,17,0.0001452656224631,1.0,1.00091003533509,0.514150361144972,1.01993410654953,0.3535,0.7007,0.5428,0.0019995385680227,2061.15,4.1,15.7,197.2,7089.6984156,0.1435695184,7.2,0.111,109.30071191,4.3,0.303,0.0185512745,0.006998385,-4.0,6.0,53.0,-25.0,-18.0,7.0
2020-10-23,317,"-75.5688,39.0865",10001,"Delaware, Kent",0.0568888888888889,1.07532903948474,0.0189022682721927,3375,1.00443751754809,1.00603155270866,0.0352592592592593,119,0.0006664799775973,1.0,1.00278619869418,0.620149901103321,1.00934118036093,0.4764,0.7819,0.8373,0.0013217586110333,1899.38,7.1,16.3,291.4,7952.4548724,0.168237595,9.3,0.131,67.989933425,5.0,0.354,0.2546625595,0.0074264912,-4.0,-3.0,,-45.0,-25.0,6.0
2020-10-23,318,"-75.6405,39.5799",10003,"Delaware, New Castle",0.0890250786226917,1.97377242618467,0.0221709708850689,12401,1.0065017397555,1.00603155270866,0.0272558664623821,338,0.0006042890217847,1.00342775292935,1.00278619869418,0.620149901103321,1.00934118036093,0.2704,0.8504,0.5562,0.0029946275487856,2456.88,4.9,14.7,1355.6,7701.2033014,0.1524255813,10.0,0.105,381.47287538,5.0,0.287,0.2485076028,0.0046126203,-16.0,-7.0,7.0,-34.0,-37.0,11.0
2020-10-23,319,"-75.3903,38.6614",10005,"Delaware, Sussex",0.0714192453322888,2.38566680913793,0.0334036966932128,7659,1.00597858360709,1.00603155270866,0.0283326805065936,217,0.0009464162661479,1.00333570524763,1.00278619869418,0.620149901103321,1.00934118036093,0.299,0.7679,0.4247,0.0020803712394127,2216.91,6.7,26.1,246.1,8084.788322,0.1608500117,9.2,0.129,70.242958413,5.0,0.329,0.1179095104,0.0111302042,1.0,4.0,127.0,-4.0,-15.0,5.0
2020-10-23,320,"-77.0166,38.9042",11001,"District Of Columbia, District of Columbia",0.0466831952591159,1.09900278309643,0.0235417215337637,16537,1.00324669102929,1.00324669102929,0.0388220354356897,642,0.0009139375476009,1.0008932587675,1.0008932587675,0.773793339075101,1.01070164370626,0.4223,0.9223,0.9739,0.0052444640581959,3130.87,3.7,11.9,19289.8,8111.2509454,0.1596559215,9.7,0.081,465.37923742,3.3,0.235,0.4489070474,0.0061156942,-45.0,-19.0,-29.0,-64.0,-53.0,17.0
2020-10-23,321,"-82.3593,29.6787",12001,"Florida, Alachua",0.109513612725604,3.97842611388523,0.0363281423639408,9807,1.00932614570779,1.00439595467448,0.007545630671969,74,0.000274118745277,1.00797014400208,1.00475231871698,0.531166457152985,1.00588130847263,0.5105,0.7615,0.8937,0.0065381025055935,1742.95,8.4,13.2,296.5,6823.5713755,0.1638085209,8.3,0.088,331.22667941,5.0,0.267,0.1995954896,0.0035968825,-22.0,-8.0,-25.0,-30.0,-29.0,10.0
2020-10-23,322,"-82.2847,30.3306",12003,"Florida, Baker",0.0766105629715612,4.65526362193617,0.0607652971257274,1723,1.00576885450968,1.00439595467448,0.0104468949506674,18,0.0006348086757185,1.00819891621082,1.00475231871698,0.531166457152985,1.00588130847263,0.6102,0.4903,0.6597,0.0410156938811497,1678.5,10.0,13.8,42.0,10068.402091,0.2273195642,8.4,0.155,26.04254203,4.3,0.379,0.1381414213,0.0044083936,-3.0,8.0,,,-19.0,2.0
2020-10-23,323,"-85.6212,30.2655",12005,"Florida, Bay",0.0501595987232102,1.78102079476704,0.035507078208401,6579,1.00408298525991,1.00439595467448,0.0200638394892841,132,0.0007124083179068,1.00781440076348,1.00475231871698,0.531166457152985,1.00588130847263,0.4389,0.6705,0.7144,0.0040585685989842,1774.25,13.1,16.5,229.4,9720.5068307,0.2270820448,9.8,0.114,181.5096438,5.0,0.291,0.1121449427,0.0082844452,4.0,9.0,70.0,-10.0,-19.0,3.0
2020-10-23,324,"-82.1661,29.9508",12007,"Florida, Bradford",0.0420098846787479,1.8390307226309,0.0437761430838021,1214,1.0023759148325,1.00439595467448,0.0123558484349259,15,0.000540891389009,1.04530409898895,1.00475231871698,0.531166457152985,1.00588130847263,0.8468,0.5132,0.9927,0.0009014856483484,1411.01,11.3,17.8,78.5,10390.223848,0.2294073777,8.1,0.123,79.42360459,4.3,0.366,0.196920525,0.0049762008,-16.0,4.0,,,-20.0,3.0
2020-10-23,325,"-80.7309,28.2941",12009,"Florida, Brevard",0.101423653112497,1.82625756263309,0.0180062293813008,10747,1.00773072647083,1.00439595467448,0.0327533265097236,352,0.0005897639101347,1.00624056961169,1.00475231871698,0.531166457152985,1.00588130847263,0.3197,0.695,0.3489,0.0029622232759039,1942.95,10.2,23.1,557.3,8820.0983655,0.1686641229,7.3,0.131,267.35262962,5.0,0.296,0.0996198368,0.0046209343,-19.0,-12.0,-10.0,-20.0,-26.0,7.0
2020-10-23,326,"-80.4873,26.1518",12011,"Florida, Broward",0.0442066869300912,1.86341133421482,0.0421522503408054,82250,1.00376962065161,1.00439595467448,0.018468085106383,1519,0.0007784713467195,1.00256538810996,1.00475231871698,0.531166457152985,1.00588130847263,0.4232,0.972,0.6638,0.0034044668573127,2179.94,14.2,15.9,1490.7,6339.0523989,0.1459379255,6.6,0.093,817.35987366,5.0,0.246,0.2834522309,0.0040537909,-24.0,-15.0,-25.0,-42.0,-32.0,11.0
2020-10-23,327,"-85.1939,30.4067",12013,"Florida, Calhoun",0.0875179340028694,4.18180571741962,0.0477822718859258,697,1.00825970748289,1.00439595467448,0.0200860832137733,14,0.0009597586892438,1.0,1.00475231871698,0.531166457152985,1.00588130847263,0.7758,0.5813,0.9026,0.0017138548022211,1071.66,16.5,18.4,21.4,10649.098248,0.2238488545,9.7,0.168,26.067560806,3.0,0.364,0.1300473024,0.0132995133,,,,,-18.0,
2020-10-23,328,"-81.9295,26.9013",12015,"Florida, Charlotte",0.0738372093023256,1.3729878160845,0.0185947956194121,3440,1.00525838188779,1.00439595467448,0.0453488372093023,156,0.0008432523594849,1.0046645840926,1.00475231871698,0.531166457152985,1.00588130847263,0.3783,0.6434,0.547,0.0044486967426674,1841.2,10.4,39.0,246.2,8115.1485863,0.1576080571,7.7,0.129,118.01111147,5.0,0.279,0.0550276219,0.0040108542,-21.0,-9.0,-36.0,-13.0,-25.0,3.0
2020-10-23,329,"-82.4761,28.848",12017,"Florida, Citrus",0.0624393400194112,1.3046799478128,0.0208951591641936,3091,1.00485322405171,1.00439595467448,0.0420575865415723,130,0.000878799964848,1.00677324750725,1.00475231871698,0.531166457152985,1.00588130847263,0.6697,0.4814,0.5304,0.0022443199102272,1566.44,10.2,35.9,227.3,11763.370312,0.1958715605,8.1,0.15,59.524640301,5.0,0.293,0.0286894389,0.0043263998,-14.0,-8.0,-22.0,,-15.0,3.0
2020-10-23,330,"-81.8561,29.9832",12019,"Florida, Clay",0.082651670074983,2.24462216298271,0.0271576141286238,5868,1.00680329562487,1.00439595467448,0.0199386503067485,117,0.0005414861712762,1.0049818133268,1.00475231871698,0.531166457152985,1.00588130847263,0.3739,0.7424,0.2206,0.0019252841645377,2087.6,10.3,14.9,275.2,7659.1940487,0.1988600481,8.6,0.114,155.67172389,5.0,0.321,0.1132400311,0.0056462661,-13.0,-7.0,3.0,,-30.0,8.0
2020-10-23,331,"-81.3469,26.1109",12021,"Florida, Collier",0.0559001731102135,2.04762106064129,0.0366299592061043,13864,1.00453247396189,1.00439595467448,0.0179601846508944,249,0.0006578808310963,1.0040819041273,1.00475231871698,0.531166457152985,1.00588130847263,0.2889,0.9195,0.609,0.0027768383673987,2783.47,15.4,30.9,188.3,5204.643879,0.1444190985,7.7,0.087,161.17831902,4.3,0.213,0.0669294667,0.004782186,-29.0,-21.0,-39.0,-35.0,-29.0,4.0
2020-10-23,332,"-82.6216,30.2251",12023,"Florida, Columbia",0.050986050986051,3.00696424265634,0.0589762137781371,4158,1.00373129045554,1.00439595467448,0.0170755170755171,71,0.0010070493454179,1.00202843091562,1.00475231871698,0.531166457152985,1.00588130847263,0.7589,0.5536,0.9726,0.0049075925847127,1412.79,12.5,18.0,85.7,10346.03331,0.2329481531,8.8,0.15,101.54496565,5.0,0.359,0.1803753032,0.0057869878,-11.0,7.0,-4.0,-6.0,-10.0,3.0
2020-10-23,333,"-81.8094,27.1868",12027,"Florida, DeSoto",0.0292504570383912,1.28037557683587,0.0437728400330764,1641,1.00281723870761,1.00439595467448,0.0176721511273614,29,0.0007735602443383,1.01026070714042,1.00475231871698,0.531166457152985,1.00588130847263,0.8831,0.9472,0.9643,0.0013070500680199,1240.16,19.2,21.3,56.4,8281.4105592,0.213119303,7.5,0.147,116.16239505,4.0,0.316,0.1191549521,0.0109898904,-33.0,-23.0,-37.0,,-32.0,3.0
2020-10-23,334,"-83.1572,29.6063",12029,"Florida, Dixie",0.0398179749715586,2.09580838323353,0.0526347305389222,879,1.00279384224062,1.00439595467448,0.012514220705347,11,0.0006586826347305,1.0,1.00475231871698,0.531166457152985,1.00588130847263,0.8417,0.3416,0.9904,,1275.53,16.2,22.7,21.1,10796.459766,0.2465165047,8.1,0.154,25.987428575,3.0,0.342,0.0956886228,0.0058083832,,,,,-20.0,
2020-10-23,335,"-81.6698,30.3323",12031,"Florida, Duval",0.0646157500890842,2.29008999338021,0.0354416684821103,33676,1.00513942562392,1.00439595467448,0.0152037059033139,512,0.0005388447043247,1.00339382124541,1.00475231871698,0.531166457152985,1.00588130847263,0.4704,0.8937,0.8281,0.0040613314726352,1843.78,11.8,13.4,1249.3,9656.6382404,0.1979015836,8.5,0.119,421.52154203,5.0,0.314,0.2946543869,0.004526506,-16.0,-8.0,-14.0,-26.0,-31.0,8.0
2020-10-23,336,"-87.3728,30.6765",12033,"Florida, Escambia",0.0412795125666413,1.71772297121705,0.0416119974392617,13130,1.00322921159376,1.00439595467448,0.0204874333587205,269,0.0008525230244601,1.00106667151864,1.00475231871698,0.531166457152985,1.00588130847263,0.4653,0.7256,0.6896,0.0056539073443749,1671.05,10.3,16.2,506.1,9782.5172693,0.2024583017,9.9,0.131,256.80440351,5.0,0.293,0.2271831245,0.0089942764,-11.0,-4.0,6.0,20.0,-24.0,4.0
2020-10-23,337,"-81.3151,29.4593",12035,"Florida, Flagler",0.1002457002457,1.82033961826407,0.0181587800155264,2035,1.00955087591851,1.00439595467448,0.0181818181818182,37,0.0003301596366459,1.01647863522043,1.00475231871698,0.531166457152985,1.00588130847263,0.3229,0.7784,0.1019,0.0008834001088634,1737.15,13.4,29.5,202.7,7549.7034441,0.1742753178,7.5,0.121,130.17691507,5.0,0.259,0.0996279012,0.0039976086,-14.0,-5.0,-10.0,,-23.0,6.0
2020-10-23,338,"-84.8273,29.8379",12037,"Florida, Franklin",0.10719131614654,6.73142467620995,0.0627982276755283,737,1.0102969762203,1.00439595467448,0.005427408412483,4,0.0003408316291751,1.0,1.00475231871698,0.531166457152985,1.00588130847263,0.8099,0.6186,0.8781,0.0021301976823449,1649.76,18.3,21.4,19.5,8765.344425,0.1952304626,9.1,0.12,45.603594623,3.0,0.355,0.1215916837,0.0099693252,,,,,-15.0,
2020-10-23,339,"-84.6192,30.578",12039,"Florida, Gadsden",0.032258064516129,2.13535538414608,0.0661960169085283,3038,1.00156148015489,1.00439595467448,0.0177748518762344,54,0.0011766243953458,1.00819891621082,1.00475231871698,0.531166457152985,1.00588130847263,0.9306,0.9366,0.9841,0.0273020438401534,1269.34,14.1,16.5,78.3,9926.2317023,0.2037359451,10.6,0.2,35.224323392,3.7,0.428,0.5512267399,0.0058395433,-5.0,-2.0,,-3.0,-27.0,6.0
2020-10-23,340,"-82.7988,29.7286",12041,"Florida, Gilchrist",0.13,4.27256792287467,0.0328659070990359,600,1.01570361086506,1.00439595467448,0.03,18,0.000985977212971,1.00819891621082,1.00475231871698,0.531166457152985,1.00588130847263,0.7382,0.5871,0.5314,,1422.7,17.6,20.0,44.7,8968.3750377,0.2125315772,8.2,0.151,30.606464712,4.0,0.377,0.0541739702,0.006847064,,,,,-13.0,
2020-10-23,341,"-81.19,26.9564",12043,"Florida, Glades",0.0269814502529511,1.16584086272224,0.043208976974643,593,1.00218716209567,1.00439595467448,0.0101180438448567,6,0.0004371903235208,1.0,1.00475231871698,0.531166457152985,1.00588130847263,0.908,0.9099,0.738,,1400.62,24.1,25.9,11.5,9577.6118428,0.2043130385,7.1,0.208,43.210414721,3.0,0.364,0.1302827164,0.0518799184,,,-61.0,,-30.0,
2020-10-23,342,"-85.2427,29.9354",12045,"Florida, Gulf",0.0408163265306122,2.35090324177184,0.05759712942341,931,1.00216688788997,1.00439595467448,0.0161117078410312,15,0.000927988121752,1.0,1.00475231871698,0.531166457152985,1.00588130847263,0.7296,0.5097,0.4352,0.0011754516208859,1470.26,10.4,19.9,22.7,9692.1440267,0.2020930676,9.1,0.127,55.682423975,3.3,0.331,0.1682751794,0.0066196486,,,,,-17.0,
2020-10-23,343,"-82.95,30.4967",12047,"Florida, Hamilton",0.0212527964205817,1.3277428371768,0.0624737945492662,894,1.00096246747217,1.00439595467448,0.0100671140939597,9,0.00062893081761,1.0,1.00475231871698,0.531166457152985,1.00588130847263,0.9895,0.8768,0.9857,,1115.99,13.7,16.5,23.7,9930.5630528,0.2212851741,9.2,0.152,17.224570304,3.0,0.413,0.3212438854,0.0105520615,,,,1.0,-14.0,
2020-10-23,344,"-81.8096,27.4929",12049,"Florida, Hardee",0.0815147625160462,4.66140576252523,0.0571848045512938,1558,1.00505196434343,1.00439595467448,0.0102695763799743,16,0.0005872637181134,1.05498614657627,1.00475231871698,0.531166457152985,1.00588130847263,0.9115,0.9519,0.9949,0.0009175995595522,1261.02,11.7,15.4,43.6,6848.0053276,0.1916888247,7.6,0.163,92.13345483,4.0,0.385,0.066617728,0.0117452744,-18.0,-32.0,-11.0,,-29.0,2.0
2020-10-23,345,"-81.1647,26.5539",12051,"Florida, Hendry",0.033609576427256,1.75666570411012,0.0522668206757147,2172,1.00232347018799,1.00439595467448,0.0197974217311234,43,0.0010347482914621,1.0,1.00475231871698,0.531166457152985,1.00588130847263,0.9697,0.9885,0.9892,0.0006015978438733,1325.37,25.6,13.2,35.4,8548.2935987,0.1979327403,7.3,0.112,87.783525108,3.7,0.345,0.1082154202,0.0203340071,-18.0,-24.0,-50.0,,-25.0,4.0
2020-10-23,346,"-82.427,28.5536",12053,"Florida, Hernando",0.0679694137638063,1.25743326434915,0.0184999869017368,3531,1.00715947973177,1.00439595467448,0.0467289719626168,165,0.00086448536924,1.01274707972237,1.00475231871698,0.531166457152985,1.00588130847263,0.6357,0.6514,0.213,0.0032483692662353,1523.1,12.2,27.5,353.0,8733.9346063,0.1921522308,8.3,0.158,79.197461944,5.0,0.318,0.0515600031,0.0048620753,-12.0,-10.0,-22.0,,-17.0,5.0
2020-10-23,347,"-81.3407,27.3425",12055,"Florida, Highlands",0.0832332933173269,1.97298527849446,0.0237042798603734,2499,1.00543256519869,1.00439595467448,0.0444177671068427,111,0.0010528911822734,1.01502026074307,1.00475231871698,0.531166457152985,1.00588130847263,0.8213,0.8618,0.8001,0.0030638184853543,1325.01,11.1,34.8,94.0,9561.8221683,0.1873496139,7.5,0.156,118.3564144,5.0,0.305,0.0959838367,0.0066303688,-24.0,-16.0,-29.0,,-23.0,3.0
2020-10-23,348,"-82.3201,27.9277",12057,"Florida, Hillsborough",0.0587904967602592,1.89437172556247,0.0322224139946885,46300,1.0046806797607,1.00439595467448,0.0163066954643628,755,0.000525441092138,1.00403794786495,1.00475231871698,0.531166457152985,1.00588130847263,0.45,0.9459,0.8099,0.003417106970063,2080.88,12.6,13.8,1412.8,6871.6871571,0.1745554437,7.1,0.098,444.71099378,5.0,0.244,0.1590708531,0.0052495393,-20.0,-14.0,-13.0,-39.0,-32.0,9.0
2020-10-23,349,"-85.8132,30.8675",12059,"Florida, Holmes",0.0918604651162791,4.05606612928069,0.044154643939005,860,1.00823832823233,1.00439595467448,0.013953488372093,12,0.0006161113107768,1.02638809625704,1.00475231871698,0.531166457152985,1.00588130847263,0.972,0.4187,0.9124,0.001026852184628,1076.2,17.7,19.8,33.5,9908.2141862,0.2085774723,10.1,0.144,32.360665198,4.0,0.334,0.0665913642,0.0104225497,,,,,-13.0,
2020-10-23,350,"-80.6056,27.6931",12061,"Florida, Indian River",0.0614277808522413,1.41030283394637,0.022958713702172,3614,1.00557735079723,1.00439595467448,0.0340343110127283,123,0.0007813840025919,1.0023447173856,1.00475231871698,0.531166457152985,1.00588130847263,0.3844,0.7523,0.3403,0.0038878618665548,2115.03,11.8,31.6,305.2,6882.7112621,0.1548721559,7.0,0.123,142.76018872,5.0,0.263,0.0903038504,0.0043706682,-20.0,-21.0,-17.0,-10.0,-22.0,5.0
2020-10-23,351,"-85.215,30.7955",12063,"Florida, Jackson",0.0502920181700195,3.20877755925888,0.0638029189524894,3082,1.00385977958412,1.00439595467448,0.026930564568462,83,0.0017182486285063,1.0,1.00475231871698,0.531166457152985,1.00588130847263,0.9191,0.751,0.9784,0.0018010557913259,1223.84,11.3,18.5,45.8,10331.298583,0.2305529709,10.5,0.159,30.517352701,4.0,0.367,0.2645688852,0.0087568575,-8.0,-8.0,,-7.0,-15.0,2.0
2020-10-23,352,"-83.8944,30.4367",12065,"Florida, Jefferson",0.1,4.47928331466965,0.0447928331466965,640,1.00735452613864,1.00439595467448,0.0140625,9,0.0006298992161254,1.0,1.00475231871698,0.531166457152985,1.00588130847263,0.6137,0.6412,0.4979,,1463.27,7.3,22.0,18.9,9864.2944048,0.1957505312,10.0,0.133,45.326484843,3.7,0.34,0.3374860022,0.0041293393,,,,-14.0,-23.0,
2020-10-23,353,"-83.1817,29.9848",12067,"Florida, Lafayette",0.016600790513834,2.40494732020156,0.144869445716903,1265,1.0012484472292,1.00439595467448,0.0118577075098814,15,0.0017178195144296,,1.00475231871698,0.531166457152985,1.00588130847263,0.9538,0.8628,0.9975,,1367.84,16.6,13.5,11.6,9426.1607494,0.2230195641,8.7,0.147,41.54326941,3.0,0.325,0.1306688044,0.0081310124,,,,,-18.0,
2020-10-23,354,"-81.7125,28.762",12069,"Florida, Lake",0.0621401151631478,1.45303580695381,0.0233832171559208,8336,1.00505331569789,1.00439595467448,0.0272312859884837,227,0.0006367550737036,1.01049640247838,1.00475231871698,0.531166457152985,1.00588130847263,0.4643,0.7622,0.5855,0.0025161643220802,1796.85,10.3,26.3,274.8,7814.4581498,0.1684582545,8.2,0.126,189.65241413,5.0,0.303,0.1033815341,0.0060730165,-16.0,-12.0,-26.0,-27.0,-28.0,7.0
2020-10-23,355,"-81.884,26.5841",12071,"Florida, Lee",0.0560404637214091,1.65913518241211,0.0296060216535694,22341,1.0047438695315,1.00439595467448,0.0223803768855468,500,0.0006625939226885,1.00318299915323,1.00475231871698,0.531166457152985,1.00588130847263,0.408,0.8768,0.6103,0.002888909502922,2064.84,13.3,27.6,870.4,7344.1000555,0.1434388772,7.6,0.11,189.19737845,5.0,0.259,0.0808364586,0.0050251123,-25.0,-17.0,-25.0,-44.0,-28.0,5.0
2020-10-23,356,"-84.2749,30.4596",12073,"Florida, Leon",0.0666441707440526,2.7008362335984,0.0405262186241462,11854,1.00455285899317,1.00439595467448,0.0085203306900624,101,0.0003452967842954,1.00727955742922,1.00475231871698,0.531166457152985,1.00588130847263,0.5022,0.689,0.8497,0.0041298862913757,1938.73,8.1,12.4,446.8,6313.7659926,0.1732757863,10.5,0.084,197.39840931,5.0,0.307,0.3103055706,0.0034221988,-21.0,-11.0,3.0,-24.0,-37.0,12.0
2020-10-23,357,"-82.7401,29.3183",12075,"Florida, Levy",0.0351035103510351,0.956585724797645,0.0272504292371842,1111,1.00246727205203,1.00439595467448,0.0108010801080108,12,0.0002943340691685,1.02638809625704,1.00475231871698,0.531166457152985,1.00588130847263,0.8064,0.638,0.469,0.000981113563895,1256.02,15.2,23.5,33.6,10525.156235,0.2361738764,8.2,0.149,46.2905613,3.7,0.32,0.0895511405,0.0073092961,-3.0,-10.0,-7.0,,-18.0,1.0
2020-10-23,358,"-84.8829,30.2377",12077,"Florida, Liberty",0.0188679245283019,1.18245240629065,0.0626699775334043,530,1.00272487645568,1.00439595467448,0.0188679245283019,10,0.0011824524062906,1.0,1.00475231871698,0.531166457152985,1.00588130847263,0.835,0.7202,0.7507,,1373.1,15.2,15.6,9.4,7446.3682336,0.235530174,9.3,0.133,22.432322975,3.0,0.393,0.1890741398,0.0119427693,,,,,-23.0,
2020-10-23,359,"-83.474,30.444",12079,"Florida, Madison",0.0318352059925094,1.8349614118409,0.05763937611312,1068,1.00256763518975,1.00439595467448,0.0224719101123595,24,0.0012952668789465,1.0,1.00475231871698,0.531166457152985,1.00588130847263,0.872,0.7291,0.9971,0.0013492363322359,1111.59,12.7,19.7,23.6,9616.2010143,0.2068669669,9.7,0.172,47.520594557,3.7,0.352,0.3729289222,0.0070699984,,,,2.0,-14.0,
2020-10-23,360,"-82.3183,27.472",12081,"Florida, Manatee",0.0641015594389154,2.07164655379823,0.0323181927543022,12761,1.00522348536183,1.00439595467448,0.0253898597288614,324,0.000820554380722,1.0035780004165,1.00475231871698,0.531166457152985,1.00588130847263,0.3443,0.8195,0.6511,0.0020412556508085,2086.43,12.2,26.5,491.7,7935.2432893,0.1521862411,8.1,0.103,339.62372792,5.0,0.265,0.0844689823,0.0050600853,-22.0,-15.0,-17.0,-22.0,-24.0,5.0
2020-10-23,361,"-82.058,29.2123",12083,"Florida, Marion",0.0489002171245162,1.43898082377485,0.0294268800506699,10593,1.00400118742089,1.00439595467448,0.032285471537808,342,0.0009500606983223,1.00338711536739,1.00475231871698,0.531166457152985,1.00588130847263,0.7134,0.6998,0.6281,0.0023862635668389,1586.54,11.4,28.4,212.3,10928.146608,0.1866500418,8.5,0.151,99.909534653,5.0,0.304,0.1250885473,0.0052058882,-14.0,-8.0,-14.0,-6.0,-24.0,5.0
2020-10-23,362,"-80.4311,27.0772",12085,"Florida, Martin",0.0376889229003252,1.22427165158596,0.0324835935169534,5227,1.00309909233478,1.00439595467448,0.0311842356992539,163,0.0010129760365914,1.00908563743716,1.00475231871698,0.531166457152985,1.00588130847263,0.2108,0.7689,0.6912,0.0029705677637466,2551.82,10.4,30.1,240.9,7075.6716376,0.143212814,7.1,0.092,183.87124164,5.0,0.194,0.0522210898,0.0093405091,-21.0,-15.0,-19.0,-13.0,-30.0,5.0
2020-10-23,363,"-80.5517,25.6112",12086,"Florida, Miami-Dade",0.0375407901516369,2.45366693933656,0.0653600238414155,180497,1.00295351065079,1.00439595467448,0.0198618259583262,3585,0.0012981694181702,1.00339286163753,1.00475231871698,0.531166457152985,1.00588130847263,0.6936,0.9968,0.8988,0.0034386099846428,1932.47,16.8,15.6,1418.0,5314.1337506,0.1647941001,7.2,0.075,1079.4594662,5.0,0.222,0.1557966252,0.0027907927,-21.0,-11.0,-42.0,-45.0,-30.0,10.0
2020-10-23,364,"-81.0781,25.209",12087,"Florida, Monroe",0.101830126701079,2.89229210817439,0.0284031082143762,2131,1.00896057519407,1.00439595467448,0.011731581417175,25,0.0003332133765177,1.00584875104734,1.00475231871698,0.531166457152985,1.00588130847263,0.1048,0.8717,0.9777,0.0019726231889853,2689.48,18.2,21.3,73.9,7595.9345321,0.1717289846,8.0,0.063,286.19900953,4.3,0.215,0.0613245898,0.0051714716,-27.0,-19.0,-30.0,-32.0,-25.0,3.0
2020-10-23,365,"-81.803,30.6104",12089,"Florida, Nassau",0.0708001675743611,1.96896262466213,0.0278101407400503,2387,1.00475739736334,1.00439595467448,0.0209467951403435,50,0.0005825333209059,1.0,1.00475231871698,0.531166457152985,1.00588130847263,0.164,0.411,0.3031,0.0006291359865784,2422.91,10.5,20.9,108.3,9369.1873976,0.1938886901,8.9,0.111,22.901143163,5.0,0.283,0.0573678814,0.0049981359,-12.0,5.0,17.0,-57.0,-23.0,4.0
2020-10-23,366,"-86.5927,30.6914",12091,"Florida, Okaloosa",0.119123306006358,3.43514949172332,0.0288369220674582,5977,1.00819749874183,1.00439595467448,0.0215827338129496,129,0.0006223796129667,1.00223468145885,1.00475231871698,0.531166457152985,1.00588130847263,0.2599,0.7112,0.6313,0.0032469882133845,2190.0,11.7,15.4,223.9,8033.6879395,0.1846803109,10.1,0.111,221.84150497,5.0,0.27,0.096111816,0.0072610955,0.0,0.0,63.0,8.0,-18.0,4.0
2020-10-23,367,"-80.8894,27.3863",12093,"Florida, Okeechobee",0.0418879056047198,1.70931940197896,0.0408069913571033,1695,1.00315793066451,1.00439595467448,0.0218289085545723,37,0.0008907720827214,1.0,1.00475231871698,0.531166457152985,1.00588130847263,0.9232,0.901,0.8704,0.0024074921154633,1443.64,16.1,19.2,44.4,10182.585343,0.2146020926,7.1,0.143,140.2543781,3.7,0.33,0.0852492958,0.015576474,-20.0,-18.0,-45.0,-33.0,-25.0,2.0
2020-10-23,368,"-81.318,28.5137",12095,"Florida, Orange",0.0644536964104872,2.07439276570009,0.0321842327318029,44435,1.0054438348893,1.00439595467448,0.0119725441656352,532,0.0003853271478185,1.00107875367025,1.00475231871698,0.531166457152985,1.00588130847263,0.4924,0.9637,0.787,0.0034657714329172,2059.28,13.3,11.4,1546.3,6255.9696775,0.1559988113,6.9,0.092,511.67187529,5.0,0.252,0.2023546965,0.0056727109,-27.0,-18.0,-33.0,-46.0,-35.0,11.0
2020-10-23,369,"-81.1488,28.0631",12097,"Florida, Osceola",0.0544406334379333,2.02722900078806,0.0372374249300253,13703,1.00413334530771,1.00439595467448,0.0135736699992702,186,0.0005054485176227,1.00630020955784,1.00475231871698,0.531166457152985,1.00588130847263,0.7099,0.9822,0.5501,0.0025951792168265,1668.96,14.5,12.8,204.3,6628.4335598,0.1779141006,8.1,0.114,270.94367844,5.0,0.301,0.0956004239,0.008149678,-20.0,-12.0,-22.0,-29.0,-29.0,9.0
2020-10-23,370,"-80.4654,26.6468",12099,"Florida, Palm Beach",0.0448964006511385,1.50342442936833,0.0334865247005096,49759,1.00367961485744,1.00439595467448,0.0311300468256999,1549,0.0010424370819568,1.00731052682388,1.00475231871698,0.531166457152985,1.00588130847263,0.3723,0.9379,0.6485,0.00262931031582,2437.02,13.0,23.3,665.1,6931.0624528,0.1591610596,5.9,0.099,586.494146,5.0,0.212,0.1859488365,0.0058649704,-22.0,-13.0,-20.0,-36.0,-28.0,9.0
2020-10-23,371,"-82.4023,28.3081",12101,"Florida, Pasco",0.0724581971939266,1.39725367381354,0.0192835831958935,10406,1.00492810300836,1.00439595467448,0.0218143378819912,227,0.0004206585994107,1.00383409081606,1.00475231871698,0.531166457152985,1.00588130847263,0.4774,0.7361,0.66,0.0024350017604655,1827.55,11.5,22.5,607.7,8713.9277844,0.1862961317,8.6,0.13,167.0639691,5.0,0.316,0.0557456035,0.0047773474,-11.0,-13.0,-25.0,-10.0,-24.0,6.0
2020-10-23,372,"-82.7224,27.9313",12103,"Florida, Pinellas",0.074158215010142,1.87433352473136,0.0252747928799934,24650,1.00609795827534,1.00439595467448,0.0329411764705882,812,0.0008325814125174,1.00356906089056,1.00475231871698,0.531166457152985,1.00588130847263,0.293,0.773,0.8112,0.0039578377491592,1978.92,10.9,23.9,3409.5,8090.5776136,0.1641154198,6.8,0.105,347.78292649,5.0,0.254,0.1045935526,0.0038747847,-22.0,-14.0,-1.0,-24.0,-29.0,8.0
2020-10-23,373,"-81.6973,27.9503",12105,"Florida, Polk",0.0647915168943206,2.03669727362223,0.0314346286558504,22256,1.00524331382805,1.00439595467448,0.0266445003594536,593,0.00083755997452,1.00591944606919,1.00475231871698,0.531166457152985,1.00588130847263,0.722,0.9061,0.9013,0.0025324536834983,1713.07,12.7,20.0,324.0,8155.6395586,0.1913550896,8.3,0.149,197.18580363,5.0,0.371,0.1463187615,0.006673644,-16.0,-10.0,-16.0,-16.0,-30.0,7.0
2020-10-23,374,"-81.7423,29.6078",12107,"Florida, Putnam",0.0628497632371933,1.96863665169963,0.0313228968623168,2323,1.00521118666167,1.00439595467448,0.0215238915195867,50,0.0006741906341437,1.01198288474998,1.00475231871698,0.531166457152985,1.00588130847263,0.949,0.78,0.9064,0.0013348974556045,1193.19,16.0,22.4,89.8,12710.036006,0.2362047179,8.0,0.173,81.31051632,4.3,0.387,0.1584482828,0.0071868722,-11.0,-7.0,-14.0,,-13.0,4.0
2020-10-23,375,"-81.4359,29.901",12109,"Florida, St. Johns",0.0865040650406504,2.09233818792501,0.0241877440897346,6150,1.00687513159656,1.00439595467448,0.0126829268292683,78,0.0003067713884551,1.0,1.00475231871698,0.531166457152985,1.00588130847263,0.0777,0.4747,0.1124,0.0013175437837497,2766.04,8.0,19.2,343.4,5738.5835846,0.1505904672,8.4,0.079,77.444195221,5.0,0.231,0.0522337283,0.0031581721,-5.0,-4.0,-4.0,-1.0,-27.0,8.0
2020-10-23,376,"-80.4711,27.3776",12111,"Florida, St. Lucie",0.0518679309950874,1.41376647318203,0.0272570439201814,8753,1.00443534314212,1.00439595467448,0.0369016337255798,323,0.0010058294511845,1.00542313956294,1.00475231871698,0.531166457152985,1.00588130847263,0.6096,0.9026,0.4941,0.0026033232854189,1751.4,13.7,23.3,491.1,7702.5003647,0.1806928261,7.0,0.116,267.92355184,5.0,0.298,0.1981857702,0.0056208116,-14.0,-10.0,-6.0,-4.0,-20.0,6.0
2020-10-23,377,"-87.0246,30.6934",12113,"Florida, Santa Rosa",0.0516496804283987,1.66714060295848,0.032277849332865,5789,1.00375744445706,1.00439595467448,0.0148557609258939,86,0.000479512012891,1.00336715580588,1.00475231871698,0.531166457152985,1.00588130847263,0.2436,0.5059,0.4225,0.0021466526158495,2107.21,9.3,15.4,138.8,7192.9009008,0.1921804774,10.1,0.112,106.24889501,5.0,0.301,0.0613385076,0.008776185,-2.0,4.0,23.0,,-27.0,5.0
2020-10-23,378,"-82.3317,27.1855",12115,"Florida, Sarasota",0.0776394152680022,1.68026659292554,0.021641927455603,9235,1.00624809861668,1.00439595467448,0.0354087709799675,327,0.0007663140528405,1.01190601993725,1.00475231871698,0.531166457152985,1.00588130847263,0.114,0.6788,0.4269,0.003791731307327,2355.01,11.0,35.4,773.8,7266.1413877,0.1503047218,7.8,0.09,256.92882092,5.0,0.214,0.0439142478,0.0031918035,-26.0,-16.0,-31.0,-42.0,-28.0,5.0
2020-10-23,379,"-81.2406,28.7159",12117,"Florida, Seminole",0.055690317364059,1.17777321773628,0.0211486174524188,9894,1.00490286399676,1.00439595467448,0.0238528401051142,236,0.0005044545905367,1.00182929275546,1.00475231871698,0.531166457152985,1.00588130847263,0.1965,0.8653,0.185,0.0019558302980557,2314.36,9.5,14.8,1283.7,6064.8264917,0.1564200647,7.7,0.093,355.37441841,5.0,0.266,0.1139148241,0.0043797774,-18.0,-11.0,-20.0,-29.0,-36.0,11.0
2020-10-23,380,"-82.0794,28.7018",12119,"Florida, Sumter",0.0745895788722341,1.62325053978906,0.0217624306817652,2802,1.00446325051001,1.00439595467448,0.029621698786581,83,0.000644640166519,1.00891547694473,1.00475231871698,0.531166457152985,1.00588130847263,0.15,0.5403,0.3104,0.0026329279090358,1910.8,5.6,55.6,220.8,8446.7560689,0.1220471541,8.3,0.161,48.672385078,5.0,0.293,0.0703356789,0.0040309427,-22.0,-13.0,-48.0,-1.0,-28.0,4.0
2020-10-23,381,"-82.991,30.1975",12121,"Florida, Suwannee",0.0481519159036962,3.21332397999593,0.0667330451901971,2949,1.00383673129477,1.00439595467448,0.0264496439471007,78,0.0017650652847865,1.0037176772541,1.00475231871698,0.531166457152985,1.00588130847263,0.8258,0.7249,0.9312,0.0003394356316897,1412.09,13.9,20.1,58.6,9446.1181842,0.2256795641,9.1,0.14,11.996801179,5.0,0.384,0.1239618927,0.0074675839,-1.0,-1.0,20.0,-68.0,-18.0,1.0
2020-10-23,382,"-83.6045,30.0485",12123,"Florida, Taylor",0.0452961672473868,3.00605836377931,0.0663645192618971,1435,1.00271719797681,1.00439595467448,0.0111498257839721,16,0.0007399528280072,1.01925902092718,1.00475231871698,0.531166457152985,1.00588130847263,0.8812,0.5909,0.9815,0.0022198584840216,1272.3,9.6,19.1,19.8,10593.946355,0.2378792935,9.0,0.133,59.58407211,3.7,0.345,0.1928039587,0.0097581279,-2.0,-7.0,,,-10.0,
2020-10-23,383,"-82.375,30.0441",12125,"Florida, Union",0.0849909584086799,6.29183400267738,0.0740294511378849,1106,1.00635864081696,1.00439595467448,0.0370705244122966,41,0.0027443105756358,1.06723152180738,1.00475231871698,0.531166457152985,1.00588130847263,0.9596,0.4683,0.8634,0.014524765729585,1238.55,10.8,14.5,51.1,16884.745639,0.2326413847,8.1,0.138,11.574555792,3.3,0.369,0.2194109772,0.0052878179,,,,,-14.0,
2020-10-23,384,"-81.1826,29.0586",12127,"Florida, Volusia",0.0701970443349754,1.56153545507344,0.0222450313950813,12180,1.00528227806441,1.00439595467448,0.0258620689655172,315,0.0005753025360796,1.00747480728295,1.00475231871698,0.531166457152985,1.00588130847263,0.4525,0.7033,0.5205,0.0036673253728508,1706.57,11.5,23.8,428.9,9435.706498,0.1836018578,7.6,0.129,255.71152587,5.0,0.298,0.1036622116,0.004733918,-17.0,-10.0,-3.0,-28.0,-26.0,6.0
2020-10-23,385,"-84.399,30.1655",12129,"Florida, Wakulla",0.0818394388152767,3.23465081174332,0.0395243522996827,1283,1.0073368171092,1.00439595467448,0.0077942322681215,10,0.0003080619820707,,1.00475231871698,0.531166457152985,1.00588130847263,0.4688,0.3445,0.5833,,1665.01,8.9,13.9,37.0,8328.0715254,0.19240292,9.7,0.084,28.742575808,4.0,0.395,0.1280305597,0.0073934876,1.0,-3.0,,,-28.0,5.0
2020-10-23,386,"-86.1694,30.642",12131,"Florida, Walton",0.112798264642082,3.64273204903678,0.0322942206654991,2305,1.0089916578234,1.00439595467448,0.0125813449023861,29,0.0004063047285464,1.0,1.00475231871698,0.531166457152985,1.00588130847263,0.3561,0.5673,0.9503,0.0015131348511383,1940.72,12.9,19.4,61.7,7320.8536055,0.2124002419,10.1,0.128,102.34857105,5.0,0.318,0.0503957968,0.008056042,8.0,1.0,51.0,12.0,-13.0,0.0
2020-10-23,387,"-85.66,30.6136",12133,"Florida, Washington",0.0769230769230769,3.69774919614148,0.0480707395498392,1196,1.00763348047708,1.00439595467448,0.020066889632107,24,0.0009646302250803,1.0,1.00475231871698,0.531166457152985,1.00588130847263,0.9322,0.575,0.8548,0.0023713826366559,1264.93,12.8,17.4,36.4,10029.745499,0.2289872042,10.0,0.148,40.687611006,4.0,0.378,0.1450160772,0.0136254019,-12.0,8.0,,,-17.0,2.0
2020-10-23,388,"-82.2891,31.7485",13001,"Georgia, Appling",0.05231037489102,3.24201653428433,0.0619765494137353,1147,1.00379336495975,1.0044091538783,0.031386224934612,36,0.0019452099205705,1.00819891621082,1.0043176444967,0.317102707121791,1.00612990790817,0.8818,0.8153,0.894,0.0026476468363322,1229.68,15.4,16.5,37.0,9669.0902695,0.2018941483,10.6,0.177,36.675704882,4.3,0.388,0.1887393959,0.0056194953,-7.0,-2.0,,,-15.0,
2020-10-23,389,"-82.8755,31.2963",13003,"Georgia, Atkinson",0.0504201680672269,2.89261178739303,0.0573701337832952,476,1.00120627963441,1.0044091538783,0.0105042016806723,5,0.0006026274557068,1.03239118471,1.0043176444967,0.317102707121791,1.00612990790817,0.979,0.9395,0.7042,,1317.21,22.6,12.7,24.5,10685.66786,0.2182220051,10.4,0.133,71.780121332,3.0,0.348,0.1605399542,0.0149451609,,,,,-5.0,
2020-10-23,390,"-82.4594,31.5546",13005,"Georgia, Bacon",0.0254372019077901,1.43048725972284,0.0562360303978543,629,1.00252357876975,1.0044091538783,0.0238473767885533,15,0.0013410818059901,1.00990485606307,1.0043176444967,0.317102707121791,1.00612990790817,0.8408,0.7978,0.8204,0.0022351363433169,1305.43,20.6,15.1,39.8,10877.353773,0.1937887099,10.4,0.184,47.837965156,4.3,0.374,0.1609298167,0.0041126509,,,,,-6.0,
2020-10-23,391,"-84.4422,31.3267",13007,"Georgia, Baker",0.0449438202247191,1.29366106080207,0.0287839586028461,89,1.00491045603448,1.0044091538783,0.0674157303370786,6,0.0019404915912031,1.0,1.0043176444967,0.317102707121791,1.00612990790817,0.729,0.6759,0.6068,,1278.57,11.6,23.1,7.7,10818.796442,0.1711840459,10.8,0.206,4.8379540963,3.0,0.352,0.4395213454,0.004851229,,,,,,
2020-10-23,392,"-83.247,33.0688",13009,"Georgia, Baldwin",0.0397000441111601,2.00789773107556,0.0505767128483145,2267,1.00267506532014,1.0044091538783,0.0277900308778121,63,0.0014055284117528,1.0022883773974,1.0043176444967,0.317102707121791,1.00612990790817,0.9131,0.7084,0.9494,0.0031233964705619,1370.27,11.9,15.0,172.3,10135.292221,0.198179384,11.4,0.116,89.968720319,5.0,0.371,0.4220377931,0.0033018763,-6.0,-5.0,,,-16.0,4.0
2020-10-23,393,"-83.4964,34.3561",13011,"Georgia, Banks",0.0551470588235294,1.57994522856541,0.0286496734779861,544,1.00427381583427,1.0044091538783,0.0147058823529412,8,0.0004213187276174,1.0,1.0043176444967,0.317102707121791,1.00612990790817,0.714,0.6081,0.2474,,1367.81,15.3,16.7,67.8,9994.1537265,0.1772227826,10.4,0.11,19.520571866,5.0,0.341,0.0259637666,0.0065831051,-1.0,,,,-5.0,
2020-10-23,394,"-83.7144,33.9915",13013,"Georgia, Barrow",0.0735759493670886,2.30172381789157,0.0312836441485478,2528,1.00536889251701,1.0044091538783,0.0197784810126582,50,0.0006187429617988,1.00887852574775,1.0043176444967,0.317102707121791,1.00612990790817,0.5675,0.7962,0.0506,0.0006929921172146,1800.12,14.4,11.9,403.2,8517.2620788,0.1708354859,11.1,0.175,41.58491442,5.0,0.384,0.1187615241,0.0052593152,0.0,3.0,,,-20.0,3.0
2020-10-23,395,"-84.8389,34.2373",13015,"Georgia, Bartow",0.115097588978186,3.76851364559056,0.0327418991053304,3484,1.00967140187845,1.0044091538783,0.0269804822043628,94,0.0008833922261484,1.0046443625966,1.0043176444967,0.317102707121791,1.00612990790817,0.5717,0.7151,0.4238,0.0011183369671453,1764.98,14.9,13.4,213.0,8278.2214889,0.1917636642,11.2,0.138,148.89333081,5.0,0.314,0.1081027742,0.0057796406,-8.0,5.0,54.0,-3.0,-17.0,4.0
2020-10-23,396,"-83.2215,31.761",13017,"Georgia, Ben Hill",0.0477299185098952,2.44236611663787,0.0511705486388277,859,1.00337112887632,1.0044091538783,0.039580908032596,34,0.0020253767796509,1.02298367390423,1.0043176444967,0.317102707121791,1.00612990790817,0.8204,0.7186,0.6253,0.0044677428962888,1067.41,17.8,16.2,68.5,10149.884857,0.2056249755,10.7,0.133,46.531693227,5.0,0.396,0.357240722,0.0063739799,-8.0,-8.0,,,-10.0,
2020-10-23,397,"-83.2253,31.2759",13019,"Georgia, Berrien",0.0371900826446281,0.934967795553709,0.0251402451693331,484,1.00328961583835,1.0044091538783,0.0247933884297521,12,0.0006233118637024,1.0,1.0043176444967,0.317102707121791,1.00612990790817,0.9621,0.5094,0.4887,0.0032723872844379,1117.31,22.7,17.2,37.1,11728.357568,0.2000949732,10.8,0.139,22.290016456,4.0,0.394,0.1072615832,0.0039995845,,,,,-9.0,
2020-10-23,398,"-83.7049,32.809",13021,"Georgia, Bibb",0.0467791411042945,1.99222704856462,0.0425879355955453,6520,1.00270206321165,1.0044091538783,0.0291411042944785,190,0.0012410594728763,1.00227622314369,1.0043176444967,0.317102707121791,1.00612990790817,0.821,0.8131,0.865,0.0070805708873575,1591.53,12.9,14.8,696.6,10978.8272,0.1906692325,11.3,0.137,429.81419413,5.0,0.366,0.5495672622,0.0028283092,-18.0,-7.0,,9.0,-26.0,6.0
2020-10-23,399,"-83.3304,32.4383",13023,"Georgia, Bleckley",0.119284294234592,4.67362517526094,0.0391805577192709,503,1.00761076996824,1.0044091538783,0.0457256461232604,23,0.0017915563171833,1.01308078292908,1.0043176444967,0.317102707121791,1.00612990790817,0.8194,0.5486,0.6125,0.0019473438230253,1398.04,9.5,16.8,52.2,9943.4128095,0.1801917368,11.0,0.083,3.3237629502,5.0,0.427,0.2630472036,0.0021810251,,,,,-25.0,
2020-10-23,400,"-81.9774,31.1958",13025,"Georgia, Brantley",0.145584725536993,3.22802561253109,0.0221728316664021,419,1.01291640980274,1.0044091538783,0.0310262529832936,13,0.0006879398846377,1.02415191411056,1.0043176444967,0.317102707121791,1.00612990790817,0.8697,0.2232,0.249,,1209.48,14.7,15.4,34.3,11806.987941,0.1972935747,9.5,0.07,20.131764978,4.0,0.329,0.0349790972,0.0049743346,,,,,-14.0,
2020-10-23,401,"-83.583,30.8392",13027,"Georgia, Brooks",0.0364298724954463,1.28924128150583,0.0353896731773351,549,1.00342933539583,1.0044091538783,0.0491803278688525,27,0.0017404757300328,1.00540603558491,1.0043176444967,0.317102707121791,1.00612990790817,0.8933,0.8586,0.6097,0.0016115516018822,1272.57,18.1,19.1,27.2,9327.4529812,0.1890686641,10.7,0.128,93.454284809,3.0,0.331,0.3439695739,0.003996648,,,,,-13.0,
2020-10-23,402,"-81.44,32.0098",13029,"Georgia, Bryan",0.0684824902723735,2.30916581384975,0.0337190689863287,1285,1.00545333343241,1.0044091538783,0.0108949416342412,14,0.000367367288567,1.01064309218431,1.0043176444967,0.317102707121791,1.00612990790817,0.399,0.6603,0.0939,,2204.31,10.6,10.2,64.5,8094.2857431,0.1651209634,10.3,0.112,105.76254953,5.0,0.351,0.141987457,0.0055105093,-1.0,-2.0,,29.0,-19.0,4.0
2020-10-23,403,"-81.7481,32.3958",13031,"Georgia, Bulloch",0.0312808692788936,1.22904160629269,0.0392905195611675,3037,1.0023743352558,1.0044091538783,0.0108659861705631,33,0.0004269302421858,1.0044056276055,1.0043176444967,0.317102707121791,1.00612990790817,0.8707,0.5457,0.9583,0.0024580832125853,1464.63,13.3,10.9,109.2,7875.8548831,0.1937250384,10.6,0.119,81.719362071,5.0,0.3,0.2915804181,0.0039976195,-17.0,-6.0,,,-21.0,7.0
2020-10-23,404,"-81.9993,33.0592",13033,"Georgia, Burke",0.0297823596792669,1.15952370334032,0.0389332381929269,873,1.00098571107401,1.0044091538783,0.013745704467354,12,0.000535164786157,1.01250777270301,1.0043176444967,0.317102707121791,1.00612990790817,0.8159,0.7227,0.6613,0.0017838826205235,1131.72,12.3,14.6,31.1,12288.659928,0.2050694772,11.0,0.141,51.514452357,4.0,0.345,0.4688935468,0.0043259154,-4.0,-9.0,,,-19.0,2.0
2020-10-23,405,"-83.9544,33.2831",13035,"Georgia, Butts",0.0233516483516484,0.702682594138801,0.030091348737238,728,1.00317977863105,1.0044091538783,0.0590659340659341,43,0.0017773736204687,1.0,1.0043176444967,0.317102707121791,1.00612990790817,0.8201,0.4868,0.8319,0.0010333567560864,1423.18,11.0,15.1,113.7,10786.871489,0.1924937502,11.3,0.126,23.321993946,5.0,0.337,0.2828917455,0.0036374158,-1.0,-6.0,,-2.0,-17.0,1.0
2020-10-23,406,"-84.6273,31.5317",13037,"Georgia, Calhoun",0.0456273764258555,1.88916876574307,0.041404282115869,263,1.00164025820604,1.0044091538783,0.0342205323193916,9,0.0014168765743073,1.0,1.0043176444967,0.317102707121791,1.00612990790817,0.9943,0.8704,0.9834,,1079.93,17.0,14.5,19.8,9265.4166084,0.2363789369,10.6,0.188,17.548617711,3.0,0.273,0.6023299748,0.0047229219,,,,,,
2020-10-23,407,"-81.666,30.9295",13039,"Georgia, Camden",0.0373295046661881,0.968757568418503,0.0259515248616726,1393,1.00248582003871,1.0044091538783,0.0122038765254846,17,0.0003167092050598,1.00869827228079,1.0043176444967,0.317102707121791,1.00612990790817,0.415,0.5425,0.6823,0.0007451981295526,1890.13,12.2,12.2,80.4,7720.8850868,0.1687588223,9.0,0.169,47.998314345,5.0,0.391,0.1853307748,0.0065763735,-16.0,16.0,11.0,-5.0,-17.0,5.0
2020-10-23,408,"-82.077,32.4021",13043,"Georgia, Candler",0.0926275992438563,4.52196382428941,0.0488187523071244,529,1.00552095824186,1.0044091538783,0.0453686200378072,24,0.0022148394241417,1.00609846529734,1.0043176444967,0.317102707121791,1.00612990790817,0.929,0.7542,0.9408,0.0023071244001476,1188.93,21.9,17.0,39.8,11594.880199,0.2166647768,10.5,0.12,24.709147906,4.0,0.496,0.2426172019,0.0028608343,,,,,-14.0,
2020-10-23,409,"-85.0798,33.5814",13045,"Georgia, Carroll",0.0955905026210299,2.62442749384106,0.0274548979436341,3243,1.00748772124595,1.0044091538783,0.0231267345050879,75,0.0006349421356067,1.00191941405457,1.0043176444967,0.317102707121791,1.00612990790817,0.7869,0.7256,0.6272,0.0027598818161038,1702.46,12.3,13.1,226.3,9151.1131731,0.1804092595,11.1,0.131,94.597751224,5.0,0.397,0.1897376419,0.0055874908,-2.0,2.0,,1.0,-15.0,3.0
2020-10-23,410,"-85.1376,34.8987",13047,"Georgia, Catoosa",0.0774853801169591,1.57223375852863,0.0202907149213883,1368,1.0057699968369,1.0044091538783,0.0153508771929825,21,0.000311480272916,1.01440033702014,1.0043176444967,0.317102707121791,1.00612990790817,0.3194,0.3136,0.0678,0.0026549985167606,1753.29,11.5,16.8,325.6,7804.6358822,0.1499833827,11.0,0.167,210.44594072,5.0,0.388,0.0270097894,0.0044497182,-6.0,6.0,20.0,1.0,-28.0,5.0
2020-10-23,411,"-82.1395,30.7837",13049,"Georgia, Charlton",0.0015527950310559,0.0771128932757557,0.0496607032695867,644,1.0,1.0044091538783,0.015527950310559,10,0.0007711289327575,1.01516534655549,1.0043176444967,0.317102707121791,1.00612990790817,0.9764,0.9086,0.7536,,1259.56,20.0,14.8,12.1,8812.2040599,0.1932282605,8.9,0.167,27.798932818,3.7,0.354,0.2873997532,0.0256014806,,,,,-20.0,
2020-10-23,412,"-81.1249,32.0004",13051,"Georgia, Chatham",0.0530016224986479,1.69435847784367,0.0319680492401321,9245,1.00409947242881,1.0044091538783,0.0201189832341806,186,0.0006431646466916,1.00630020955784,1.0043176444967,0.317102707121791,1.00612990790817,0.514,0.836,0.8208,0.0038935666245958,1977.24,14.2,14.4,673.7,8287.3681329,0.1708011422,9.9,0.103,362.42314477,5.0,0.324,0.4011895088,0.0036031052,-11.0,-4.0,18.0,-31.0,-26.0,7.0
2020-10-23,413,"-84.7881,32.3434",13053,"Georgia, Chattahoochee",0.0219020172910663,3.55672032946462,0.162392362411082,1735,1.00140764549513,1.0044091538783,0.0005763688760806,1,9.35979034069637e-05,1.0,1.0043176444967,0.317102707121791,1.00612990790817,0.6341,0.6479,0.8889,0.0053350804941969,1271.77,6.2,3.8,99.6,9079.8318799,0.1796519498,11.5,0.061,33.168180435,4.0,0.347,0.1915949083,0.0133845002,-45.0,-37.0,,,-29.0,
2020-10-23,414,"-85.3454,34.472",13055,"Georgia, Chattooga",0.0831485587583149,3.02541347317467,0.036385639370714,902,1.00633423825499,1.0044091538783,0.0310421286031042,28,0.0011294876966518,1.01064309218431,1.0043176444967,0.317102707121791,1.00612990790817,0.9417,0.6313,0.9669,,1174.22,14.2,16.9,73.0,12534.641897,0.189376894,10.9,0.123,63.186996228,5.0,0.302,0.0968132311,0.0044776119,-4.0,3.0,,,-9.0,1.0
2020-10-23,415,"-84.4743,34.2439",13057,"Georgia, Cherokee",0.0758610667054207,2.0539132556099,0.0270746687966508,6881,1.00543092549,1.0044091538783,0.0145327713995059,100,0.000393469972339,1.00289026984454,1.0043176444967,0.317102707121791,1.00612990790817,0.1102,0.7494,0.0955,0.0006216825562957,2549.2,10.8,12.9,489.1,5615.5326957,0.1456346013,11.2,0.102,301.9650845,5.0,0.268,0.0678302885,0.0053944733,-6.0,-2.0,125.0,,-29.0,6.0
2020-10-23,416,"-83.3712,33.9544",13059,"Georgia, Clarke",0.0627667140825036,2.77232388282416,0.0441686955155894,5624,1.00379083119442,1.0044091538783,0.0081792318634423,46,0.0003612660017277,1.0,1.0043176444967,0.317102707121791,1.00612990790817,0.7898,0.8914,0.9551,0.0047514332835938,1514.0,13.5,10.3,1239.3,7205.761959,0.2013169477,11.0,0.067,268.49143944,5.0,0.24,0.2780570172,0.003973926,-22.0,-11.0,23.0,-55.0,-24.0,8.0
2020-10-23,417,"-84.9771,31.6222",13061,"Georgia, Clay",0.0241935483870968,1.03914097679252,0.0429511603740908,124,1.00232563164892,1.0044091538783,0.0241935483870968,3,0.0010391409767925,1.0,1.0043176444967,0.317102707121791,1.00612990790817,0.9818,0.4922,0.7606,,771.96,16.0,22.7,13.6,11665.959262,0.2419900408,10.5,0.156,5.2858800155,3.0,0.359,0.6037409075,0.0038101836,,,,,,
2020-10-23,418,"-84.3559,33.5419",13063,"Georgia, Clayton",0.0869347363146687,2.39628472282168,0.0275641800321116,7983,1.00543094993245,1.0044091538783,0.0219215833646499,175,0.0006042504704521,1.0041496628021,1.0043176444967,0.317102707121791,1.00612990790817,0.8653,0.9739,0.7746,0.0014363896897605,1392.13,18.4,8.7,1799.0,8904.3079375,0.1862880992,11.5,0.112,408.93629356,5.0,0.365,0.6986240354,0.0058042574,-9.0,-7.0,80.0,-51.0,-30.0,7.0
2020-10-23,419,"-82.7043,30.914",13065,"Georgia, Clinch",0.0894495412844037,5.86642599277978,0.0655836341756919,436,1.00638544652636,1.0044091538783,0.0275229357798165,12,0.0018050541516245,1.01250777270301,1.0043176444967,0.317102707121791,1.00612990790817,0.958,0.7017,0.9637,0.0037605294825511,1042.2,19.4,15.2,8.2,11046.959749,0.2364821213,9.6,0.252,57.741072408,3.0,0.519,0.2672984356,0.0087244284,,,,,,
2020-10-23,420,"-84.5761,33.9424",13067,"Georgia, Cobb",0.0540250780776581,1.53131668131041,0.0283445528594928,21453,1.00357317866884,1.0044091538783,0.0209294737332774,449,0.0005932365745542,1.00160104105845,1.0043176444967,0.317102707121791,1.00612990790817,0.1583,0.9217,0.2264,0.0015960574210724,2667.22,12.3,11.4,2147.5,5620.8933435,0.1263402736,10.5,0.087,542.85505567,5.0,0.291,0.2747134562,0.0050392078,-17.0,-10.0,78.0,-24.0,-38.0,9.0
2020-10-23,421,"-82.8549,31.5489",13069,"Georgia, Coffee",0.0383747178329571,1.9724781286984,0.0514004594713759,2215,1.00300252309177,1.0044091538783,0.0270880361173815,60,0.0013923375026106,1.00735452613864,1.0043176444967,0.317102707121791,1.00612990790817,0.814,0.8615,0.9462,0.0020420950038289,1370.0,18.6,13.3,71.2,10471.893429,0.1970080576,10.8,0.111,57.630778211,5.0,0.347,0.2803239505,0.0055229388,-8.0,-4.0,,,-15.0,1.0
2020-10-23,422,"-83.7678,31.1881",13071,"Georgia, Colquitt",0.0681926561754888,3.13651517810142,0.0459949113879628,2097,1.00557210861849,1.0044091538783,0.0185979971387697,39,0.0008554132303912,1.0075488835911,1.0043176444967,0.317102707121791,1.00612990790817,0.936,0.937,0.9491,0.0021714335848394,1199.12,21.1,14.7,80.9,10885.715775,0.2096915254,11.0,0.178,83.848319235,4.3,0.377,0.2294700825,0.0125899281,-13.0,1.0,,,-21.0,3.0
2020-10-23,423,"-82.2635,33.5453",13073,"Georgia, Columbia",0.0771220315071714,2.12585309577357,0.0275647963912347,4253,1.00630286811966,1.0044091538783,0.015048201269692,64,0.0004148006040533,1.00454582940699,1.0043176444967,0.317102707121791,1.00612990790817,0.1608,0.7475,0.0357,,2481.8,7.9,12.7,383.6,6261.4929069,0.136919616,11.2,0.101,122.53149615,5.0,0.321,0.176147669,0.0040767122,0.0,2.0,72.0,-10.0,-23.0,5.0
2020-10-23,424,"-83.4295,31.1607",13075,"Georgia, Cook",0.0346020761245675,1.16536534203473,0.0336790583848036,578,1.00224443420087,1.0044091538783,0.027681660899654,16,0.0009322922736277,1.00926242190831,1.0043176444967,0.317102707121791,1.00612990790817,0.8357,0.7217,0.5158,0.0069921920522083,1298.19,18.0,15.5,66.3,9396.8944831,0.1991139721,10.7,0.16,114.73161523,5.0,0.296,0.2748514159,0.0040205104,-5.0,,,18.0,-13.0,
2020-10-23,425,"-84.7613,33.3533",13077,"Georgia, Coweta",0.0642931213273419,1.27516042340811,0.0198335435748368,2893,1.00432041026547,1.0044091538783,0.0217767023850674,63,0.0004319091756704,1.01188315252133,1.0043176444967,0.317102707121791,1.00612990790817,0.2656,0.758,0.1219,0.0012751604234081,2354.68,9.7,13.2,274.9,6447.83232,0.1577801161,11.3,0.095,102.617035,5.0,0.288,0.1790709154,0.0041408435,-5.0,-1.0,,8.0,-18.0,5.0
2020-10-23,426,"-83.9806,32.7139",13079,"Georgia, Crawford",0.0837696335078534,1.29891216106511,0.0155057639227147,191,1.00379672570475,1.0044091538783,0.031413612565445,6,0.0004870920603994,1.0,1.0043176444967,0.317102707121791,1.00612990790817,0.8796,0.3056,0.5431,,1236.57,13.0,17.7,29.5,9510.3969332,0.1807645403,11.4,0.203,8.6159998268,3.0,0.46,0.2049845754,0.0065757428,,,,,-17.0,
2020-10-23,427,"-83.7681,31.9229",13081,"Georgia, Crisp",0.0566929133858268,1.59284987389939,0.0280961019423919,635,1.00504985962835,1.0044091538783,0.0362204724409449,23,0.0010176540861023,1.02016664537273,1.0043176444967,0.317102707121791,1.00612990790817,0.9545,0.716,0.9475,0.0032299455776293,1195.22,15.7,17.6,84.4,10526.044465,0.2131708527,11.0,0.192,88.052383551,4.3,0.381,0.44201584,0.0032299456,-5.0,7.0,,14.0,-17.0,
2020-10-23,428,"-85.5049,34.8549",13083,"Georgia, Dade",0.109792284866469,2.28029089116233,0.0207691359546407,337,1.00923390280845,1.0044091538783,0.0148367952522255,5,0.0003081474177246,1.0,1.0043176444967,0.317102707121791,1.00612990790817,0.6083,0.1897,0.9118,0.000801183286084,1611.33,12.3,18.1,80.2,8513.4898019,0.1552889893,10.5,0.241,119.32976697,5.0,0.406,0.0116479724,0.0059164304,,,,6.0,-15.0,
2020-10-23,429,"-84.1696,34.4424",13085,"Georgia, Dawson",0.0533333333333333,1.91364669297931,0.035880875493362,900,1.00354170989774,1.0044091538783,0.0111111111111111,10,0.0003986763943706,1.0,1.0043176444967,0.317102707121791,1.00612990790817,0.2382,0.3419,0.0907,,2333.23,12.1,19.5,107.0,8843.2534117,0.1459763835,10.0,0.164,70.061218565,5.0,0.281,0.0075748515,0.004863852,7.0,10.0,,,-22.0,2.0
2020-10-23,430,"-84.5762,30.8797",13087,"Georgia, Decatur",0.0345640219952867,1.65569143932267,0.0479021636876764,1273,1.00283745363396,1.0044091538783,0.0267085624509034,34,0.0012793979303857,1.0,1.0043176444967,0.317102707121791,1.00612990790817,0.829,0.6125,0.9806,0.0030103480714957,1136.4,18.4,15.7,41.8,10800.360571,0.1914172658,10.9,0.147,96.709618084,4.3,0.271,0.4195672625,0.0082408278,-5.0,-10.0,,,-17.0,2.0
2020-10-23,431,"-84.224,33.7694",13089,"Georgia, DeKalb",0.0539279988339892,1.46717105628385,0.0272061097761176,20583,1.0043357180475,1.0044091538783,0.0190934266141962,393,0.000519457860468,1.00331506260373,1.0043176444967,0.317102707121791,1.00612990790817,0.4889,0.9688,0.7208,0.0026329772469526,2336.17,14.0,11.5,2591.7,6846.8304463,0.1581843209,10.2,0.085,991.94603838,5.0,0.263,0.5372502835,0.0046790861,-20.0,-10.0,77.0,-37.0,-39.0,11.0
2020-10-23,432,"-83.1695,32.1727",13091,"Georgia, Dodge",0.209591474245115,5.69910649601545,0.0271914996377687,563,1.01738852648771,1.0044091538783,0.024866785079929,14,0.0006761651774933,1.01064309218431,1.0043176444967,0.317102707121791,1.00612990790817,0.8885,0.6291,0.9602,0.0045399661917411,1256.32,10.5,16.9,36.7,10338.417163,0.1920312436,11.1,0.165,35.855464021,4.0,0.344,0.2950978025,0.0045882637,-14.0,,,,-15.0,
2020-10-23,433,"-83.7975,32.1563",13093,"Georgia, Dooly",0.043956043956044,1.16737195388881,0.0265577119509704,364,1.00480044138233,1.0044091538783,0.043956043956044,16,0.0011673719538888,1.01925902092718,1.0043176444967,0.317102707121791,1.00612990790817,0.9701,0.872,0.8727,,968.36,16.7,18.4,31.8,9610.258035,0.1958200078,11.2,0.161,51.502779477,3.0,0.382,0.4893477309,0.0026995476,,,,-1.0,-16.0,
2020-10-23,434,"-84.2172,31.5333",13095,"Georgia, Dougherty",0.0274223034734918,0.986377037142575,0.0359698826211326,3282,1.00162097557888,1.0044091538783,0.0578915295551493,190,0.0020823515228565,1.00075414952798,1.0043176444967,0.317102707121791,1.00612990790817,0.9427,0.7096,0.9204,0.0102912004208542,1351.71,16.5,14.6,315.0,11722.427413,0.2160755319,10.7,0.15,221.82741917,5.0,0.373,0.7025525246,0.0027399362,-11.0,-13.0,,-19.0,-21.0,5.0
2020-10-23,435,"-84.7703,33.7029",13097,"Georgia, Douglas",0.0602198900549725,1.65828350455168,0.027537139357742,4002,1.00384219815962,1.0044091538783,0.0179910044977511,72,0.0004954207980403,1.00200003196896,1.0043176444967,0.317102707121791,1.00612990790817,0.5331,0.873,0.2267,0.0007018461305571,1908.72,12.9,11.0,617.3,7561.2488781,0.1663996106,11.4,0.105,206.51098983,5.0,0.313,0.4695419422,0.0046652125,-14.0,-5.0,84.0,-56.0,-31.0,8.0
2020-10-23,436,"-84.9026,31.3216",13099,"Georgia, Early",0.0391061452513966,2.04938030643115,0.0524055821215966,537,1.00460618786664,1.0044091538783,0.0651769087523277,35,0.0034156338440519,1.00844121353096,1.0043176444967,0.317102707121791,1.00612990790817,0.9449,0.4486,0.8039,0.002439738460037,1000.64,16.8,18.6,20.7,11294.925378,0.2101910991,10.8,0.194,31.412072865,3.3,0.435,0.5097101591,0.0056601932,,,,,-7.0,
2020-10-23,437,"-82.8969,30.711",13101,"Georgia, Echols",0.0040983606557377,0.25,0.061,244,1.0,1.0044091538783,0.0081967213114754,2,0.0005,1.0,1.0043176444967,0.317102707121791,1.00612990790817,0.8303,0.8418,0.3588,,1298.66,23.5,16.2,7.1,6576.4029914,0.1909455169,9.5,0.112,1.1965785272,3.0,0.278,0.04775,0.03025,,,,,,
2020-10-23,438,"-81.3428,32.3662",13103,"Georgia, Effingham",0.117478510028653,3.29634989548159,0.0280591735005628,1745,1.00916881515976,1.0044091538783,0.0154727793696275,27,0.0004341534008683,,1.0043176444967,0.317102707121791,1.00612990790817,0.2392,0.5377,0.1907,0.0004019938896928,2059.85,8.9,11.1,98.4,8392.2627197,0.1627983515,10.4,0.1,10.066901189,5.0,0.399,0.1375944686,0.0045344911,-6.0,-10.0,,,-18.0,2.0
2020-10-23,439,"-82.8394,34.113",13105,"Georgia, Elbert",0.0672823218997362,2.6673640167364,0.0396443514644351,758,1.00480259333949,1.0044091538783,0.0118733509234828,9,0.0004707112970711,1.01696850489722,1.0043176444967,0.317102707121791,1.00612990790817,0.8487,0.7982,0.5234,0.0027196652719665,1344.72,13.2,19.7,51.9,10645.866587,0.1784173617,10.6,0.081,259.78092382,5.0,0.401,0.2816945607,0.0044979079,,12.0,,,-12.0,
2020-10-23,440,"-82.3024,32.5922",13107,"Georgia, Emanuel",0.0450680272108844,2.34388820095525,0.0520077834777994,1176,1.00382360747383,1.0044091538783,0.0306122448979592,36,0.0015920750044224,1.00403251981126,1.0043176444967,0.317102707121791,1.00612990790817,0.9475,0.7889,0.8771,0.0031841500088448,1175.55,17.7,15.5,32.2,12435.986475,0.2122506496,10.7,0.174,29.767911444,4.0,0.277,0.3436670794,0.0046435521,4.0,,,,-15.0,5.0
2020-10-23,441,"-81.887,32.1533",13109,"Georgia, Evans",0.0821052631578947,3.63772036190654,0.0443055685104001,475,1.00775379492937,1.0044091538783,0.0126315789473684,6,0.0005596492864471,1.0,1.0043176444967,0.317102707121791,1.00612990790817,0.9516,0.9102,0.886,0.0045704691726518,1324.52,16.9,16.0,59.5,9321.8150352,0.1926908961,10.4,0.073,53.579679884,4.0,0.314,0.2998787427,0.0054099431,,,,,-23.0,
2020-10-23,442,"-84.317,34.8643",13111,"Georgia, Fannin",0.0885286783042394,2.73455553843784,0.030888923124326,802,1.00771391074046,1.0044091538783,0.0349127182044888,28,0.0010784162686797,1.0,1.0043176444967,0.317102707121791,1.00612990790817,0.5322,0.2977,0.1019,0.001925743336928,1294.32,13.9,27.9,67.1,9733.9830652,0.1571593959,9.4,0.152,50.404656749,5.0,0.263,0.0071252503,0.004621784,17.0,20.0,,,-11.0,3.0
2020-10-23,443,"-84.4909,33.4136",13113,"Georgia, Fayette",0.0670819357930043,1.23392591156277,0.0183943098387964,2087,1.00574265006365,1.0044091538783,0.0268327743172017,56,0.0004935703646251,1.01064309218431,1.0043176444967,0.317102707121791,1.00612990790817,0.0602,0.765,0.0181,0.0024854793361478,2972.97,7.2,17.1,558.4,5110.7962897,0.1282138586,11.5,0.121,55.13221341,5.0,0.292,0.2366581761,0.0045126433,-6.0,-3.0,,,-27.0,8.0
2020-10-23,444,"-85.2158,34.2627",13115,"Georgia, Floyd",0.108586525759577,4.19700389065324,0.0386512402095438,3785,1.01046423232819,1.0044091538783,0.0150594451783355,57,0.0005820662330103,1.01601628385513,1.0043176444967,0.317102707121791,1.00612990790817,0.7484,0.8064,0.9389,0.0052488077853911,1604.99,13.5,16.1,200.6,9574.3774774,0.1700582991,10.9,0.144,161.65944782,5.0,0.377,0.1443013673,0.007699613,-10.0,-6.0,,,-24.0,3.0
2020-10-23,445,"-84.1232,34.226",13117,"Georgia, Forsyth",0.0640329932711092,1.24676685882373,0.0194706946393251,4607,1.00445040699657,1.0044091538783,0.0112871716952464,52,0.0002197690734197,1.01150029829051,1.0043176444967,0.317102707121791,1.00612990790817,0.0293,0.7845,0.0159,0.0012848038138386,3543.1,8.8,11.4,903.3,3873.3443495,0.125461395,11.2,0.079,59.591436382,5.0,0.273,0.0379355231,0.0049617095,-6.0,-3.0,,,-37.0,10.0
2020-10-23,446,"-83.2316,34.3753",13119,"Georgia, Franklin",0.0846867749419954,3.17074230117708,0.0374408200495157,862,1.00716136802653,1.0044091538783,0.0197215777262181,17,0.0007383920427398,1.00869827228079,1.0043176444967,0.317102707121791,1.00612990790817,0.8118,0.6227,0.688,0.0024323502584372,1163.04,14.7,19.4,89.3,10541.91304,0.1835444407,10.5,0.139,42.872054183,5.0,0.327,0.0928202233,0.0041697433,14.0,,,-4.0,-9.0,2.0
2020-10-23,447,"-84.4632,33.7922",13121,"Georgia, Fulton",0.0556106264869151,1.60268313725938,0.0288197281438015,30264,1.00400489891649,1.0044091538783,0.0202550885540576,613,0.0005837461456565,1.00330592940224,1.0043176444967,0.317102707121791,1.00612990790817,0.3245,0.8968,0.8259,0.0039186221686407,2730.61,10.3,11.1,2780.0,6715.5876464,0.1492550946,12.0,0.082,1682.8585198,5.0,0.25,0.4361374098,0.0028092188,-21.0,-14.0,0.0,-43.0,-43.0,11.0
2020-10-23,448,"-84.458,34.6932",13123,"Georgia, Gilmer",0.108565737051793,3.5371235721703,0.0325804776739356,1004,1.00762640047145,1.0044091538783,0.0219123505976096,22,0.0007139148494288,1.0465440871019,1.0043176444967,0.317102707121791,1.00612990790817,0.6427,0.7049,0.2728,,1604.69,19.9,23.4,66.5,9677.0158625,0.1563764656,9.9,0.198,24.688671432,5.0,0.235,0.0063278816,0.0069768951,9.0,15.0,,,-9.0,2.0
2020-10-23,449,"-82.613,33.2288",13125,"Georgia, Glascock",0.130434782608696,2.00333889816361,0.0153589315525876,46,1.02016664537273,1.0044091538783,0.0434782608695652,2,0.0006677796327212,1.0,1.0043176444967,0.317102707121791,1.00612990790817,0.7105,0.3814,0.8628,,1237.99,7.2,17.0,16.8,9971.4313689,0.1735144645,10.6,0.171,0.0592910015,3.0,0.256,0.0888146912,0.0050083472,,,,,,
2020-10-23,450,"-81.5381,31.2328",13127,"Georgia, Glynn",0.0340971085651937,1.46680904493129,0.043018575669745,3666,1.00299718931978,1.0044091538783,0.0283687943262411,104,0.0012203851253828,1.00706355130837,1.0043176444967,0.317102707121791,1.00612990790817,0.4777,0.7908,0.694,0.0035203417078351,2119.14,14.1,18.8,205.8,9176.4451674,0.163922857,8.9,0.147,174.40103904,5.0,0.333,0.2622771917,0.0049636818,-10.0,-9.0,23.0,-13.0,-24.0,4.0
2020-10-23,451,"-84.873,34.5049",13129,"Georgia, Gordon",0.138815207780725,5.44335615844674,0.0392129669758169,2262,1.01303204461002,1.0044091538783,0.0190097259062776,43,0.0007454277541821,1.01404608493983,1.0043176444967,0.317102707121791,1.00612990790817,0.7561,0.815,0.7545,0.0011961515125249,1550.72,15.3,14.1,161.4,9230.6400296,0.1800746666,11.0,0.149,209.9765824,5.0,0.296,0.038623559,0.0060500997,-11.0,6.0,,41.0,-19.0,4.0
2020-10-23,452,"-84.2342,30.8745",13131,"Georgia, Grady",0.0283687943262411,0.969775335380637,0.0341845805721674,846,1.00204293498927,1.0044091538783,0.0295508274231678,25,0.0010101826410215,1.01198288474998,1.0043176444967,0.317102707121791,1.00612990790817,0.8567,0.8984,0.5234,0.0024244383384515,1201.22,18.7,17.2,45.6,10138.228181,0.1904889936,11.1,0.169,89.845992211,4.0,0.343,0.2832148052,0.0126474867,-9.0,,,,-18.0,3.0
2020-10-23,453,"-83.1714,33.5769",13133,"Georgia, Greene",0.0516934046345811,1.63860323200362,0.0316984970053113,561,1.00361682542763,1.0044091538783,0.0445632798573975,25,0.0014125889931065,1.00584875104734,1.0043176444967,0.317102707121791,1.00612990790817,0.5328,0.7552,0.312,0.0027686744264888,2144.78,15.0,27.8,46.3,9010.9654228,0.1684801455,11.1,0.137,56.940286427,4.0,0.331,0.3333144988,0.0057633631,,8.0,,,-12.0,
2020-10-23,454,"-84.0214,33.9604",13135,"Georgia, Gwinnett",0.0500016689475617,1.61460517083234,0.0322910255760788,29959,1.00320697813764,1.0044091538783,0.0146199806402083,438,0.0004720941687747,1.00330483679893,1.0043176444967,0.317102707121791,1.00612990790817,0.3299,0.9717,0.2337,0.000814847469392,2372.2,16.5,9.2,1989.1,5201.9732707,0.1449513425,11.2,0.109,311.13882737,5.0,0.303,0.2755197617,0.0084890723,-14.0,-9.0,167.0,-26.0,-33.0,8.0
2020-10-23,455,"-83.5309,34.6333",13137,"Georgia, Habersham",0.052801724137931,2.15916101172116,0.0408918656913722,1856,1.00375021056414,1.0044091538783,0.0404094827586207,75,0.0016524191416233,1.00584875104734,1.0043176444967,0.317102707121791,1.00612990790817,0.6443,0.8112,0.7163,0.0011677095267471,1517.26,15.9,18.2,158.4,7541.6589863,0.1633135582,9.7,0.087,41.806520404,5.0,0.256,0.037983608,0.0103331277,-2.0,-2.0,,,-12.0,1.0
2020-10-23,456,"-83.819,34.3221",13139,"Georgia, Hall",0.0679065331425846,3.52217187407246,0.0518679383422047,10485,1.00446594132428,1.0044091538783,0.0164043872198379,172,0.0008508617448602,1.00682720684153,1.0043176444967,0.317102707121791,1.00612990790817,0.5045,0.9236,0.6527,0.0032500939905415,2263.37,17.3,14.2,474.4,6611.8183422,0.1563684314,10.5,0.127,158.587697,5.0,0.326,0.0732186319,0.0083898926,-6.0,-5.0,,-41.0,-18.0,2.0
2020-10-23,457,"-82.9977,33.2722",13141,"Georgia, Hancock",0.0242718446601942,1.19789171058936,0.0493531384762817,412,1.0006954116368,1.0044091538783,0.106796116504854,44,0.0052707235265932,1.0,1.0043176444967,0.317102707121791,1.00612990790817,0.8322,0.5864,0.921,,919.75,10.9,21.6,15.4,9937.7376128,0.2156114069,10.9,0.189,23.679523861,3.0,0.315,0.7084331576,0.0057498802,,,,,-20.0,
2020-10-23,458,"-85.2101,33.796",13143,"Georgia, Haralson",0.126623376623377,2.64111333085024,0.0208580232282531,616,1.01114892006449,1.0044091538783,0.0162337662337662,10,0.0003386042731859,1.01516534655549,1.0043176444967,0.317102707121791,1.00612990790817,0.6325,0.2856,0.2859,0.0008465106829648,1514.36,12.3,15.6,98.4,10801.9496,0.1750771366,10.7,0.089,20.187375982,5.0,0.234,0.0463887854,0.0036907866,0.0,3.0,0.0,-3.0,-19.0,2.0
2020-10-23,459,"-84.9054,32.7371",13145,"Georgia, Harris",0.0472255017709563,1.16026105873822,0.0245685279187817,847,1.00255586836695,1.0044091538783,0.0295159386068477,25,0.0007251631617113,1.0,1.0043176444967,0.317102707121791,1.00612990790817,0.2573,0.3225,0.0519,,2350.36,6.8,17.4,53.4,5890.6277783,0.1369267077,11.3,0.139,31.037372079,5.0,0.359,0.1640609137,0.0050181291,,,,,-20.0,4.0
2020-10-23,460,"-82.9657,34.3463",13147,"Georgia, Hart",0.0514184397163121,1.1111536840492,0.021610023372543,564,1.00333690401617,1.0044091538783,0.0283687943262411,16,0.0006130503084409,1.0,1.0043176444967,0.317102707121791,1.00612990790817,0.7194,0.6164,0.3897,,1331.2,12.1,21.3,90.2,6777.7445692,0.1757067175,10.6,0.083,10.982760143,5.0,0.328,0.1888961263,0.0021456761,6.0,4.0,,,-18.0,0.0
2020-10-23,461,"-85.1289,33.2969",13149,"Georgia, Heard",0.0737327188940092,1.34691472346157,0.0182675309369476,217,1.00815987958549,1.0044091538783,0.0276497695852535,6,0.000505093021298,1.0,1.0043176444967,0.317102707121791,1.00612990790817,0.8146,0.5021,0.567,,1252.15,11.9,16.2,30.9,11020.925679,0.1754117313,10.8,0.201,6.3247740369,4.0,0.384,0.0964727671,0.0050509302,,,,,-19.0,
2020-10-23,462,"-84.1481,33.4533",13151,"Georgia, Henry",0.0746791131855309,1.94596472938928,0.0260576839544783,5999,1.00557558721493,1.0044091538783,0.0185030838473079,111,0.0004821475110763,1.0066061689928,1.0043176444967,0.317102707121791,1.00612990790817,0.3768,0.8364,0.0474,0.000933889323256,2156.1,10.3,11.0,602.2,7470.9056699,0.1581382504,11.7,0.13,201.16430582,5.0,0.36,0.452536704,0.0036052472,-8.0,-10.0,65.0,,-31.0,8.0
2020-10-23,463,"-83.6688,32.458",13153,"Georgia, Houston",0.0751280591918042,1.69808772166799,0.0226025767194746,3514,1.00603801653819,1.0044091538783,0.0258964143426295,91,0.0005853256919385,1.00810584882869,1.0043176444967,0.317102707121791,1.00612990790817,0.4869,0.788,0.4031,0.0017752735271983,1973.28,11.6,12.2,413.4,7537.0961916,0.1719316325,11.3,0.098,126.91393686,5.0,0.397,0.3168348674,0.0048241128,-9.0,-4.0,,,-20.0,5.0
2020-10-23,464,"-83.275,31.6021",13155,"Georgia, Irwin",0.0541310541310541,2.02170674611619,0.0373483719940413,351,1.00329911246027,1.0044091538783,0.0170940170940171,6,0.0006384337092998,1.0,1.0043176444967,0.317102707121791,1.00612990790817,0.9481,0.6154,0.3849,0.0036177910193658,1280.52,18.4,18.6,23.1,12295.673801,0.2033767541,10.6,0.178,34.298687203,3.0,0.404,0.2763353905,0.0019153011,,,,,-13.0,
2020-10-23,465,"-83.5681,34.1379",13157,"Georgia, Jackson",0.0871261378413524,2.85422169208486,0.0327596489733322,2307,1.00680744011757,1.0044091538783,0.0173385348938015,40,0.0005680043168328,1.00362337833333,1.0043176444967,0.317102707121791,1.00612990790817,0.4436,0.6784,0.1735,0.0012780097128738,2131.31,11.8,14.4,187.8,7199.2564822,0.1569343273,11.0,0.12,69.235243799,5.0,0.296,0.0694811281,0.0036636278,21.0,10.0,,17.0,-17.0,3.0
2020-10-23,466,"-83.6884,33.3154",13159,"Georgia, Jasper",0.0497925311203319,0.854700854700855,0.0171652421652422,241,1.00059417790361,1.0044091538783,0.016597510373444,4,0.0002849002849002,1.0,1.0043176444967,0.317102707121791,1.00612990790817,0.8538,0.5759,0.3493,0.0012108262108262,1338.53,12.2,16.9,31.2,8944.6585452,0.1911841204,11.3,0.127,8.7190341035,4.0,0.382,0.1960826211,0.0048433048,,,,,-21.0,
2020-10-23,467,"-82.6372,31.8041",13161,"Georgia, Jeff Davis",0.0537084398976982,2.79459711224965,0.0520327367090292,782,1.0033322469719,1.0044091538783,0.0294117647058824,23,0.001530374609089,1.00637045739233,1.0043176444967,0.317102707121791,1.00612990790817,0.8717,0.7892,0.8344,0.0023288309268747,1217.24,18.4,15.3,44.1,11977.367822,0.1942554614,10.6,0.243,43.282888095,4.0,0.31,0.14565174,0.0082507153,,,,,-16.0,
2020-10-23,468,"-82.4161,33.0587",13163,"Georgia, Jefferson",0.0308056872037915,1.6850291639663,0.054698639014906,844,1.00256504689814,1.0044091538783,0.037914691943128,32,0.0020738820479585,1.00454582940699,1.0043176444967,0.317102707121791,1.00612990790817,0.9366,0.7415,0.9032,0.002397926117952,962.5,14.8,17.4,30.9,11577.3087,0.2047611114,11.0,0.222,46.170048009,4.0,0.287,0.5241736876,0.0023331173,,,,,-16.0,
2020-10-23,469,"-81.9604,32.7925",13165,"Georgia, Jenkins",0.025974025974026,1.38201082575147,0.0532074167914315,462,1.00061996375508,1.0044091538783,0.0692640692640693,32,0.0036853622020039,1.00454582940699,1.0043176444967,0.317102707121791,1.00612990790817,0.8207,0.8953,0.5301,0.0028791892203155,1020.18,16.9,16.8,21.5,10158.662117,0.2216803561,10.4,0.136,26.189145421,3.0,0.351,0.4186341126,0.0046067028,,,,,-17.0,
2020-10-23,470,"-82.6617,32.7021",13167,"Georgia, Johnson",0.0341685649202733,1.5451174289246,0.0452204367531932,439,1.00098007563572,1.0044091538783,0.0501138952164009,22,0.0022661722290894,1.0,1.0043176444967,0.317102707121791,1.00612990790817,0.9417,0.4183,0.993,,1043.9,13.9,17.7,23.6,10997.831807,0.1835506867,10.8,0.147,19.749190878,3.0,0.416,0.3374536465,0.0043263288,,,,,-18.0,
2020-10-23,471,"-83.5602,33.0251",13169,"Georgia, Jones",0.0740157480314961,1.64243779703662,0.0221903830025161,635,1.00365232872943,1.0044091538783,0.0236220472440945,15,0.0005241822756499,1.02065336654354,1.0043176444967,0.317102707121791,1.00612990790817,0.6248,0.3206,0.134,,1754.71,9.9,16.6,54.6,7489.3466808,0.1613847592,11.6,0.202,41.993844454,5.0,0.347,0.2490914174,0.003529494,,,,,-21.0,2.0
2020-10-23,472,"-84.1426,33.0784",13171,"Georgia, Lamar",0.0398009950248756,0.842105263157895,0.0211578947368421,402,1.00323987662732,1.0044091538783,0.0472636815920398,19,0.001,1.0,1.0043176444967,0.317102707121791,1.00612990790817,0.8583,0.4034,0.3699,,1360.75,12.6,16.4,87.7,10615.286144,0.1773875728,11.2,0.207,17.754760692,5.0,0.322,0.3031052632,0.0037894737,,,,,-16.0,
2020-10-23,473,"-83.0647,31.0383",13173,"Georgia, Lanier",0.0474683544303797,1.45067698259188,0.0305609284332689,316,1.00274231272328,1.0044091538783,0.0221518987341772,7,0.0006769825918762,1.0,1.0043176444967,0.317102707121791,1.00612990790817,0.9471,0.3817,0.6995,0.0024177949709864,1120.97,14.6,12.7,42.0,8708.6857204,0.2048389383,10.1,0.327,11.963703948,3.3,0.376,0.2165377176,0.0101547389,,,,,-19.0,
2020-10-23,474,"-82.9222,32.4633",13175,"Georgia, Laurens",0.0789066529138731,3.23296354992076,0.0409720021130481,1939,1.00450047626502,1.0044091538783,0.0443527591542032,86,0.0018172213417855,1.00682720684153,1.0043176444967,0.317102707121791,1.00612990790817,0.7659,0.4935,0.7622,0.0077760169043845,1274.06,11.4,16.8,61.1,10948.539057,0.2000320028,11.2,0.165,55.500672421,5.0,0.418,0.3699313259,0.0035921817,-10.0,-7.0,,19.0,-14.0,3.0
2020-10-23,475,"-84.1432,31.7793",13177,"Georgia, Lee",0.0309555854643338,0.772745598709851,0.0249630426018008,743,1.00232879099806,1.0044091538783,0.0363391655450875,27,0.0009071361376159,1.00540603558491,1.0043176444967,0.317102707121791,1.00612990790817,0.4586,0.4015,0.3101,,2127.55,10.0,11.9,57.0,7671.8746172,0.158839676,11.2,0.253,39.117745791,5.0,0.44,0.2175782825,0.0032253729,-6.0,,,,-17.0,3.0
2020-10-23,476,"-81.4925,31.8259",13179,"Georgia, Liberty",0.0558292282430213,1.10574499569085,0.0198058441875213,1218,1.00502563202403,1.0044091538783,0.0205254515599343,25,0.0004065238954745,1.00584875104734,1.0043176444967,0.317102707121791,1.00612990790817,0.7283,0.8647,0.9195,0.0010407011724149,1435.69,11.2,8.4,143.3,9105.0080563,0.1891960083,10.2,0.13,57.04517774,5.0,0.376,0.4214839748,0.0071548206,-16.0,-15.0,4.0,-24.0,-24.0,6.0
2020-10-23,477,"-82.4502,33.792",13181,"Georgia, Lincoln",0.0482456140350877,1.38976626658244,0.0288060644346178,228,1.00511562357706,1.0044091538783,0.0307017543859649,7,0.0008843967150979,1.0,1.0043176444967,0.317102707121791,1.00612990790817,0.6296,0.4912,0.2904,,1200.94,12.4,22.6,24.6,9539.0944562,0.1711204768,10.4,0.168,6.527436463,3.0,0.242,0.2898294378,0.0054327227,,,,,-17.0,
2020-10-23,478,"-81.7495,31.7522",13183,"Georgia, Long",0.0476190476190476,0.684282556058532,0.0143699336772292,273,1.00211085552294,1.0044091538783,0.0146520146520147,4,0.0002105484787872,1.0,1.0043176444967,0.317102707121791,1.00612990790817,0.871,0.8612,0.2461,,1427.52,15.4,8.8,33.8,6706.4971105,0.1951650207,10.2,0.091,26.755179333,3.3,0.343,0.2568691441,0.0081061164,,,,,-16.0,
2020-10-23,479,"-83.2706,30.8357",13185,"Georgia, Lowndes",0.0723413966225468,2.72521728664644,0.0376716156154091,4382,1.00539595071527,1.0044091538783,0.0193975353719763,85,0.0007307364964193,1.0,1.0043176444967,0.317102707121791,1.00612990790817,0.8312,0.7529,0.9398,0.0028369769860988,1417.27,14.9,11.5,244.9,9540.4394941,0.1984922691,10.4,0.158,106.76887911,5.0,0.384,0.3637348372,0.0045821477,-18.0,-9.0,5.0,0.0,-22.0,5.0
2020-10-23,480,"-84.0043,34.5729",13187,"Georgia, Lumpkin",0.0739299610894942,2.30617508724018,0.0311940524958276,1028,1.00467198109515,1.0044091538783,0.0136186770428016,14,0.0004248217265968,1.0,1.0043176444967,0.317102707121791,1.00612990790817,0.6067,0.489,0.4358,0.0015779092702169,1666.12,11.6,16.7,102.6,7799.2486852,0.1730128659,9.6,0.113,44.623691043,5.0,0.347,0.0152935822,0.0074040358,13.0,18.0,,,-10.0,0.0
2020-10-23,481,"-82.4825,33.4785",13189,"Georgia, McDuffie",0.0642750373692078,1.99712043100646,0.0310714783335656,669,1.00346411921909,1.0044091538783,0.0224215246636771,15,0.0006966699177929,1.00990485606307,1.0043176444967,0.317102707121791,1.00612990790817,0.9025,0.7036,0.8854,0.0021828990757512,1275.19,12.1,16.7,79.8,11433.966363,0.1920284561,10.9,0.193,57.573424,4.3,0.241,0.4115925874,0.0043193535,2.0,-23.0,,0.0,-20.0,2.0
2020-10-23,482,"-81.4016,31.4968",13191,"Georgia, McIntosh",0.0198019801980198,0.418410041841004,0.0211297071129707,303,1.00142248661182,1.0044091538783,0.0231023102310231,7,0.0004881450488145,1.0,1.0043176444967,0.317102707121791,1.00612990790817,0.7073,0.4728,0.2085,,1406.67,14.9,24.5,25.7,10011.498416,0.1719340815,9.4,0.157,37.387719217,3.7,0.303,0.3357740586,0.0063458856,,,,,-19.0,
2020-10-23,483,"-84.0423,32.3521",13193,"Georgia, Macon",0.032520325203252,0.608689035988739,0.0187171878566537,246,1.00353374509136,1.0044091538783,0.040650406504065,10,0.0007608612949859,1.0,1.0043176444967,0.317102707121791,1.00612990790817,0.9892,0.737,0.9201,0.003728220345431,913.44,18.7,16.0,30.3,11453.088419,0.2156139653,11.4,0.173,3.9433478648,3.0,0.318,0.5982652362,0.0057064597,,,,,-22.0,
2020-10-23,484,"-83.2122,34.1292",13195,"Georgia, Madison",0.0572171651495449,1.48397976391231,0.0259359190556492,769,1.00453980972885,1.0044091538783,0.0143042912873862,11,0.000370994940978,1.0,1.0043176444967,0.317102707121791,1.00612990790817,0.785,0.6259,0.2168,,1542.96,15.1,15.8,78.6,8451.7576897,0.1727169958,10.9,0.159,23.622413717,5.0,0.335,0.0898145025,0.0042495784,,13.0,,,-17.0,0.0
2020-10-23,485,"-84.5273,32.3483",13197,"Georgia, Marion",0.0102040816326531,0.239492276374087,0.0234702430846605,196,1.00073099571392,1.0044091538783,0.0459183673469388,9,0.0010777152436833,1.0,1.0043176444967,0.317102707121791,1.00612990790817,0.9201,0.8914,0.5938,,1227.9,10.7,20.3,22.7,9664.3749719,0.1860120943,11.0,0.235,17.597983579,3.0,0.334,0.3058316369,0.0100586756,,,,,-24.0,
2020-10-23,486,"-84.6886,33.0416",13199,"Georgia, Meriwether",0.0378006872852234,1.04423770647427,0.027624833871274,582,1.00323235763853,1.0044091538783,0.0274914089347079,16,0.0007594456047085,1.01925902092718,1.0043176444967,0.317102707121791,1.00612990790817,0.857,0.454,0.7794,0.0011866337573571,1162.02,13.8,19.3,39.8,11323.419636,0.1821030701,11.0,0.208,22.103860334,3.3,0.333,0.3874596545,0.0052211885,,-6.0,,,-13.0,4.0
2020-10-23,487,"-84.7315,31.1657",13201,"Georgia, Miller",0.0463576158940397,2.4621878297573,0.0531129088990503,302,1.00335585560815,1.0044091538783,0.0066225165562913,2,0.0003517411185367,1.0,1.0043176444967,0.317102707121791,1.00612990790817,0.7726,0.3387,0.8819,0.0043967639817094,1367.01,15.2,21.3,18.4,17027.987849,0.1801135382,10.6,0.189,27.522859284,3.3,0.237,0.2769961308,0.0042208934,,,,,,
2020-10-23,488,"-84.1938,31.2248",13205,"Georgia, Mitchell",0.016548463356974,0.630857966834895,0.0381218457101658,846,1.00084717288173,1.0044091538783,0.0531914893617021,45,0.0020277577505407,,1.0043176444967,0.317102707121791,1.00612990790817,0.9777,0.8497,0.9592,0.001036409516943,1175.85,17.2,15.7,43.8,11754.366148,0.2040028861,11.1,0.113,41.213910828,4.0,0.345,0.4768385004,0.0062635184,,-10.0,,,-17.0,
2020-10-23,489,"-83.921,33.0143",13207,"Georgia, Monroe",0.036144578313253,0.981104651162791,0.0271438953488372,747,1.00212154249392,1.0044091538783,0.07095046854083,53,0.0019258720930232,,1.0043176444967,0.317102707121791,1.00612990790817,0.5162,0.5632,0.6762,0.0009084302325581,1685.51,12.0,17.5,62.4,8452.8756734,0.1555574062,11.5,0.109,182.19355077,5.0,0.359,0.2253270349,0.0039244186,8.0,,,52.0,-20.0,2.0
2020-10-23,490,"-82.5353,32.172",13209,"Georgia, Montgomery",0.0851648351648352,3.37213096921571,0.0395953442836941,364,1.00520889711624,1.0044091538783,0.0247252747252747,9,0.0009790057652561,1.03655432261531,1.0043176444967,0.317102707121791,1.00612990790817,0.8443,0.8551,0.8532,,1205.01,14.6,16.0,30.3,9118.4578068,0.1709451473,10.7,0.091,31.024244333,3.3,0.4,0.2474709018,0.001305341,,,,,-2.0,
2020-10-23,491,"-83.4913,33.5923",13211,"Georgia, Morgan",0.0404624277456647,1.11388107993423,0.0275287752612316,519,1.00250214765195,1.0044091538783,0.0096339113680154,5,0.0002652097809367,1.03239118471,1.0043176444967,0.317102707121791,1.00612990790817,0.3688,0.6797,0.0538,0.0026520978093672,1968.77,11.2,18.9,59.2,8958.9779024,0.1520223466,11.3,0.137,50.530951204,5.0,0.347,0.2199649923,0.0065772026,0.0,,,-3.0,-15.0,
2020-10-23,492,"-84.7499,34.789",13213,"Georgia, Murray",0.123493975903614,3.08108514315774,0.0249492748177651,996,1.01156076289722,1.0044091538783,0.0090361445783132,9,0.0002254452543773,1.01696850489722,1.0043176444967,0.317102707121791,1.00612990790817,0.8662,0.7281,0.305,0.0010520778537611,1177.42,14.6,14.1,97.8,9332.6732039,0.1783613636,10.5,0.205,42.406464943,5.0,0.343,0.0075649408,0.0099195912,-5.0,9.0,,,-18.0,2.0
2020-10-23,493,"-84.8714,32.5093",13215,"Georgia, Muscogee",0.023001269035533,0.746806757313556,0.0324680675731356,6304,1.00152760202731,1.0044091538783,0.0274428934010152,173,0.0008910177173465,1.0,1.0043176444967,0.317102707121791,1.00612990790817,0.7599,0.8335,0.8596,0.0063349814585908,1628.44,11.5,12.6,976.6,11063.830768,0.2005814291,11.9,0.131,473.28947692,5.0,0.385,0.4642202307,0.0050988875,-15.0,-9.0,27.0,-23.0,-26.0,7.0
2020-10-23,494,"-83.8455,33.5551",13217,"Georgia, Newton",0.0536412078152753,1.37847929085913,0.0256981404223076,2815,1.00334291080695,1.0044091538783,0.033392539964476,94,0.0008581261810646,1.00152906627678,1.0043176444967,0.317102707121791,1.00612990790817,0.7379,0.7514,0.2792,0.0009220291945481,1906.29,13.0,12.3,332.1,8500.9948803,0.1709154095,11.5,0.178,67.316023372,5.0,0.386,0.4554641641,0.004610146,-7.0,-5.0,,,-29.0,5.0
2020-10-23,495,"-83.4368,33.8375",13219,"Georgia, Oconee",0.0640569395017794,1.37502546343451,0.0214656752902832,843,1.00518997126195,1.0044091538783,0.0320284697508897,27,0.0006875127317172,1.0,1.0043176444967,0.317102707121791,1.00612990790817,0.0182,0.5785,0.0096,,2860.65,6.7,14.5,190.2,4413.8750663,0.1374412128,11.1,0.06,45.801098835,5.0,0.242,0.0502393563,0.0027500509,-10.0,,,,-25.0,4.0
2020-10-23,496,"-83.0828,33.8786",13221,"Georgia, Oglethorpe",0.0829145728643216,2.19210840972499,0.0264381559718347,398,1.00475536689599,1.0044091538783,0.0276381909547739,11,0.0007307028032416,1.0,1.0043176444967,0.317102707121791,1.00612990790817,0.6596,0.7354,0.2012,,1386.88,12.2,18.1,25.9,7167.8277292,0.1689302241,10.9,0.12,18.259182207,3.3,0.347,0.167463797,0.0038527966,,,,,-23.0,
2020-10-23,497,"-84.8685,33.9197",13223,"Georgia, Paulding",0.0567699836867863,1.0606910341128,0.0186840116066421,3065,1.00368936474947,1.0044091538783,0.0195758564437194,60,0.0003657555290044,1.00240390165174,1.0043176444967,0.317102707121791,1.00612990790817,0.2538,0.5899,0.0194,0.0018226817195386,2038.85,11.5,10.1,378.0,6375.0201892,0.1550594831,10.7,0.122,72.347517381,5.0,0.34,0.2000621784,0.0042244764,-9.0,-14.0,,,-26.0,7.0
2020-10-23,498,"-83.8294,32.5693",13225,"Georgia, Peach",0.0787716955941255,2.16140967871927,0.0274389127010294,749,1.00446550775299,1.0044091538783,0.0320427236315087,24,0.0008792174964281,1.0,1.0043176444967,0.317102707121791,1.00612990790817,0.8602,0.8774,0.9513,0.0009158515587793,1521.94,12.9,15.1,169.6,11601.416499,0.178564164,11.5,0.151,117.50284533,5.0,0.374,0.4399384548,0.0050555006,-2.0,19.0,,15.0,-24.0,3.0
2020-10-23,499,"-84.4641,34.4659",13227,"Georgia, Pickens",0.112792297111417,2.56410256410256,0.0227329580988118,727,1.01108688728546,1.0044091538783,0.0137551581843191,10,0.0003126954346466,1.01516534655549,1.0043176444967,0.317102707121791,1.00612990790817,0.4038,0.304,0.319,0.0016260162601626,2093.8,10.6,20.8,129.7,8239.7000568,0.1457754774,10.2,0.14,39.31743274,5.0,0.293,0.0103189493,0.0052845528,4.0,-10.0,,,-19.0,3.0
2020-10-23,500,"-82.216,31.3593",13229,"Georgia, Pierce",0.0442748091603053,1.49569343442158,0.0337820413636598,655,1.00353921704137,1.0044091538783,0.0366412213740458,24,0.001237815256073,1.00609846529734,1.0043176444967,0.317102707121791,1.00612990790817,0.7771,0.5145,0.156,,1476.91,15.8,16.6,48.9,8978.7390902,0.1824851222,10.1,0.207,55.572979492,4.3,0.362,0.0847387694,0.0086647068,,,,,-17.0,
2020-10-23,501,"-84.3879,33.0931",13231,"Georgia, Pike",0.0578947368421053,1.18063754427391,0.0203928303101857,380,1.0038170159038,1.0044091538783,0.0315789473684211,12,0.0006439841150584,1.01250777270301,1.0043176444967,0.317102707121791,1.00612990790817,0.5283,0.2324,0.0726,,1856.68,13.1,15.3,65.4,7607.9352969,0.1495148163,11.1,0.056,19.35944333,5.0,0.343,0.091392079,0.0031125899,,,,,-16.0,
2020-10-23,502,"-85.1868,34.0027",13233,"Georgia, Polk",0.0915032679738562,3.62608900400283,0.0396279726866023,1683,1.00869827228079,1.0044091538783,0.0154486036838978,26,0.0006121968448316,1.01150029829051,1.0043176444967,0.317102707121791,1.00612990790817,0.7682,0.8249,0.4511,0.0005886508123381,1397.34,15.7,15.1,125.5,10411.142715,0.1785788786,10.9,0.16,94.237071859,5.0,0.378,0.1229573817,0.0080291971,-4.0,-1.0,,,-14.0,2.0
2020-10-23,503,"-83.4755,32.2333",13235,"Georgia, Pulaski",0.0333333333333333,0.993766374559581,0.0298129912367874,330,1.00306759994714,1.0044091538783,0.0696969696969697,23,0.0020778751468064,1.00637045739233,1.0043176444967,0.317102707121791,1.00612990790817,0.8252,0.3948,0.8701,0.0044267774866745,1289.92,14.3,18.9,44.9,9670.7810903,0.1831613943,11.0,0.216,49.791169124,4.0,0.419,0.3124040112,0.0044267775,,-3.0,,,-12.0,
2020-10-23,504,"-83.3755,33.3206",13237,"Georgia, Putnam",0.0553410553410553,1.97166307487734,0.0356274932367371,777,1.00411165850006,1.0044091538783,0.0347490347490347,27,0.0012380210005043,1.0,1.0043176444967,0.317102707121791,1.00612990790817,0.4761,0.7574,0.2719,0.0011463157412077,1836.91,14.0,23.0,54.9,6993.1690873,0.1600573479,11.3,0.223,40.320841489,4.3,0.343,0.2614058416,0.004952084,,,,,-16.0,
2020-10-23,505,"-85.0177,31.8673",13239,"Georgia, Quitman",0.105263157894737,1.75515577007459,0.0166739798157086,38,1.0,1.0044091538783,0.0263157894736842,1,0.0004387889425186,1.0,1.0043176444967,0.317102707121791,1.00612990790817,0.9723,0.7794,0.6065,,852.18,23.6,26.7,12.6,12544.34882,0.1810709192,10.9,0.172,33.182201066,3.0,0.29,0.4699429574,0.0070206231,,,,,,
2020-10-23,506,"-83.403,34.8839",13241,"Georgia, Rabun",0.079136690647482,1.95648307345705,0.0247228315645936,417,1.00453472859445,1.0044091538783,0.026378896882494,11,0.0006521610244856,1.0,1.0043176444967,0.317102707121791,1.00612990790817,0.5389,0.567,0.462,0.0029643682931167,1690.42,17.4,26.9,47.4,7607.9405295,0.1701657557,8.8,0.176,65.168470158,4.0,0.321,0.0128653584,0.005513725,32.0,,,,3.0,
2020-10-23,507,"-84.7573,31.7662",13243,"Georgia, Randolph",0.014792899408284,0.731743011854237,0.0494658276013464,338,1.0,1.0044091538783,0.0857988165680473,29,0.0042441094687545,1.0,1.0043176444967,0.317102707121791,1.00612990790817,0.9637,0.4849,0.8873,0.0036587150592711,1027.17,13.3,21.2,18.2,11212.778936,0.2136822422,10.7,0.123,30.586069125,3.0,0.361,0.6105663691,0.0011707888,,,,,,
2020-10-23,508,"-82.0703,33.3578",13245,"Georgia, Richmond",0.0570624360286592,2.21280649354515,0.0387786895819483,7816,1.00382296651784,1.0044091538783,0.0223899692937564,175,0.0008682536689919,1.00164340311291,1.0043176444967,0.317102707121791,1.00612990790817,0.8955,0.7584,0.9261,0.0106869623029064,1371.83,13.0,13.2,781.3,11360.725067,0.1990442764,11.3,0.12,395.84031361,5.0,0.356,0.5600484237,0.0043759985,-12.0,-3.0,7.0,-25.0,-17.0,5.0
2020-10-23,509,"-84.022,33.6515",13247,"Georgia, Rockdale",0.0668618838457784,1.51224142879219,0.022617391880257,2049,1.00468824411946,1.0044091538783,0.0195217179111762,40,0.0004415303441729,1.0,1.0043176444967,0.317102707121791,1.00612990790817,0.6006,0.9185,0.1627,0.0015232796873965,2152.12,13.7,13.4,688.6,7963.3371714,0.1832833079,11.6,0.146,178.3585058,5.0,0.422,0.5540874672,0.0055853589,-8.0,-2.0,,,-31.0,7.0
2020-10-23,510,"-84.3126,32.2654",13249,"Georgia, Schley",0.018348623853211,0.381970970206264,0.0208174178762414,109,1.00131753219893,1.0044091538783,0.018348623853211,2,0.0003819709702062,1.0,1.0043176444967,0.317102707121791,1.00612990790817,0.901,0.5355,0.4569,,1288.55,14.2,16.6,28.1,9369.6026048,0.182946485,11.1,0.064,10.871204197,3.3,0.269,0.1980519481,0.0011459129,,,,,,
2020-10-23,511,"-81.6078,32.7498",13251,"Georgia, Screven",0.0381165919282511,1.21968718610992,0.031998852059119,446,1.00291649571169,1.0044091538783,0.0246636771300448,11,0.0007892093557181,1.0,1.0043176444967,0.317102707121791,1.00612990790817,0.8166,0.6329,0.8959,0.0017936576266322,1171.01,13.5,17.7,19.7,9848.8005383,0.1989608087,10.4,0.125,22.686397468,3.0,0.295,0.4090256852,0.0046635098,,,,,-21.0,
2020-10-23,512,"-84.8682,30.9346",13253,"Georgia, Seminole",0.0466321243523316,2.16476247745039,0.0464221286831028,386,1.0026178727148,1.0044091538783,0.0284974093264249,11,0.0013229104028863,1.01370885629547,1.0043176444967,0.317102707121791,1.00612990790817,0.7611,0.6291,0.7791,0.0078171978352375,1332.09,16.0,22.1,34.2,11384.451132,0.1792539035,10.4,0.096,53.047482051,4.0,0.307,0.3233914612,0.0031268791,,,,,-14.0,
2020-10-23,513,"-84.2801,33.2631",13255,"Georgia, Spalding",0.0946475195822454,2.19364599092284,0.0231770045385779,1532,1.00739408375708,1.0044091538783,0.0404699738903394,62,0.0009379727685325,1.0,1.0043176444967,0.317102707121791,1.00612990790817,0.842,0.5731,0.724,0.0024205748865355,1534.67,14.5,17.1,327.1,11618.242482,0.1869156861,11.3,0.155,142.57107063,5.0,0.393,0.3411043873,0.0049167927,-5.0,-7.0,,,-18.0,3.0
2020-10-23,514,"-83.2941,34.5515",13257,"Georgia, Stephens",0.0786963434022258,3.80257345880545,0.0483195698098713,1258,1.00392180941666,1.0044091538783,0.0325914149443561,41,0.0015748031496063,,1.0043176444967,0.317102707121791,1.00612990790817,0.8108,0.5291,0.7781,0.0036873439600537,1259.48,13.5,19.1,145.0,11066.090464,0.1724790237,9.8,0.114,62.181462768,5.0,0.372,0.1068177453,0.0050700979,-4.0,-3.0,,,-16.0,3.0
2020-10-23,515,"-84.8321,32.08",13259,"Georgia, Stewart",0.0205992509363296,1.77447975479916,0.086142926278432,534,1.00270424340744,1.0044091538783,0.0299625468164794,16,0.002581061461526,1.0,1.0043176444967,0.317102707121791,1.00612990790817,0.9844,0.9908,0.7759,,856.07,16.3,15.1,10.1,12236.425152,0.2387768159,11.0,0.139,21.302872174,3.0,0.316,0.4039361187,0.0108081949,,,,,,
2020-10-23,516,"-84.1982,32.0365",13261,"Georgia, Sumter",0.0166840458811262,0.538122624693102,0.0322537248175428,959,1.00119743239867,1.0044091538783,0.0719499478623566,69,0.002320653818989,1.00637045739233,1.0043176444967,0.317102707121791,1.00612990790817,0.9484,0.8571,0.979,0.0025560824672922,1204.6,11.9,15.9,64.6,11944.754185,0.2079132037,11.4,0.15,79.703006768,5.0,0.367,0.5240305385,0.0054821242,-6.0,-9.0,,,-23.0,3.0
2020-10-23,517,"-84.5335,32.6964",13263,"Georgia, Talbot",0.0235294117647059,0.637755102040816,0.0271045918367347,170,1.00254675529048,1.0044091538783,0.0411764705882353,7,0.0011160714285714,1.0,1.0043176444967,0.317102707121791,1.00612990790817,0.8783,0.6399,0.7453,,1176.72,15.0,22.6,12.8,7419.3544691,0.1795276215,11.0,0.224,13.54545865,3.0,0.373,0.5428890306,0.0066964286,,,,,,
2020-10-23,518,"-82.8814,33.5654",13265,"Georgia, Taliaferro",0.04,0.621890547263682,0.015547263681592,25,1.0,1.0044091538783,0.0,0,0.0,,1.0043176444967,0.317102707121791,1.00612990790817,0.9745,0.4884,0.6934,,818.15,11.1,24.7,6.9,13117.378482,0.2071215209,10.5,0.16,12.222640423,,0.356,0.5348258706,0.0018656716,,,,,,
2020-10-23,519,"-82.0554,32.0479",13267,"Georgia, Tattnall",0.0557986870897155,2.00858571934938,0.0359970068134378,914,1.00559353914299,1.0044091538783,0.0142231947483589,13,0.0005119924382655,1.01150029829051,1.0043176444967,0.317102707121791,1.00612990790817,0.8022,0.8475,0.9608,0.0009846008428183,1389.22,14.0,13.5,41.8,9276.4370382,0.2043579877,10.6,0.228,37.406675045,4.0,0.433,0.2878185184,0.0067740538,,,,,-11.0,
2020-10-23,520,"-84.2508,32.5579",13269,"Georgia, Taylor",0.0398230088495575,1.11954223162085,0.0281129493718124,226,1.00127065623146,1.0044091538783,0.0530973451327434,12,0.0014927229754944,1.0,1.0043176444967,0.317102707121791,1.00612990790817,0.9707,0.4957,0.9,,1127.77,17.5,18.7,19.9,10188.242739,0.2163112724,11.2,0.091,30.027700133,3.0,0.387,0.3821370817,0.002985446,,,,,-17.0,
2020-10-23,521,"-82.9349,31.9283",13271,"Georgia, Telfair",0.0781609195402299,2.14159737969262,0.0273998488284203,435,1.00502563202403,1.0044091538783,0.0528735632183908,23,0.0014487276392038,1.00637045739233,1.0043176444967,0.317102707121791,1.00612990790817,0.8086,0.9567,0.8672,,940.1,9.8,16.9,33.8,8918.0051556,0.2096950642,10.8,0.161,48.067309201,3.0,0.251,0.3432224742,0.003590325,,,,,-13.0,
2020-10-23,522,"-84.4407,31.7753",13273,"Georgia, Terrell",0.014792899408284,0.580652653582627,0.0392521193821856,338,1.0008481788604,1.0044091538783,0.0946745562130177,32,0.0037161769829288,1.0,1.0043176444967,0.317102707121791,1.00612990790817,0.9672,0.5199,0.9433,,1030.22,16.7,18.3,24.1,9642.6734014,0.2125589768,10.9,0.14,193.66317733,3.0,0.331,0.6003948438,0.005690396,,,,,-21.0,
2020-10-23,523,"-83.9185,30.8639",13275,"Georgia, Thomas",0.0335018963337547,1.19240460763139,0.0355921526277898,1582,1.00218623231372,1.0044091538783,0.0436156763590392,69,0.0015523758099352,1.00208771903141,1.0043176444967,0.317102707121791,1.00612990790817,0.7975,0.7338,0.8093,0.0059395248380129,1324.8,14.9,17.2,86.7,9550.7085402,0.1788825378,11.2,0.144,78.583990396,5.0,0.325,0.3582838373,0.0060520158,-13.0,-4.0,,,-16.0,4.0
2020-10-23,524,"-83.5236,31.4574",13277,"Georgia, Tift",0.0415800415800416,1.97185181533608,0.0474230361588327,1924,1.00270197011922,1.0044091538783,0.0327442827442827,63,0.0015528333045771,1.0069943706001,1.0043176444967,0.317102707121791,1.00612990790817,0.6981,0.7459,0.9561,0.0059402035936999,1499.18,18.8,14.3,175.6,8926.2145423,0.1882640513,10.9,0.121,147.85241252,5.0,0.36,0.2979221611,0.0046831481,-8.0,-5.0,,-13.0,-16.0,2.0
2020-10-23,525,"-82.3296,32.1206",13279,"Georgia, Toombs",0.050580997949419,2.75225945624279,0.0544129133038271,1463,1.00316437057852,1.0044091538783,0.038961038961039,57,0.002119983635214,1.00511562357706,1.0043176444967,0.317102707121791,1.00612990790817,0.8975,0.851,0.9223,0.002119983635214,1211.95,18.3,16.2,80.7,10721.759461,0.192793079,10.7,0.16,60.977680604,5.0,0.483,0.2587123889,0.0083683565,-10.0,1.0,,,-14.0,2.0
2020-10-23,526,"-83.7411,34.9137",13281,"Georgia, Towns",0.102870813397129,3.62807964900439,0.0352683091461357,418,1.0070287906977,1.0044091538783,0.0287081339712919,12,0.0010124873439082,1.02638809625704,1.0043176444967,0.317102707121791,1.00612990790817,0.5538,0.0449,0.3639,0.002109348633142,1534.42,11.9,34.0,69.1,10076.017863,0.1386498291,8.7,0.064,60.693525979,5.0,0.261,0.0118123523,0.0039655754,,,,,-10.0,
2020-10-23,527,"-82.569,32.4042",13283,"Georgia, Treutlen",0.0684931506849315,2.93728888236158,0.0428844176824791,292,1.00347238939558,1.0044091538783,0.0376712328767123,11,0.0016155088852988,1.0,1.0043176444967,0.317102707121791,1.00612990790817,0.801,0.8262,0.9401,,1250.47,20.2,19.2,28.1,7480.0180109,0.1828048509,10.6,0.093,31.527447937,3.3,0.357,0.3144367749,0.0032310178,,,,,,
2020-10-23,528,"-85.0281,33.0335",13285,"Georgia, Troup",0.0377295492487479,1.61350201330782,0.0427649427420967,2995,1.00231074105817,1.0044091538783,0.0353923205342237,106,0.001513550561156,1.00272487645568,1.0043176444967,0.317102707121791,1.00612990790817,0.8494,0.7577,0.7838,0.0039409429705571,1446.76,11.8,14.2,179.4,9917.6465547,0.1804317082,11.2,0.11,89.634992372,5.0,0.404,0.3631950196,0.0039837793,2.0,-6.0,,13.0,-15.0,3.0
2020-10-23,529,"-83.6207,31.7161",13287,"Georgia, Turner",0.036144578313253,1.51668351870576,0.0419615773508595,332,1.00086356043321,1.0044091538783,0.072289156626506,24,0.0030333670374115,1.0,1.0043176444967,0.317102707121791,1.00612990790817,0.8815,0.73,0.9666,,1122.68,12.9,18.0,28.6,10279.45103,0.1856569517,10.7,0.182,93.193045573,3.0,0.387,0.3992669363,0.005182002,,,,,-13.0,
2020-10-23,530,"-83.4308,32.6744",13289,"Georgia, Twiggs",0.0560747663551402,1.46555935515388,0.0261358085002443,214,1.00545767431353,1.0044091538783,0.0420560747663551,9,0.0010991695163654,1.0,1.0043176444967,0.317102707121791,1.00612990790817,0.943,0.4199,0.2757,,1060.37,9.6,21.2,21.6,16162.046278,0.2013755623,11.2,0.165,13.618555787,3.3,0.361,0.3983878847,0.0037860283,,,,,-23.0,
2020-10-23,531,"-83.9897,34.83",13291,"Georgia, Union",0.0413318025258324,1.49993750260406,0.0362901545768926,871,1.00349260316975,1.0044091538783,0.0287026406429392,25,0.0010416232656972,1.01198288474998,1.0043176444967,0.317102707121791,1.00612990790817,0.3596,0.3578,0.3005,0.001874921878255,1683.05,12.7,32.1,73.4,7382.8463421,0.1366682293,9.0,0.155,35.833659346,5.0,0.27,0.0076663472,0.0049581267,14.0,18.0,,,-13.0,5.0
2020-10-23,532,"-84.3002,32.8792",13293,"Georgia, Upson",0.0180940892641737,0.572191493419798,0.0316231165363342,829,1.00017244354526,1.0044091538783,0.083232810615199,69,0.002632080869731,1.00208771903141,1.0043176444967,0.317102707121791,1.00612990790817,0.9099,0.5912,0.7644,0.0043868014495517,1223.31,11.8,18.0,77.8,10536.69477,0.1817284267,11.2,0.119,94.471181821,5.0,0.266,0.2800305169,0.0048064085,-8.0,-5.0,,,-10.0,1.0
2020-10-23,533,"-85.3017,34.7338",13295,"Georgia, Walker",0.0810660744031094,2.10344330788071,0.0259472698458435,1801,1.0067629436358,1.0044091538783,0.0238756246529706,43,0.0006195072756087,1.00336715580588,1.0043176444967,0.317102707121791,1.00612990790817,0.7608,0.2856,0.4989,,1569.74,12.3,18.1,127.4,10284.591817,0.1719338686,11.0,0.189,50.467827658,5.0,0.366,0.044129088,0.0038034865,6.0,-2.0,,,-21.0,4.0
2020-10-23,534,"-83.7355,33.7802",13297,"Georgia, Walton",0.134806131650135,3.19775836069431,0.0237211640268227,2218,1.0143109619326,1.0044091538783,0.0297565374211001,66,0.0007058597050362,1.0044056276055,1.0043176444967,0.317102707121791,1.00612990790817,0.5003,0.5651,0.0328,0.0017646492625905,1875.11,11.7,15.0,239.8,8535.957542,0.1728746189,11.4,0.105,68.020424321,5.0,0.284,0.1804113237,0.0040747356,2.0,1.0,,,-29.0,3.0
2020-10-23,535,"-82.4222,31.0545",13299,"Georgia, Ware",0.106976744186047,5.15695067264574,0.0482062780269058,1720,1.00823832823233,1.0044091538783,0.036046511627907,62,0.0017376681614349,1.00232563164892,1.0043176444967,0.317102707121791,1.00612990790817,0.7242,0.4565,0.9029,0.0064742152466367,1336.36,16.3,16.6,43.1,10582.73518,0.1904435871,10.1,0.126,137.84890577,4.3,0.363,0.2964686099,0.0048766816,-7.0,-3.0,,,-16.0,3.0
2020-10-23,536,"-82.678,33.4115",13301,"Georgia, Warren",0.0184049079754601,0.571319748619311,0.0310417063416492,163,1.0,1.0044091538783,0.0306748466257669,5,0.0009521995810321,1.0,1.0043176444967,0.317102707121791,1.00612990790817,0.9236,0.6905,0.8217,,1104.55,13.0,20.9,17.6,13059.17134,0.1967016172,10.8,0.241,14.197338124,3.0,0.577,0.586364502,0.0034279185,,,,,,
2020-10-23,537,"-82.7936,32.9671",13303,"Georgia, Washington",0.0512129380053908,1.86402433042284,0.0363975277150986,742,1.00450840175011,1.0044091538783,0.0175202156334232,13,0.000637692534092,1.02415191411056,1.0043176444967,0.317102707121791,1.00612990790817,0.9239,0.738,0.9252,0.0056901795349749,1174.55,11.3,16.7,29.5,9219.0853539,0.2002729765,10.8,0.191,4.4287692177,3.7,0.364,0.5327185323,0.0018149711,-1.0,-18.0,,,-18.0,
2020-10-23,538,"-81.9189,31.5522",13305,"Georgia, Wayne",0.032258064516129,1.30837359098229,0.0405595813204509,1209,1.00214519496817,1.0044091538783,0.0248138957816377,30,0.0010064412238325,1.00485482547268,1.0043176444967,0.317102707121791,1.00612990790817,0.8621,0.745,0.9752,0.0029522275899087,1394.28,15.1,15.0,44.1,11070.399974,0.1854656549,10.2,0.116,52.266563692,4.3,0.409,0.1952495974,0.006541868,-12.0,-14.0,,,-13.0,4.0
2020-10-23,539,"-84.5474,32.0407",13307,"Georgia, Webster",0.0,0.0,0.0168517809268479,44,1.0,1.0044091538783,0.0454545454545455,2,0.0007659900421294,1.0,1.0043176444967,0.317102707121791,1.00612990790817,0.7299,0.8621,0.2171,,1270.28,8.2,20.9,10.1,12650.882488,0.1710783407,10.9,0.114,8.4547834511,3.0,0.258,0.4147836078,0.0049789353,,,,,,
2020-10-23,540,"-82.7257,32.1201",13309,"Georgia, Wheeler",0.0278551532033426,1.26919659855312,0.0455641578880569,359,1.00119952709157,1.0044091538783,0.0445682451253482,16,0.0020307145576849,1.0301070886466,1.0043176444967,0.317102707121791,1.00612990790817,0.9783,0.5065,0.9911,0.0031729914963827,935.27,21.5,13.9,20.8,5428.2066573,0.2350614313,10.7,0.103,17.693292661,3.0,0.32,0.3684477726,0.0010153573,,,,,,
2020-10-23,541,"-83.7491,34.6462",13311,"Georgia, White",0.0634441087613293,2.1021021021021,0.0331331331331331,993,1.00291088296751,1.0044091538783,0.0231621349446123,23,0.0007674341007674,1.00637045739233,1.0043176444967,0.317102707121791,1.00612990790817,0.4793,0.3782,0.0876,,1621.46,11.1,21.5,112.4,7793.0987755,0.1605311662,9.4,0.147,44.653870011,5.0,0.288,0.0193193193,0.0057057057,45.0,,,,-9.0,0.0
2020-10-23,542,"-84.9609,34.8099",13313,"Georgia, Whitfield",0.0830145371078806,4.17059060944437,0.050239280428975,5228,1.00659189786932,1.0044091538783,0.0122417750573833,64,0.0006150179700563,1.00225229790198,1.0043176444967,0.317102707121791,1.00612990790817,0.8124,0.9341,0.8577,0.0027099229305606,1545.02,16.6,13.5,405.8,6965.878623,0.1774828459,10.9,0.124,225.68103414,5.0,0.345,0.0354500202,0.0143952644,-3.0,12.0,25.0,-11.0,-14.0,4.0
2020-10-23,543,"-83.4344,31.975",13315,"Georgia, Wilcox",0.0039840637450199,0.113481615978212,0.0284838856105311,251,1.0,1.0044091538783,0.099601593625498,25,0.0028370403994552,1.0,1.0043176444967,0.317102707121791,1.00612990790817,0.8927,0.8233,0.7628,,1167.97,17.0,16.4,18.6,9778.345116,0.2017208921,10.9,0.229,20.788097273,3.0,0.405,0.3415796641,0.0031774852,,,,,-16.0,
2020-10-23,544,"-82.7429,33.7829",13317,"Georgia, Wilkes",0.049469964664311,1.41757796678817,0.0286553260429324,283,1.00515252920788,1.0044091538783,0.0212014134275618,6,0.0006075334143377,1.0,1.0043176444967,0.317102707121791,1.00612990790817,0.7354,0.8822,0.2455,0.0025313892264074,1082.73,14.7,22.8,20.3,10094.036624,0.1917724705,10.6,0.206,17.756397299,3.0,0.3,0.4078574322,0.0024301337,,,,,-6.0,
2020-10-23,545,"-83.1714,32.8029",13319,"Georgia, Wilkinson",0.0277008310249307,1.10668437361664,0.0399513058875609,361,1.00079396786069,1.0044091538783,0.0470914127423823,17,0.0018813634351483,,1.0043176444967,0.317102707121791,1.00612990790817,0.8596,0.6192,0.532,,1115.23,9.8,18.2,20.8,10208.419477,0.181903495,11.3,0.139,11.222534046,3.0,0.354,0.3824701195,0.0052014166,,,,,-20.0,
2020-10-23,546,"-83.8509,31.5516",13321,"Georgia, Worth",0.0647840531561462,1.92127691019262,0.0296566333316912,602,1.00508527038423,1.0044091538783,0.053156146179402,32,0.0015764323365683,1.0,1.0043176444967,0.317102707121791,1.00612990790817,0.8003,0.5536,0.2407,0.0012315877629439,1323.95,18.4,18.1,29.1,10313.359091,0.1826639967,11.0,0.31,100.40570081,3.3,0.51,0.2788314695,0.0035962363,,,,,-21.0,
2020-10-23,547,"-155.521,19.6012",15001,"Hawaii, Hawaii",0.226785714285714,1.26378847962265,0.0055726106188085,1120,1.01559770008315,1.00572976764594,0.025,28,0.0001393152654702,1.06515354727199,1.01634991000035,0.341870522234917,1.00573292537119,0.4029,0.9389,0.5466,0.0025076747784638,2034.81,4.9,19.3,50.2,7186.4187732,0.1432765567,,0.103,83.347371173,3.0,0.255,0.0067120105,0.0056422683,-36.0,-20.0,-47.0,-67.0,-30.0,10.0
2020-10-23,548,"-157.9712,21.458",15003,"Hawaii, Honolulu",0.0695398216118084,0.898906211737817,0.0129264957962615,12669,1.00482786872861,1.00572976764594,0.0125503196779541,159,0.0001622316545588,1.01127330087083,1.01634991000035,0.341870522234917,1.00573292537119,0.1137,0.9752,0.965,0.0020661578646641,2904.39,3.3,16.9,1665.0,5585.1254309,0.1099952128,,0.104,1370.9615502,4.3,0.234,0.0255366909,0.0032752428,-35.0,-21.0,-54.0,-57.0,-35.0,16.0
2020-10-23,549,"-156.9584,21.1788",15005,"Hawaii, Kalawao",,0.0,0.0,0,,1.00572976764594,,0,0.0,,1.01634991000035,0.341870522234917,1.00573292537119,0.1347,0.9421,0.4963,,1832.94,0.0,16.0,7.3,,0.1219511319,,0.102,0.0,,0.178,0.0,0.0,,,,,,
2020-10-23,550,"-159.5967,22.0394",15007,"Hawaii, Kauai",0.0166666666666667,0.0138632803293915,0.0008317968197634,60,1.00240390165174,1.00572976764594,0.0,0,0.0,,1.01634991000035,0.341870522234917,1.00573292537119,0.1229,0.9503,0.397,0.0022735779740202,2560.5,5.0,18.8,113.8,6332.8019575,0.127378115,,0.097,154.23418976,3.3,0.215,0.0059057574,0.0048382848,-43.0,-38.0,-61.0,-68.0,-28.0,11.0
2020-10-23,551,"-156.5689,20.864",15009,"Hawaii, Maui",0.0873563218390805,0.227263212664542,0.002601565723923,435,1.00814050037388,1.00572976764594,0.0413793103448276,18,0.0001076509954726,1.0,1.01634991000035,0.341870522234917,1.00573292537119,0.1376,0.9472,0.6622,0.0013994629411448,2782.12,5.0,16.9,140.8,5343.1654977,0.1234343383,,0.099,168.61834418,3.3,0.24,0.0067640709,0.0055978518,-41.0,-28.0,-42.0,-65.0,-31.0,11.0
2020-10-23,552,"-116.2416,43.4527",16001,"Idaho, Ada",0.11132986155214,3.73005706795811,0.0335045513930795,15746,1.00862793963041,1.01611498149785,0.0101613108090944,160,0.0003404501602243,1.00362337833333,1.00966283331217,0.329759640817965,1.00807979757243,0.0939,0.5874,0.2429,0.0028470144648761,2222.6,8.3,13.5,470.7,5088.3779692,0.1199070066,10.6,0.079,277.25357103,5.0,0.256,0.0124030249,0.0080048344,-15.0,3.0,46.0,-23.0,-35.0,9.0
2020-10-23,553,"-116.4545,44.8933",16003,"Idaho, Adams",0.09375,0.705882352941177,0.0075294117647058,32,1.00454582940699,1.01611498149785,0.0625,2,0.0004705882352941,1.0,1.00966283331217,0.329759640817965,1.00807979757243,0.5694,0.1328,0.1137,,1498.4,12.0,28.1,2.8,7227.7124623,0.1435193203,6.6,0.079,42.144859882,3.0,0.305,0.0023529412,0.0150588235,,,,,,
2020-10-23,554,"-112.2233,42.67",16005,"Idaho, Bannock",0.334907888521493,8.13651908467029,0.0242947967591636,2117,1.04525280862105,1.01611498149785,0.004723665564478,10,0.0001147604948472,1.03239118471,1.00966283331217,0.329759640817965,1.00807979757243,0.5395,0.462,0.6753,0.0023525901443687,1665.5,8.8,13.4,75.6,8050.1298661,0.1442402058,6.7,0.094,251.48825169,4.0,0.32,0.0096169295,0.0371594482,-10.0,-5.0,,-14.0,-18.0,5.0
2020-10-23,555,"-111.3289,42.2827",16007,"Idaho, Bear Lake",0.242424242424242,2.64462809917355,0.0109090909090909,66,1.03183373741571,1.01611498149785,0.0151515151515152,1,0.0001652892561983,1.0,1.00966283331217,0.329759640817965,1.00807979757243,0.3385,0.1971,0.1226,0.0034710743801652,1577.88,5.7,20.5,5.4,7515.9409961,0.1316587242,5.4,0.077,64.8833309,3.0,0.264,0.0033057851,0.0092561983,,,,,,
2020-10-23,556,"-116.6587,47.2175",16009,"Idaho, Benewah",0.0297619047619048,0.541946672447431,0.0182094081942337,168,1.00520889711624,1.01611498149785,0.0178571428571429,3,0.0003251680034684,1.0,1.00966283331217,0.329759640817965,1.00807979757243,0.721,0.3365,0.5581,0.0020593973553002,1445.72,11.4,21.9,13.2,9613.2607227,0.1532512536,9.5,0.087,67.539931071,3.0,0.319,0.0041187947,0.0848688489,,,,,-17.0,
2020-10-23,557,"-112.3978,43.2167",16011,"Idaho, Bingham",0.232950708980419,7.46171814170776,0.0320313175880266,1481,1.03088139372897,1.01611498149785,0.0101282916948008,15,0.0003244225279003,1.05963402266705,1.00966283331217,0.329759640817965,1.00807979757243,0.5115,0.7918,0.1961,0.0033091097845834,1675.77,10.5,13.7,20.9,8487.0603401,0.1423834346,7.4,0.121,66.538675491,3.7,0.312,0.0033956225,0.0738601955,6.0,11.0,,,-25.0,3.0
2020-10-23,558,"-113.9753,43.4086",16013,"Idaho, Blaine",0.148104265402844,5.53072872881731,0.0373434803769745,844,1.00985602592742,1.01611498149785,0.0071090047393364,6,0.0002654749789832,1.0,1.00966283331217,0.329759640817965,1.00807979757243,0.2306,0.845,0.2518,0.0011061457457634,2159.66,12.8,17.3,8.9,3929.1404687,0.1290267483,6.2,0.043,41.30367308,3.7,0.151,0.0043360913,0.017432857,-19.0,,,-12.0,-24.0,
2020-10-23,559,"-115.7309,43.9883",16015,"Idaho, Boise",0.0266666666666667,0.261985852763951,0.0098244694786481,75,1.00191941405457,1.01611498149785,0.0266666666666667,2,0.0002619858527639,1.0,1.00966283331217,0.329759640817965,1.00807979757243,0.3061,0.1203,0.0401,,1573.06,11.3,24.5,3.4,6622.3165932,0.1294663315,5.9,0.13,22.814561728,2.3,0.306,0.0040607807,0.012444328,,,,,-23.0,
2020-10-23,560,"-116.6018,48.3",16017,"Idaho, Bonner",0.143171806167401,1.45326089386724,0.010150468397165,454,1.0118721736012,1.01611498149785,0.0022026431718061,1,2.23578599056498e-05,1.0,1.00966283331217,0.329759640817965,1.00807979757243,0.3188,0.1576,0.3512,0.0005589464976412,1654.95,10.3,23.0,23.5,6378.181969,0.1365392262,10.0,0.092,65.082571204,3.7,0.258,0.0026829432,0.0093232276,-12.0,,,,-13.0,5.0
2020-10-23,561,"-111.6162,43.3871",16019,"Idaho, Bonneville",0.224939467312349,7.95009156725487,0.0353432488404334,4130,1.01932955300388,1.01611498149785,0.0060532687651331,25,0.0002139421842641,1.01842967859905,1.00966283331217,0.329759640817965,1.00807979757243,0.2586,0.645,0.377,0.0028411522070275,1796.8,8.3,12.7,65.8,7227.0332943,0.1356030486,7.8,0.091,156.00969086,4.3,0.29,0.0058106697,0.0129905694,2.0,0.0,61.0,-8.0,-15.0,4.0
2020-10-23,562,"-116.463,48.7668",16021,"Idaho, Boundary",0.471074380165289,4.7706729159692,0.0101272179444258,121,1.06473501909705,1.01611498149785,0.0082644628099173,1,8.36960160696351e-05,1.0,1.00966283331217,0.329759640817965,1.00807979757243,0.3978,0.3903,0.2604,0.0016739203213927,1512.15,16.9,21.1,9.9,7105.2386866,0.1487052291,7.1,0.091,76.67309717,3.0,0.288,0.005440241,0.0195011717,,,,,0.0,
2020-10-23,563,"-113.1735,43.7259",16023,"Idaho, Butte",0.430232558139535,14.1708157793949,0.0329375718115665,86,1.04785445936295,1.01611498149785,0.0,0,0.0,,1.00966283331217,0.329759640817965,1.00807979757243,0.4178,0.0092,0.3365,0.0053619302949061,1602.86,15.5,21.8,2.3,9857.8845176,0.1316503865,5.8,0.092,35.588570305,3.0,0.288,0.0045959403,0.0130218307,,,,,,
2020-10-23,564,"-114.8066,43.4667",16025,"Idaho, Camas",0.05,1.77462289263532,0.0354924578527063,40,1.00735452613864,1.01611498149785,0.0,0,0.0,,1.00966283331217,0.329759640817965,1.00807979757243,0.2981,0.276,0.0127,,1884.54,12.1,23.5,0.9,,0.1522234683,5.4,0.053,7.7513285213,,0.248,0.0044365572,0.0141969831,,,,,,
2020-10-23,565,"-116.7095,43.6197",16027,"Idaho, Canyon",0.09375,4.0000178971718,0.0426668575698325,9536,1.00786707321605,1.01611498149785,0.0113255033557047,108,0.0004832236385845,1.00540603558491,1.00966283331217,0.329759640817965,1.00807979757243,0.736,0.8462,0.4082,0.0013512364708566,1620.45,13.6,13.2,337.5,6388.3502209,0.1412930959,10.7,0.098,197.82582223,5.0,0.349,0.0057047235,0.0174542168,-2.0,-5.0,38.0,-6.0,-24.0,4.0
2020-10-23,566,"-111.5598,42.7715",16029,"Idaho, Caribou",0.410569105691057,14.3059490084986,0.0348441926345609,246,1.06243242991615,1.01611498149785,0.016260162601626,4,0.0005665722379603,1.10408951367381,1.00966283331217,0.329759640817965,1.00807979757243,0.1373,0.4425,0.3378,0.0035410764872521,1742.22,7.7,16.5,4.4,6707.3626999,0.1288786973,5.9,0.133,28.06168084,3.0,0.3,0.0012747875,0.0067988669,,,,,-23.0,
2020-10-23,567,"-113.6012,42.2835",16031,"Idaho, Cassia",0.2914653784219,15.1692926583976,0.0520449212202481,1242,1.02695602507315,1.01611498149785,0.0064412238325281,8,0.0003352329869259,1.0,1.00966283331217,0.329759640817965,1.00807979757243,0.5745,0.8714,0.4658,0.0010476030841434,1567.21,13.5,13.6,10.0,8278.684498,0.1355494608,7.1,0.115,104.09952314,3.0,0.376,0.0045675494,0.0157559504,13.0,,,,-26.0,4.0
2020-10-23,568,"-112.3506,44.285",16033,"Idaho, Clark",0.05,2.34741784037559,0.0469483568075117,40,1.0,1.01611498149785,0.0,0,0.0,,1.00966283331217,0.329759640817965,1.00807979757243,0.9459,0.9748,0.5224,,1130.89,30.4,10.3,0.5,,0.1711610943,6.2,0.034,12.328138945,,0.284,0.0070422535,0.0328638498,,,,,,
2020-10-23,569,"-115.6622,46.6746",16035,"Idaho, Clearwater",0.338461538461538,5.02397807718657,0.0148435715916876,130,1.02151906315283,1.01611498149785,0.0,0,0.0,,1.00966283331217,0.329759640817965,1.00807979757243,0.5242,0.1309,0.6409,0.0094770495546928,1412.87,11.7,26.1,3.5,9394.26573,0.1348517567,8.8,0.121,31.695809077,3.0,0.323,0.0065083352,0.0243206211,,,,,-10.0,
2020-10-23,570,"-114.2855,44.2419",16037,"Idaho, Custer",0.172043010752688,3.73831775700935,0.0217289719626168,93,1.0046952487017,1.01611498149785,0.010752688172043,1,0.000233644859813,1.0,1.00966283331217,0.329759640817965,1.00807979757243,0.5685,0.455,0.226,,1384.39,9.2,30.0,0.9,5322.621001,0.1422916532,5.9,0.079,11.11988625,3.0,0.279,0.0042056075,0.0086448598,,,,,,
2020-10-23,571,"-115.4702,43.3507",16039,"Idaho, Elmore",0.189795918367347,3.41171723100627,0.0179757144429363,490,1.01648761582436,1.01611498149785,0.0081632653061224,4,0.0001467405260647,1.0,1.00966283331217,0.329759640817965,1.00807979757243,0.5866,0.8007,0.3738,0.0009171282879049,1602.35,13.8,12.9,8.8,6581.2825319,0.1560428068,7.3,0.109,67.631458719,3.7,0.352,0.0298250119,0.0168017902,0.0,,,20.0,-21.0,5.0
2020-10-23,572,"-111.815,42.1833",16041,"Idaho, Franklin",0.394409937888199,9.25251347807081,0.0234591286609355,322,1.06442047392989,1.01611498149785,0.0031055900621118,1,7.28544368352033e-05,1.0,1.00966283331217,0.329759640817965,1.00807979757243,0.3083,0.3136,0.0583,0.001457088736704,1511.68,10.9,13.6,18.5,9111.0071283,0.1321666176,5.9,0.077,48.238446832,3.0,0.335,0.0026227597,0.009835349,,,,,-21.0,
2020-10-23,573,"-111.481,44.228",16043,"Idaho, Fremont",0.277634961439589,8.20170109356015,0.029541312272175,389,1.02422031631008,1.01611498149785,0.0077120822622108,3,0.0002278250303766,1.0,1.00966283331217,0.329759640817965,1.00807979757243,0.6172,0.6845,0.3983,,1526.64,12.0,16.5,6.2,5324.4109558,0.1397382645,6.7,0.114,73.252834032,3.7,0.297,0.0031895504,0.0104040097,,,,,-15.0,
2020-10-23,574,"-116.3984,44.0648",16045,"Idaho, Gem",0.144607843137255,3.34580923216514,0.0231371214698877,408,1.01020831316065,1.01611498149785,0.0147058823529412,6,0.0003402517863218,1.05963402266705,1.00966283331217,0.329759640817965,1.00807979757243,0.6424,0.5294,0.2471,0.0009073380968583,1359.17,17.3,21.3,27.9,7216.4259802,0.1407110376,9.4,0.115,56.411968007,3.7,0.376,0.0023817625,0.0120222298,8.0,,,,-15.0,1.0
2020-10-23,575,"-114.8108,42.9693",16047,"Idaho, Gooding",0.277445109780439,9.14714398525928,0.0329692024216899,501,1.02797831514043,1.01611498149785,0.0099800399201596,5,0.0003290339563042,1.1398522810476,1.00966283331217,0.329759640817965,1.00807979757243,0.6669,0.8835,0.4588,0.0011845222426954,1397.89,16.1,16.7,21.1,9296.5555111,0.1463518419,7.5,0.107,25.253110304,3.0,0.337,0.0030929192,0.0209923664,,,,,-13.0,
2020-10-23,576,"-115.4634,45.8472",16049,"Idaho, Idaho",0.253869969040248,4.96578453339793,0.0195603463937504,323,1.02539326750509,1.01611498149785,0.0030959752321981,1,6.05583479682674e-05,,1.00966283331217,0.329759640817965,1.00807979757243,0.5146,0.4276,0.5966,0.0024828922666989,1269.49,10.9,26.1,1.9,8022.0068842,0.1408857112,8.9,0.102,32.016102447,3.0,0.319,0.0049052262,0.0314903409,,,,,-22.0,
2020-10-23,577,"-112.3132,43.8208",16051,"Idaho, Jefferson",0.217877094972067,6.62386629980638,0.0304018478888549,895,1.01652289216032,1.01611498149785,0.0033519553072625,3,0.0001019056353816,1.0,1.00966283331217,0.329759640817965,1.00807979757243,0.3752,0.6422,0.1729,,1838.35,8.9,10.8,22.8,5704.2217194,0.1306883939,7.8,0.109,50.296584656,3.7,0.319,0.0028193892,0.0133836068,,,,,-14.0,4.0
2020-10-23,578,"-114.2655,42.6889",16053,"Idaho, Jerome",0.16258570029383,6.91234645013533,0.0425150947324589,1021,1.01342549943365,1.01611498149785,0.0068560235063663,7,0.0002914844888611,1.0,1.00966283331217,0.329759640817965,1.00807979757243,0.7325,0.9261,0.2588,0.0010410160316468,1532.98,18.6,12.5,39.4,7214.4693614,0.1484588855,7.9,0.069,22.938965947,3.7,0.318,0.0036227358,0.022402665,15.0,,,92.0,-14.0,1.0
2020-10-23,579,"-116.7021,47.6728",16055,"Idaho, Kootenai",0.191460429698123,4.35899817343116,0.0227670969939011,3677,1.01927599339662,1.01611498149785,0.0130541202066902,48,0.0002972044209157,1.00926242190831,1.00966283331217,0.329759640817965,1.00807979757243,0.2688,0.2585,0.2572,0.002451936472555,2008.03,9.7,18.0,121.6,6042.9536669,0.1421916987,11.8,0.078,151.35943919,5.0,0.264,0.0037645893,0.0134732671,-16.0,-9.0,16.0,-19.0,-22.0,7.0
2020-10-23,580,"-116.7114,46.8159",16057,"Idaho, Latah",0.21461716937355,4.60955798076444,0.0214780485373997,862,1.01531498217251,1.01611498149785,0.0,0,0.0,,1.00966283331217,0.329759640817965,1.00807979757243,0.4414,0.2445,0.8179,0.0006229132406438,1637.97,6.5,12.6,34.5,5497.8719283,0.135649026,9.3,0.055,110.4530968,3.7,0.238,0.0107390243,0.0088204515,-18.0,-9.0,,,-32.0,11.0
2020-10-23,581,"-113.931,44.9438",16059,"Idaho, Lemhi",0.336734693877551,8.29041577691245,0.0246200226102248,196,1.03033831362892,1.01611498149785,0.0,0,0.0,,1.00966283331217,0.329759640817965,1.00807979757243,0.3411,0.2079,0.4779,0.0022610224846124,1293.64,11.7,28.7,1.9,8348.7420163,0.1523569569,9.0,0.105,35.609625756,2.3,0.24,0.0028890843,0.012561236,,,,,-13.0,
2020-10-23,582,"-116.4341,46.2332",16061,"Idaho, Lewis",0.287671232876712,5.43900543900544,0.0189070189070189,73,1.0259870064863,1.01611498149785,0.0410958904109589,3,0.0007770007770007,1.05963402266705,1.00966283331217,0.329759640817965,1.00807979757243,0.5452,0.4559,0.3709,,1377.24,15.1,24.3,8.6,7572.150678,0.149408015,8.5,0.125,37.830227029,3.0,0.28,0.0051800052,0.0642320642,,,,,,
2020-10-23,583,"-114.1359,43.0012",16063,"Idaho, Lincoln",0.333333333333333,9.32835820895522,0.0279850746268657,150,1.02756650441424,1.01611498149785,0.0,0,0.0,,1.00966283331217,0.329759640817965,1.00807979757243,0.6048,0.8927,0.2856,,1498.85,21.6,12.4,3.5,6292.7983037,0.1477717141,6.6,0.121,66.640220379,3.0,0.288,0.0029850746,0.0171641791,,,,,-34.0,
2020-10-23,584,"-111.6538,43.7814",16065,"Idaho, Madison",0.441413237924866,25.1119478933442,0.0568898839812742,2236,1.03495590535701,1.01611498149785,0.0008944543828264,2,5.08854060655404e-05,1.0,1.00966283331217,0.329759640817965,1.00807979757243,0.7115,0.3263,0.5349,0.0017555465092611,1319.17,5.9,6.4,94.8,3599.5811311,0.154911746,7.4,0.072,205.34377073,5.0,0.271,0.0060299206,0.0050630979,-11.0,39.0,,,-37.0,4.0
2020-10-23,585,"-113.6357,42.8552",16067,"Idaho, Minidoka",0.257861635220126,13.781512605042,0.0534453781512605,1113,1.02427147283272,1.01611498149785,0.0071877807726864,8,0.0003841536614645,1.0,1.00966283331217,0.329759640817965,1.00807979757243,0.6752,0.9188,0.1761,0.0012004801920768,1438.87,18.2,15.6,27.2,7450.0409118,0.1383832598,7.4,0.132,40.082042747,3.7,0.34,0.0033613445,0.0228091236,9.0,,,14.0,5.0,0.0
2020-10-23,586,"-116.7501,46.3264",16069,"Idaho, Nez Perce",0.284137931034483,5.0980003959612,0.0179419916848149,725,1.03037279373357,1.01611498149785,0.0331034482758621,24,0.0005939417937042,1.0,1.00966283331217,0.329759640817965,1.00807979757243,0.3268,0.347,0.709,0.0035883983369629,1666.76,10.1,19.4,52.0,7175.6466977,0.1499724576,9.0,0.102,39.717638619,4.0,0.309,0.0045040586,0.0600376163,-8.0,-7.0,-16.0,,-20.0,5.0
2020-10-23,587,"-112.5408,42.1949",16071,"Idaho, Oneida",0.236842105263158,2.00534759358289,0.0084670231729055,38,1.03936807080464,1.01611498149785,0.0,0,0.0,,1.00966283331217,0.329759640817965,1.00807979757243,0.4796,0.5072,0.0618,0.0024509803921568,1315.14,7.7,19.2,3.4,6877.9591753,0.1296024348,6.0,0.082,14.383207454,3.0,0.294,0.0040106952,0.0053475936,,,,,,
2020-10-23,588,"-116.1694,42.5802",16073,"Idaho, Owyhee",0.0710526315789474,2.3090738048405,0.0324980757718293,380,1.00655976713647,1.01611498149785,0.0131578947368421,5,0.0004276062601556,1.0,1.00966283331217,0.329759640817965,1.00807979757243,0.7847,0.8857,0.3731,,1323.17,21.6,17.5,1.5,10278.140119,0.1551551414,8.0,0.135,41.05498891,3.0,0.393,0.0047036689,0.0443855298,,,,,-21.0,
2020-10-23,589,"-116.7648,44.0055",16075,"Idaho, Payette",0.109289617486339,5.09532503927646,0.0466222241093796,1098,1.0080601031869,1.01611498149785,0.0091074681238615,10,0.0004246104199397,1.0,1.00966283331217,0.329759640817965,1.00807979757243,0.5611,0.7596,0.3196,,1611.5,12.5,17.3,52.1,8672.0211461,0.1465187943,9.2,0.108,121.41652033,3.0,0.346,0.0036516496,0.0176637935,10.0,,,,-26.0,4.0
2020-10-23,590,"-112.8396,42.6925",16077,"Idaho, Power",0.158640226628895,7.20906282183316,0.045442842430484,353,1.01779430366788,1.01611498149785,0.0056657223796034,2,0.0002574665293511,1.10408951367381,1.00966283331217,0.329759640817965,1.00807979757243,0.5127,0.8984,0.22,0.0012873326467559,1536.35,14.3,15.7,6.0,7675.1880708,0.1450659927,6.5,0.138,88.298903327,3.0,0.356,0.0036045314,0.03746138,,,,,-16.0,
2020-10-23,591,"-115.8917,47.3536",16079,"Idaho, Shoshone",0.0979591836734694,1.87558612066271,0.0191466083150985,245,1.01159863586941,1.01611498149785,0.0816326530612245,20,0.0015629884338855,1.00735452613864,1.00966283331217,0.329759640817965,1.00807979757243,0.7532,0.4371,0.7749,0.0019537355423569,1227.75,14.9,22.3,5.1,9640.4108343,0.148220532,9.7,0.096,128.36143368,2.3,0.354,0.0048452641,0.0181306658,,,,,-10.0,
2020-10-23,592,"-111.2057,43.753",16081,"Idaho, Teton",0.201465201465201,4.72508591065292,0.0234536082474227,273,1.01381499271058,1.01611498149785,0.0073260073260073,2,0.0001718213058419,1.10408951367381,1.00966283331217,0.329759640817965,1.00807979757243,0.1968,0.6504,0.1452,0.0011168384879725,1856.04,6.8,10.2,19.7,3897.5699334,0.1347640387,5.4,0.044,34.549122626,3.0,0.214,0.0020618557,0.0088487973,,,,,-12.0,
2020-10-23,593,"-114.6685,42.3544",16083,"Idaho, Twin Falls",0.244982128127578,10.3507161859179,0.0422509032190611,3637,1.02191159211457,1.01611498149785,0.0118229309870773,43,0.0004995295129006,1.00682720684153,1.00966283331217,0.329759640817965,1.00807979757243,0.4535,0.7456,0.3203,0.0026022002532498,1697.79,12.0,14.9,45.8,7321.2638065,0.1387111182,7.6,0.084,135.43172759,4.0,0.328,0.0060175881,0.0133362763,-3.0,-1.0,,,-24.0,5.0
2020-10-23,594,"-115.5677,44.7673",16085,"Idaho, Valley",0.0720720720720721,0.724572049633185,0.0100534371886604,111,1.00525682125956,1.01611498149785,0.009009009009009,1,9.05715062041482e-05,1.0,1.00966283331217,0.329759640817965,1.00807979757243,0.1226,0.0092,0.2448,0.0022642876551037,1767.15,11.4,23.4,3.0,4659.6248761,0.1184552497,6.6,0.064,40.502886131,3.0,0.278,0.0033511457,0.0120460103,,,,,-17.0,
2020-10-23,595,"-116.7848,44.4528",16087,"Idaho, Washington",0.0898617511520737,3.83820490109241,0.0427123314634386,434,1.00676255785054,1.01611498149785,0.0184331797235023,8,0.0007873240822753,1.01925902092718,1.00966283331217,0.329759640817965,1.00807979757243,0.6608,0.7829,0.4336,0.0024603877571105,1378.89,15.0,24.0,6.7,5897.9992559,0.1509507337,7.5,0.114,45.726510051,3.0,0.351,0.0027556343,0.0169274678,,,,,-15.0,
2020-10-23,596,"-91.1879,39.9882",17001,"Illinois, Adams",0.23757225433526,6.2565648262319,0.0263354188549421,1730,1.02176030043964,1.01185931150959,0.0086705202312138,15,0.0002283417819792,1.00990485606307,1.00402073294794,0.512074879052639,1.01002140137611,0.2411,0.1936,0.3782,0.0050996331308702,1844.74,4.7,19.5,80.0,7087.0936201,0.1545718712,10.7,0.11,98.741377982,5.0,0.366,0.0376307257,0.0028466609,-13.0,-6.0,,-24.0,-13.0,6.0
2020-10-23,597,"-89.3291,37.1805",17003,"Illinois, Alexander",0.132743362831858,2.47524752475248,0.0186468646864686,113,1.01054484749389,1.01185931150959,0.0088495575221238,1,0.0001650165016501,1.0,1.00402073294794,0.512074879052639,1.01002140137611,0.9188,0.4209,0.8488,,1023.84,7.7,20.3,24.6,9900.3563799,0.2155191863,11.3,0.079,66.108530698,3.0,0.262,0.3196369637,0.004620462,,,,,-15.0,
2020-10-23,598,"-89.4353,38.8883",17005,"Illinois, Bond",0.238095238095238,6.91521346963319,0.0290438965724594,483,1.0212119024701,1.01185931150959,0.0186335403726708,9,0.0005411906193625,1.0,1.00402073294794,0.512074879052639,1.01002140137611,0.3761,0.2607,0.9265,0.0090198436560433,1725.59,5.7,17.5,38.9,7288.1013403,0.1657100852,11.3,0.043,34.318511644,3.3,0.255,0.0599518942,0.0067949489,,,,16.0,-14.0,
2020-10-23,599,"-88.8235,42.3236",17007,"Illinois, Boone",0.262119503945885,8.67909737387312,0.0331112230994643,1774,1.02164986660722,1.01185931150959,0.0140924464487035,25,0.0004666181383802,1.00584875104734,1.00402073294794,0.512074879052639,1.01002140137611,0.4398,0.8176,0.2203,,2171.43,6.0,14.8,165.0,6016.1864055,0.1513581948,11.4,0.096,93.613679915,5.0,0.334,0.0240961607,0.0077645258,-10.0,-17.0,,6.0,-22.0,9.0
2020-10-23,600,"-90.7507,39.9621",17009,"Illinois, Brown",0.262135922330097,4.11836485661989,0.0157107992678462,103,1.02441044047055,1.01185931150959,0.0,0,0.0,,1.00402073294794,0.512074879052639,1.01002140137611,0.4933,0.5759,0.9185,,1736.82,6.3,14.2,21.3,5628.0617043,0.1696256909,10.3,0.046,60.173422298,3.0,0.234,0.1848688225,0.0128126907,,,,,,
2020-10-23,601,"-89.5283,41.4039",17011,"Illinois, Bureau",0.124004550625711,3.30373109447459,0.026642014972873,879,1.00979938663815,1.01185931150959,0.0193401592718999,17,0.0005152608128997,1.00869827228079,1.00402073294794,0.512074879052639,1.01002140137611,0.3032,0.5454,0.1273,0.0028490892007395,1836.28,4.6,21.0,35.6,7205.6709591,0.1471160473,11.5,0.111,69.918944719,4.0,0.274,0.0078804595,0.0047282757,11.0,,,,-16.0,7.0
2020-10-23,602,"-90.6633,39.1684",17013,"Illinois, Calhoun",0.0149253731343284,0.208246563931695,0.0139525197834236,67,1.00215057737634,1.01185931150959,0.0,0,0.0,,1.00402073294794,0.512074879052639,1.01002140137611,0.3541,0.0105,0.2378,,1656.15,1.4,22.9,13.5,2792.4671326,0.1482506582,10.8,0.082,4.2839031109,3.0,0.362,0.0039566847,0.0027072053,,,,,,
2020-10-23,603,"-89.934,42.0682",17015,"Illinois, Carroll",0.323759791122715,8.66405813303522,0.0267607602012297,383,1.0223929525201,1.01185931150959,0.0234986945169713,9,0.0006288429290106,1.03655432261531,1.00402073294794,0.512074879052639,1.01002140137611,0.3653,0.2436,0.1334,,1578.9,6.1,24.3,28.2,6472.7895525,0.1434995941,10.7,0.083,59.027074692,3.0,0.251,0.010410844,0.0044717719,,,,,-18.0,
2020-10-23,604,"-90.2473,39.9699",17017,"Illinois, Cass",0.0747252747252747,2.77324632952692,0.0371125611745514,455,1.0041496628021,1.01185931150959,0.0241758241758242,11,0.0008972267536704,1.0,1.00402073294794,0.512074879052639,1.01002140137611,0.5869,0.8392,0.5272,,1543.26,5.5,16.7,33.5,7231.5257754,0.159206666,10.8,0.068,31.347975173,3.0,0.347,0.0367862969,0.0069331158,,,,,-18.0,
2020-10-23,605,"-88.2005,40.1392",17019,"Illinois, Champaign",0.11301544204989,3.17168532690742,0.0280641766238219,5893,1.00837011658991,1.01185931150959,0.0047513999660614,28,0.0001333441278579,1.0,1.00402073294794,0.512074879052639,1.01002140137611,0.3522,0.7902,0.9936,0.0023954320111628,1922.32,4.0,11.9,226.1,5919.5112493,0.1576518125,11.8,0.093,213.93183672,5.0,0.308,0.131377302,0.0036336275,-8.0,-3.0,22.0,-25.0,-32.0,12.0
2020-10-23,606,"-89.2778,39.5458",17021,"Illinois, Christian",0.15,3.67410673280059,0.0244940448853373,800,1.01139497755518,1.01185931150959,0.03375,27,0.0008266740148801,1.02317045203282,1.00402073294794,0.512074879052639,1.01002140137611,0.3446,0.1016,0.4094,0.0020513762591469,1679.02,4.3,19.1,41.1,7327.3768236,0.1565915609,11.5,0.136,82.605487096,4.0,0.292,0.0161660696,0.0026637274,-1.0,-18.0,,,-25.0,7.0
2020-10-23,607,"-87.7871,39.3343",17023,"Illinois, Clark",0.291095890410959,5.45011541420877,0.018722749422929,292,1.02780186468721,1.01185931150959,0.0342465753424658,10,0.0006411900487304,1.07570373984278,1.00402073294794,0.512074879052639,1.01002140137611,0.3573,0.0627,0.0891,,1679.68,4.7,19.1,27.0,7532.3294977,0.1605771988,11.4,0.067,44.212383336,4.0,0.368,0.0043600923,0.0026288792,,,,34.0,-23.0,
2020-10-23,608,"-88.4891,38.7539",17025,"Illinois, Clay",0.208053691275168,4.67818607107825,0.0224854749867954,298,1.01856289954807,1.01185931150959,0.0436241610738255,13,0.0009809099826454,1.05393640495762,1.00402073294794,0.512074879052639,1.01002140137611,0.501,0.3286,0.511,0.0013581830528936,1517.4,6.4,19.7,27.4,7557.2849224,0.1583194353,11.6,0.089,55.839055085,4.0,0.235,0.0047536407,0.0024900023,,,,,-8.0,
2020-10-23,609,"-89.4239,38.607",17027,"Illinois, Clinton",0.196799051570836,8.82063816785781,0.0448205318951088,1687,1.01887735415131,1.01185931150959,0.014819205690575,25,0.0006642046813145,1.01198288474998,1.00402073294794,0.512074879052639,1.01002140137611,0.157,0.2426,0.5358,0.0018597731076808,2073.84,3.8,16.2,61.0,6112.7061718,0.1502120629,11.6,0.132,49.443899314,5.0,0.389,0.0355482345,0.003692978,9.0,,,,-26.0,6.0
2020-10-23,610,"-88.2236,39.5195",17029,"Illinois, Coles",0.12199124726477,4.38243097179915,0.0359241426746585,1828,1.01093505205706,1.01185931150959,0.0207877461706783,38,0.00074678195932,1.0,1.00402073294794,0.512074879052639,1.01002140137611,0.5519,0.3187,0.7631,0.0023189545052569,1583.83,6.1,16.1,107.5,6782.1213222,0.1878808605,11.6,0.096,173.64859811,5.0,0.366,0.0385378795,0.0025351282,-6.0,-22.0,,-46.0,-27.0,9.0
2020-10-23,611,"-87.8166,41.8414",17031,"Illinois, Cook",0.109204358999994,3.58440789322561,0.0328229378941348,170039,1.00960346568701,1.01185931150959,0.0316986103188092,5390,0.0010404415178246,1.00154676395075,1.00402073294794,0.512074879052639,1.01002140137611,0.5057,0.9618,0.8758,0.0033201473296074,2365.48,8.8,13.9,5631.0,7012.1419751,0.1377618316,15.0,0.095,947.14271413,5.0,0.28,0.2304108895,0.0073840463,-26.0,-11.0,-26.0,-46.0,-38.0,14.0
2020-10-23,612,"-87.7595,39.0032",17033,"Illinois, Crawford",0.178403755868545,6.06157281863136,0.0339767107991705,639,1.00807964506771,1.01185931150959,0.0093896713615023,6,0.000319030148349,1.0,1.00402073294794,0.512074879052639,1.01002140137611,0.4462,0.4839,0.3865,0.0033498165576647,1648.08,6.1,18.4,41.7,6747.5951688,0.1597957443,11.7,0.115,42.976384517,3.7,0.275,0.0506726219,0.0037220184,-4.0,,,,-15.0,
2020-10-23,613,"-88.2401,39.2743",17035,"Illinois, Cumberland",0.137404580152672,3.33086602516654,0.0242413027387121,262,1.01021990995455,1.01185931150959,0.0229007633587786,6,0.0005551443375277,1.02638809625704,1.00402073294794,0.512074879052639,1.01002140137611,0.3643,0.0306,0.1095,,1676.83,5.3,18.8,24.6,6408.9356941,0.1586359285,11.6,0.213,45.213790241,3.0,0.325,0.0046262028,0.0018504811,,,,8.0,-26.0,
2020-10-23,614,"-88.7696,41.8937",17037,"Illinois, DeKalb",0.18933574333484,4.02331409696283,0.0212496279154624,2213,1.01572725630709,1.01185931150959,0.0189787618617262,42,0.0004032916278578,1.0,1.00402073294794,0.512074879052639,1.01002140137611,0.4876,0.6864,0.6848,0.0018340166885916,1991.85,5.3,11.9,151.0,5669.1522196,0.1589541067,12.1,0.056,114.82800331,5.0,0.317,0.0773743795,0.004599445,-17.0,-2.0,,,-28.0,10.0
2020-10-23,615,"-88.9096,40.1751",17039,"Illinois, De Witt",0.362903225806452,5.70740059610629,0.0157270594203818,248,1.01792402941492,1.01185931150959,0.0161290322580645,4,0.0002536622487158,1.04195362743721,1.00402073294794,0.512074879052639,1.01002140137611,0.2917,0.2327,0.1318,0.0015853890544739,1776.08,4.2,18.3,36.8,8207.0808754,0.1547872977,11.5,0.102,123.75711065,4.0,0.275,0.0078635297,0.002600038,,,,,-22.0,
2020-10-23,616,"-88.2185,39.7677",17041,"Illinois, Douglas",0.399006622516556,12.3722983726064,0.0310077519379845,604,1.04394022183868,1.01185931150959,0.0132450331125828,8,0.0004106987011653,1.0,1.00402073294794,0.512074879052639,1.01002140137611,0.4169,0.4919,0.5447,,1697.36,14.7,17.3,44.6,6829.6754456,0.1571502859,11.5,0.087,46.191698207,4.0,0.309,0.0047743724,0.0035422763,,,,,-31.0,
2020-10-23,617,"-88.0864,41.8512",17043,"Illinois, DuPage",0.137215282880235,3.21778526344809,0.0234506331649416,21776,1.01246671751895,1.01185931150959,0.0277828802351212,605,0.0006515261326593,1.00310793724583,1.00402073294794,0.512074879052639,1.01002140137611,0.0678,0.8526,0.3079,0.0018867335279655,3184.82,5.3,14.5,3090.8,4285.5627729,0.1225749625,13.2,0.087,509.66947724,5.0,0.269,0.049307067,0.003961925,-26.0,0.0,-17.0,-61.0,-38.0,15.0
2020-10-23,618,"-87.7476,39.6809",17045,"Illinois, Edgar",0.166666666666667,1.44009216589862,0.0086405529953917,150,1.01516534655549,1.01185931150959,0.0533333333333333,8,0.0004608294930875,1.0,1.00402073294794,0.512074879052639,1.01002140137611,0.4217,0.1652,0.2649,0.0014400921658986,1484.28,4.9,21.0,28.4,8341.9541081,0.153602903,11.3,0.09,114.66873106,4.0,0.309,0.0063364055,0.0024769585,,,,,-27.0,
2020-10-23,619,"-88.0572,38.4135",17047,"Illinois, Edwards",0.227722772277228,3.5982478097622,0.0158010012515645,101,1.02154486690816,1.01185931150959,0.0,0,0.0,,1.00402073294794,0.512074879052639,1.01002140137611,0.3468,0.1366,0.1878,,1347.64,6.2,20.5,28.1,6571.3980272,0.1498696235,11.7,0.053,57.902673449,3.0,0.302,0.0053191489,0.0051627034,,,,,-42.0,
2020-10-23,620,"-88.5897,39.0594",17049,"Illinois, Effingham",0.152542372881356,4.9988306828812,0.0327701122544434,1121,1.0124491357463,1.01185931150959,0.0035682426404995,4,0.0001169317118802,1.04195362743721,1.00402073294794,0.512074879052639,1.01002140137611,0.1768,0.2757,0.3932,0.0042680074836295,2001.12,4.7,16.8,82.4,6421.3367039,0.1511828271,11.8,0.122,139.86479069,5.0,0.272,0.005261927,0.0026894294,-5.0,18.0,,-46.0,-20.0,6.0
2020-10-23,621,"-89.0245,39.0007",17051,"Illinois, Fayette",0.259090909090909,7.98468434815091,0.0308180799402316,660,1.01639199139803,1.01185931150959,0.0333333333333333,22,0.001027269331341,1.0465440871019,1.00402073294794,0.512074879052639,1.01002140137611,0.7962,0.2677,0.4623,0.0051363466567052,1451.58,8.2,18.3,26.0,7409.7963725,0.1743324282,11.5,0.108,56.607609303,4.0,0.242,0.0437523347,0.0028950318,-3.0,,,,-17.0,
2020-10-23,622,"-88.2235,40.5971",17053,"Illinois, Ford",0.39572192513369,5.57901085645356,0.0140983112183353,187,1.02071335910103,1.01185931150959,0.0588235294117647,11,0.0008293124246079,1.06669950157661,1.00402073294794,0.512074879052639,1.01002140137611,0.435,0.1897,0.1585,0.0050512665862484,1665.09,5.0,18.6,26.7,7920.2442309,0.1644193842,11.5,0.049,38.800454192,3.3,0.252,0.0094240048,0.0037696019,,,,,-21.0,
2020-10-23,623,"-88.9257,37.9919",17055,"Illinois, Franklin",0.32092004381161,7.57086380196894,0.0235911216764425,913,1.02293400780496,1.01185931150959,0.008762322015334,8,0.0002067130048319,1.04195362743721,1.00402073294794,0.512074879052639,1.01002140137611,0.7643,0.0408,0.4053,0.0006459781400997,1270.86,6.3,19.8,79.2,9524.3328824,0.1777305101,11.7,0.072,130.32566659,5.0,0.266,0.0055812511,0.0041342601,-2.0,12.0,,11.0,-21.0,7.0
2020-10-23,624,"-90.2086,40.4729",17057,"Illinois, Fulton",0.469565217391304,6.19905866146252,0.0132016990012628,460,1.0423857943158,1.01185931150959,0.0021739130434782,1,2.86993456549191e-05,,1.00402073294794,0.512074879052639,1.01002140137611,0.6232,0.4085,0.5126,0.0026690391459074,1460.2,6.2,19.6,33.1,8015.369587,0.1678484671,11.2,0.081,90.542523378,4.0,0.288,0.0378257376,0.0066869475,3.0,-10.0,,,-21.0,7.0
2020-10-23,625,"-88.2295,37.7643",17059,"Illinois, Gallatin",0.207547169811321,4.34954527481218,0.0209568999604587,106,1.00835887163168,1.01185931150959,0.0188679245283019,2,0.0003954132068011,1.0,1.00402073294794,0.512074879052639,1.01002140137611,0.5557,0.1229,0.1608,,1277.05,3.0,23.5,15.3,10592.794228,0.1702715663,11.4,0.141,22.510850275,3.0,0.23,0.0065243179,0.0045472519,,,,,,
2020-10-23,626,"-90.3889,39.3591",17061,"Illinois, Greene",0.139285714285714,2.98988040478381,0.0214658080343453,280,1.01459115727608,1.01185931150959,0.0535714285714286,15,0.0011499540018399,1.0,1.00402073294794,0.512074879052639,1.01002140137611,0.4742,0.0146,0.1223,0.0219257896350813,1393.65,5.9,18.8,19.8,9478.3375679,0.1687536568,10.8,0.114,8.9468357937,3.0,0.282,0.013032812,0.0028365532,,,,,-6.0,
2020-10-23,627,"-88.4191,41.2857",17063,"Illinois, Grundy",0.173347778981582,3.13897826257553,0.0181079808522326,923,1.0170472298182,1.01185931150959,0.0075839653304442,7,0.0001373302989876,1.0,1.00402073294794,0.512074879052639,1.01002140137611,0.1392,0.5037,0.0602,0.0017460566585576,2357.67,3.7,13.3,107.5,6220.7923645,0.1451444213,12.0,0.049,154.48369246,5.0,0.349,0.015812603,0.0034921133,4.0,-10.0,,3.0,-25.0,8.0
2020-10-23,628,"-88.5388,38.0816",17065,"Illinois, Hamilton",0.263157894736842,3.67511944138184,0.013965453877251,114,1.01744730405276,1.01185931150959,0.0175438596491228,2,0.0002450079627587,1.0,1.00402073294794,0.512074879052639,1.01002140137611,0.2494,0.07,0.1114,0.0030625995344848,1390.84,5.4,21.0,15.5,6870.0768063,0.1602956893,11.3,0.193,38.047121711,3.3,0.254,0.006860223,0.0044101433,,,,,-19.0,
2020-10-23,629,"-91.1631,40.4042",17067,"Illinois, Hancock",0.160958904109589,2.63393857879399,0.0163640439363371,292,1.01450486050083,1.01185931150959,0.0136986301369863,4,0.0002241649854292,1.04195362743721,1.00402073294794,0.512074879052639,1.01002140137611,0.3462,0.07,0.0949,0.0010087424344317,1697.43,3.0,22.4,18.1,7116.411931,0.1465254166,10.8,0.074,47.170940787,3.0,0.311,0.0057722484,0.003866846,,,,,-16.0,
2020-10-23,630,"-88.2687,37.5181",17069,"Illinois, Hardin",0.169811320754717,2.30179028132992,0.0135549872122762,53,1.01425651163823,1.01185931150959,0.0,0,0.0,,1.00402073294794,0.512074879052639,1.01002140137611,0.792,0.0449,0.4553,0.0063938618925831,1200.77,8.1,21.3,21.1,12782.388916,0.1795819251,11.1,0.049,7.6809454634,3.0,0.245,0.0051150895,0.0074168798,,,,,,
2020-10-23,631,"-90.9249,40.8191",17071,"Illinois, Henderson",0.322314049586777,5.81308689819645,0.01803547473543,121,1.03831449627511,1.01185931150959,0.0,0,0.0,,1.00402073294794,0.512074879052639,1.01002140137611,0.2911,0.0382,0.0188,,1476.82,5.8,24.7,12.7,7736.2685501,0.1431435269,10.7,0.135,17.600451003,3.0,0.265,0.0034282307,0.0029810702,,,,,-14.0,
2020-10-23,632,"-90.133,41.3534",17073,"Illinois, Henry",0.118292682926829,1.9759625178244,0.0167040130372785,820,1.0080956383007,1.01185931150959,0.0085365853658536,7,0.000142595233245,1.04924143725562,1.00402073294794,0.512074879052639,1.01002140137611,0.315,0.4132,0.1289,0.0017518842941536,1838.57,4.5,19.9,50.2,6187.2575413,0.146948895,11.3,0.137,67.683432345,4.0,0.366,0.0182318191,0.0031982074,-7.0,-8.0,,-35.0,-21.0,7.0
2020-10-23,633,"-87.8247,40.7472",17075,"Illinois, Iroquois",0.170940170940171,2.89813070569483,0.0169540646283147,468,1.0101693676223,1.01185931150959,0.0405982905982906,19,0.0006883060426025,1.0,1.00402073294794,0.512074879052639,1.01002140137611,0.4516,0.4963,0.1566,0.0030430372409795,1634.54,5.8,20.9,22.6,9909.0662356,0.1564665916,11.7,0.085,64.548336437,3.7,0.29,0.0106506303,0.0036951166,,,,10.0,-21.0,5.0
2020-10-23,634,"-89.3823,37.786",17077,"Illinois, Jackson",0.109993293091885,2.85619742593915,0.025967014402898,1491,1.00986339345015,1.01185931150959,0.0174379610999329,26,0.0004528117870391,1.00561868495366,1.00402073294794,0.512074879052639,1.01002140137611,0.7159,0.6008,0.9366,0.0032045141852,1272.95,6.4,14.3,103.7,8309.3282412,0.1882257236,11.5,0.048,152.48715191,5.0,0.237,0.1482784444,0.0053989098,-21.0,-10.0,7.0,,-28.0,7.0
2020-10-23,635,"-88.1544,39.0105",17079,"Illinois, Jasper",0.131782945736434,3.53761315159713,0.0268442409738841,258,1.01404608493983,1.01185931150959,0.0387596899224806,10,0.0010404744563521,1.0,1.00402073294794,0.512074879052639,1.01002140137611,0.3857,0.1983,0.163,,1645.27,6.6,18.7,16.5,5670.3988414,0.1492507132,11.6,0.1,30.116017627,3.0,0.249,0.0029133285,0.0020809489,,,,,-17.0,
2020-10-23,636,"-88.924,38.2998",17081,"Illinois, Jefferson",0.158783783783784,3.72818614489688,0.0234796404019038,888,1.00900290463167,1.01185931150959,0.0506756756756757,45,0.0011898466419883,1.0133874519632,1.00402073294794,0.512074879052639,1.01002140137611,0.7096,0.3254,0.928,0.0046271813855103,1680.95,5.9,18.3,71.6,9464.9891802,0.171556194,11.6,0.099,94.09151159,5.0,0.333,0.0856425172,0.0034637758,-6.0,-18.0,,22.0,-23.0,6.0
2020-10-23,637,"-90.3539,39.0887",17083,"Illinois, Jersey",0.100642398286938,2.15132512473108,0.021375932622328,467,1.00920068954321,1.01185931150959,0.0449678800856531,21,0.0009612303748798,1.0,1.00402073294794,0.512074879052639,1.01002140137611,0.1818,0.2264,0.2639,0.0022428708747196,1819.89,4.2,18.6,46.8,8043.8275331,0.1459159421,11.0,0.144,42.443405203,4.3,0.338,0.0072321142,0.00366183,-4.0,,,,-5.0,
2020-10-23,638,"-90.2109,42.3654",17085,"Illinois, Jo Daviess",0.323210412147505,6.97369652719274,0.0215763362351399,461,1.02760246097206,1.01185931150959,0.0151843817787419,7,0.0003276233267808,1.12867293805389,1.00402073294794,0.512074879052639,1.01002140137611,0.1331,0.2633,0.0427,0.0011700833099316,1854.47,5.1,26.4,33.6,7051.1527239,0.1321204477,10.3,0.103,66.361878278,3.0,0.287,0.0064588599,0.0032762333,,,,,-19.0,6.0
2020-10-23,639,"-88.8817,37.4594",17087,"Illinois, Johnson",0.27710843373494,7.38599871547848,0.0266538214515093,332,1.02001309830202,1.01185931150959,0.0,0,0.0,,1.00402073294794,0.512074879052639,1.01002140137611,0.6299,0.2248,0.5762,,1462.3,4.0,20.4,28.3,7033.3097141,0.1653065971,11.2,0.082,27.486233707,3.3,0.246,0.0688021837,0.003773282,,,,,-14.0,
2020-10-23,640,"-88.4286,41.9384",17089,"Illinois, Kane",0.136675395934655,4.10320918879255,0.0300215643110652,16038,1.01250285343775,1.01185931150959,0.0215114104002993,345,0.0006458061907543,1.00293265205631,1.00402073294794,0.512074879052639,1.01002140137611,0.3398,0.9309,0.2958,0.0020609641044072,2711.64,8.3,12.6,973.9,4935.4307905,0.1314262051,12.8,0.095,200.32417795,5.0,0.288,0.0530946284,0.0103366429,-24.0,-6.0,15.0,-38.0,-31.0,12.0
2020-10-23,641,"-87.8621,41.1375",17091,"Illinois, Kankakee",0.114963503649635,3.43561404784411,0.0298843888606122,3288,1.01074446466996,1.01185931150959,0.0237226277372263,78,0.0007089362320948,1.0,1.00402073294794,0.512074879052639,1.01002140137611,0.5175,0.7039,0.7596,0.0042536173925688,1903.84,5.2,15.9,157.6,8898.7883088,0.1602343514,12.3,0.108,230.99635477,5.0,0.412,0.1461590199,0.0043354177,-12.0,-3.0,,0.0,-20.0,7.0
2020-10-23,642,"-88.4287,41.5908",17093,"Illinois, Kendall",0.148336594911937,2.96290505413751,0.0199742016182621,2555,1.01208132786558,1.01185931150959,0.010958904109589,28,0.0002188953602001,1.00520889711624,1.00402073294794,0.512074879052639,1.01002140137611,0.1118,0.8239,0.0478,,2910.33,5.0,9.6,300.2,4474.6015169,0.1387534135,12.4,0.076,152.60797045,5.0,0.314,0.072055662,0.0054020248,-9.0,-8.0,2.0,,-30.0,13.0
2020-10-23,643,"-90.2133,40.9315",17095,"Illinois, Knox",0.322689075630252,7.66283524904215,0.0237468071519796,1190,1.02782541762022,1.01185931150959,0.0134453781512605,16,0.0003192848020434,1.08566736172956,1.00402073294794,0.512074879052639,1.01002140137611,0.5987,0.4358,0.8294,0.0041706577266922,1517.7,5.0,20.4,69.1,7711.5445309,0.177575838,11.1,0.175,93.215250688,4.0,0.292,0.0785640166,0.0042105683,-13.0,2.0,,-5.0,-24.0,8.0
2020-10-23,644,"-88.0037,42.3225",17097,"Illinois, Lake",0.105278914280012,3.01070727364047,0.0285974384731291,20042,1.00872928248965,1.01185931150959,0.0252968765592256,507,0.0007234258709647,1.00227471293416,1.00402073294794,0.512074879052639,1.01002140137611,0.1815,0.8949,0.5365,0.0014183142322268,3355.43,6.8,13.2,1542.2,4856.1713627,0.1375903326,12.6,0.087,203.23131163,5.0,0.254,0.0683730195,0.0086468654,-19.0,-3.0,-8.0,-24.0,-34.0,13.0
2020-10-23,645,"-88.8863,41.3443",17099,"Illinois, LaSalle",0.16264796142043,3.39029516585945,0.020844375399799,2281,1.01403305814928,1.01185931150959,0.0267426567295046,61,0.0005574339760577,1.00723042184058,1.00402073294794,0.512074879052639,1.01002140137611,0.4675,0.5479,0.3741,0.0024581924517956,1967.68,4.3,18.1,93.1,8209.3082735,0.1606501748,12.0,0.133,122.30685701,4.3,0.281,0.0261262908,0.0039203144,-8.0,5.0,,14.0,-8.0,7.0
2020-10-23,646,"-87.7288,38.7199",17101,"Illinois, Lawrence",0.136222910216718,2.79099270535998,0.020488423723438,323,1.01254848962822,1.01185931150959,0.0247678018575851,8,0.0005074532191563,1.01925902092718,1.00402073294794,0.512074879052639,1.01002140137611,0.7347,0.4823,0.8777,0.0015857913098636,1456.95,7.6,17.1,37.0,8310.3060754,0.1781350613,11.8,0.172,38.082894044,3.3,0.226,0.0971772915,0.0042499207,,,,,-20.0,
2020-10-23,647,"-89.2998,41.7458",17103,"Illinois, Lee",0.282674772036474,5.43494141366917,0.0192268357537329,658,1.02620995024993,1.01185931150959,0.0015197568389057,1,2.92201151272536e-05,1.0,1.00402073294794,0.512074879052639,1.01002140137611,0.2854,0.4524,0.5266,0.0023376092101802,1954.52,3.6,18.5,44.6,6753.8702061,0.1601859513,11.4,0.084,133.68257536,4.0,0.371,0.0536189113,0.0036525144,-14.0,-7.0,,,-17.0,7.0
2020-10-23,648,"-88.5578,40.8919",17105,"Illinois, Livingston",0.234505862646566,3.91487933782612,0.0166941640334443,597,1.02594676523132,1.01185931150959,0.016750418760469,10,0.0002796342384161,1.01516534655549,1.00402073294794,0.512074879052639,1.01002140137611,0.407,0.2795,0.6724,0.0011744638013478,1808.98,4.6,18.3,33.9,8321.5801732,0.1597755374,11.6,0.103,69.779400884,4.0,0.343,0.0402393669,0.002768379,1.0,3.0,,,-20.0,6.0
2020-10-23,649,"-89.3664,40.1258",17107,"Illinois, Logan",0.128975265017668,2.523768366465,0.0195678478824546,566,1.01080016459988,1.01185931150959,0.0070671378091872,4,0.0001382886776145,1.0,1.00402073294794,0.512074879052639,1.01002140137611,0.3427,0.2763,0.4228,0.0008643042350907,1899.7,4.5,17.7,41.3,7928.1534642,0.1493606939,11.5,0.182,75.209389911,4.0,0.361,0.0800691443,0.0036992221,3.0,-8.0,,,-22.0,7.0
2020-10-23,650,"-90.6778,40.4567",17109,"Illinois, McDonough",0.261299435028249,6.17593056251043,0.0236354531797697,708,1.02441519230716,1.01185931150959,0.0240112994350282,17,0.000567517943582,1.01804126125684,1.00402073294794,0.512074879052639,1.01002140137611,0.6532,0.3664,0.8953,0.0031714238023702,1611.01,4.3,16.6,56.3,6624.9151495,0.1674929171,10.8,0.094,104.84666431,4.0,0.348,0.0533800701,0.0038724754,-13.0,-17.0,,,-20.0,8.0
2020-10-23,651,"-88.4525,42.3245",17111,"Illinois, McHenry",0.168096920747097,3.23751498849532,0.0192598113880157,5943,1.0162190118119,1.01185931150959,0.0201918223119637,120,0.0003888906893087,1.00119617909085,1.00402073294794,0.512074879052639,1.01002140137611,0.071,0.7202,0.0408,0.0011115792202741,2860.82,5.2,13.5,430.5,5319.7585802,0.1361180006,12.1,0.101,150.99605192,5.0,0.33,0.0152283112,0.0050490974,-13.0,3.0,18.0,-55.0,-32.0,12.0
2020-10-23,652,"-88.8462,40.49",17113,"Illinois, McLean",0.125344008006005,2.89883583678571,0.0231270396000648,3997,1.00804427633812,1.01185931150959,0.0077558168626469,31,0.0001793690837132,1.0046952487017,1.00402073294794,0.512074879052639,1.01002140137611,0.142,0.582,0.6393,0.0020193487166431,2257.2,4.0,12.3,149.5,5514.6079745,0.1497377371,11.7,0.11,202.15152312,5.0,0.335,0.0791538408,0.0029451246,-15.0,-13.0,-8.0,-17.0,-32.0,12.0
2020-10-23,653,"-88.9634,39.8606",17115,"Illinois, Macon",0.332498210450966,8.87195354878142,0.0266827106730843,2794,1.0299208549383,1.01185931150959,0.0175375805297065,49,0.00046795018718,1.00294995503671,1.00402073294794,0.512074879052639,1.01002140137611,0.5344,0.4164,0.6425,0.0041256016502406,1781.84,4.5,18.9,191.5,8084.8688678,0.1643921804,11.8,0.144,188.69786797,5.0,0.315,0.1727786691,0.0026549011,-16.0,-10.0,,11.0,-31.0,9.0
2020-10-23,654,"-89.9242,39.2612",17117,"Illinois, Macoupin",0.184210526315789,3.08962108004325,0.0167722287202348,760,1.01495350066163,1.01185931150959,0.0131578947368421,10,0.000220687220003,1.03239118471,1.00402073294794,0.512074879052639,1.01002140137611,0.4446,0.0729,0.149,0.0011034361000154,1616.24,4.5,19.2,43.6,8521.5324205,0.1581453097,11.5,0.152,38.620131133,4.0,0.28,0.0096440315,0.0037075453,-5.0,18.0,,,-16.0,6.0
2020-10-23,655,"-89.9042,38.8304",17119,"Illinois, Madison",0.110536150639644,2.90780115026412,0.0263063362839889,6957,1.00831953647243,1.01185931150959,0.0219922380336352,153,0.0005785352093503,1.00283295200246,1.00402073294794,0.512074879052639,1.01002140137611,0.3646,0.3712,0.3725,0.0036602750500073,1874.5,5.0,16.5,341.2,8583.3797377,0.1647696423,12.6,0.108,155.84471318,5.0,0.369,0.0866706244,0.0033464292,-14.0,-12.0,36.0,-5.0,-27.0,8.0
2020-10-23,656,"-88.919,38.6496",17121,"Illinois, Marion",0.21875,5.20999468367889,0.0238171185539607,896,1.01505748792901,1.01185931150959,0.0189732142857143,17,0.0004518872939925,1.06416270333165,1.00402073294794,0.512074879052639,1.01002140137611,0.7124,0.2821,0.6517,0.0035885167464114,1507.51,6.5,19.1,64.9,11020.310499,0.1738311296,11.6,0.173,126.89271803,5.0,0.296,0.0417597023,0.0035619351,-1.0,-9.0,,,-17.0,5.0
2020-10-23,657,"-89.3451,41.0328",17123,"Illinois, Marshall",0.154929577464789,1.90740419628923,0.0123114270851396,142,1.0138108801378,1.01185931150959,0.0211267605633803,3,0.0002601005722212,1.0,1.00402073294794,0.512074879052639,1.01002140137611,0.2803,0.1111,0.0274,,1801.77,3.6,22.7,26.4,8022.25368,0.1447747257,11.5,0.135,37.961809151,3.0,0.265,0.007282816,0.0039882088,,,,,-21.0,
2020-10-23,658,"-89.9182,40.2392",17125,"Illinois, Mason",0.363945578231293,7.88794692222632,0.0216734242535938,294,1.04433801056737,1.01185931150959,0.0034013605442176,1,7.37191301142646e-05,1.0,1.00402073294794,0.512074879052639,1.01002140137611,0.5822,0.0131,0.1047,0.0014743826022852,1517.84,4.2,21.7,21.3,7534.7004087,0.1624035993,11.2,0.128,37.850542032,3.0,0.298,0.0068558791,0.003980833,,,,,-12.0,
2020-10-23,659,"-88.7104,37.2208",17127,"Illinois, Massac",0.102739726027397,1.06534090909091,0.0103693181818182,146,1.01125310852024,1.01185931150959,0.0136986301369863,2,0.0001420454545454,1.0,1.00402073294794,0.512074879052639,1.01002140137611,0.6627,0.2509,0.8064,0.0017755681818181,1473.39,5.4,21.1,54.9,11413.566975,0.1624992842,11.2,0.26,37.172001142,4.3,0.334,0.05703125,0.0051846591,,-12.0,,,-27.0,
2020-10-23,660,"-89.8025,40.0274",17129,"Illinois, Menard",0.198830409356725,2.76692708333333,0.013916015625,171,1.01696850489722,1.01185931150959,0.0058479532163742,1,8.13802083333333e-05,1.0,1.00402073294794,0.512074879052639,1.01002140137611,0.1271,0.0201,0.0519,,2114.6,2.6,18.8,28.1,7038.7460252,0.1461642518,11.1,0.098,16.214571699,3.7,0.301,0.0086263021,0.0033365885,,,,,-28.0,
2020-10-23,661,"-90.7429,41.206",17131,"Illinois, Mercer",0.30379746835443,4.61508877636049,0.0151913338888533,237,1.02825768042052,1.01185931150959,0.0253164556962025,6,0.0003845907313633,1.0,1.00402073294794,0.512074879052639,1.01002140137611,0.2978,0.0544,0.1175,0.001410166014999,1760.58,2.9,20.8,20.8,7129.2038665,0.1515456537,10.8,0.122,30.751700552,3.0,0.326,0.0074995193,0.0024998398,,,,,-21.0,
2020-10-23,662,"-90.1776,38.2759",17133,"Illinois, Monroe",0.14027149321267,3.6114751711082,0.0257463229940294,884,1.01097016128318,1.01185931150959,0.0316742081447964,28,0.000815494393476,1.00520889711624,1.00402073294794,0.512074879052639,1.01002140137611,0.007,0.1764,0.0121,,2645.99,2.5,16.7,66.7,4016.0307753,0.1296732071,11.3,0.089,118.88966484,5.0,0.363,0.0036697248,0.0023591088,-15.0,-1.0,,,-33.0,9.0
2020-10-23,663,"-89.4781,39.232",17135,"Illinois, Montgomery",0.253833049403748,5.20960805566239,0.0205237579105626,587,1.02143917930922,1.01185931150959,0.0255536626916525,15,0.0005244571868116,1.00990485606307,1.00402073294794,0.512074879052639,1.01002140137611,0.5548,0.2343,0.5689,0.0017481906227055,1552.08,3.6,19.6,37.7,8391.5997787,0.1611002039,11.4,0.124,61.976503807,4.0,0.31,0.0350337401,0.0022027202,-2.0,-15.0,,,-22.0,7.0
2020-10-23,664,"-90.2026,39.7165",17137,"Illinois, Morgan",0.180346820809249,4.59147633623734,0.0254591476336237,865,1.01694751223545,1.01185931150959,0.0277456647398844,24,0.0007063809748057,1.0,1.00402073294794,0.512074879052639,1.01002140137611,0.4373,0.3263,0.7358,0.0031787143866258,1719.27,3.6,19.3,60.1,7844.6188618,0.1613652531,10.9,0.146,81.551340016,4.3,0.321,0.0687249823,0.0042677184,0.0,-3.0,,20.0,-14.0,6.0
2020-10-23,665,"-88.621,39.6419",17139,"Illinois, Moultrie",0.348717948717949,9.24101379357206,0.0264999660256846,390,1.02912399291107,1.01185931150959,0.0128205128205128,5,0.0003397431541754,1.0,1.00402073294794,0.512074879052639,1.01002140137611,0.286,0.1299,0.7354,,1686.17,16.0,18.4,39.2,5782.6410478,0.1569626036,11.5,0.049,86.742087119,3.3,0.248,0.0054358905,0.002582048,,,,,-14.0,
2020-10-23,666,"-89.3218,42.0417",17141,"Illinois, Ogle",0.249780123131047,5.57704769946782,0.0223278282897708,1137,1.02385979661708,1.01185931150959,0.0061565523306948,7,0.0001374624432967,1.02226578920968,1.00402073294794,0.512074879052639,1.01002140137611,0.3016,0.6441,0.1936,0.0003141998703925,2012.5,4.7,17.8,60.0,6952.7208178,0.1502807548,11.5,0.073,83.207204117,4.0,0.371,0.010898808,0.003711486,-5.0,-10.0,,,-22.0,7.0
2020-10-23,667,"-89.7608,40.787",17143,"Illinois, Peoria",0.136964448495898,3.32740932671173,0.0242939636033462,4388,1.01084066352147,1.01185931150959,0.0154968094804011,68,0.0003764789254848,1.02048853232631,1.00402073294794,0.512074879052639,1.01002140137611,0.4959,0.7287,0.6444,0.0062119022705001,1985.41,5.4,16.0,326.8,8427.180931,0.1659556525,11.9,0.107,238.52190058,5.0,0.359,0.1831791431,0.0039751745,-16.0,-8.0,-2.0,-35.0,-30.0,11.0
2020-10-23,668,"-89.3686,38.0851",17145,"Illinois, Perry",0.118072289156627,2.31415887409087,0.0195995088315859,415,1.01002907561008,1.01185931150959,0.0385542168674699,16,0.0007556437139888,1.0,1.00402073294794,0.512074879052639,1.01002140137611,0.7032,0.2423,0.7854,0.0031642580523283,1318.58,3.9,18.0,40.3,6607.7393181,0.1614586717,11.4,0.115,94.407312147,4.0,0.321,0.087796354,0.0042032682,-9.0,,,,-19.0,6.0
2020-10-23,669,"-88.5932,40.0136",17147,"Illinois, Piatt",0.28125,3.84240058550866,0.0136618687484752,224,1.02612652939595,1.01185931150959,0.0,0,0.0,,1.00402073294794,0.512074879052639,1.01002140137611,0.0589,0.0357,0.0041,0.0009758477677482,2178.81,3.9,18.9,29.1,6214.2898267,0.134295471,11.6,0.19,42.458409797,4.0,0.252,0.0067089534,0.0020736765,,,,,-26.0,
2020-10-23,670,"-90.8877,39.6227",17149,"Illinois, Pike",0.473684210526316,9.22426494138748,0.0194734482095958,304,1.05498614657627,1.01185931150959,0.0131578947368421,4,0.0002562295817052,1.10408951367381,1.00402073294794,0.512074879052639,1.01002140137611,0.515,0.0812,0.2563,0.0013452053039523,1422.84,4.9,20.3,16.8,8706.5888378,0.1671050823,10.6,0.087,54.416932589,3.0,0.298,0.0139645122,0.0022420088,,,,,-12.0,
2020-10-23,671,"-88.5615,37.4139",17151,"Illinois, Pope",0.131578947368421,1.18708452041785,0.0090218423551756,38,1.00775379492937,1.01185931150959,0.0263157894736842,1,0.0002374169040835,1.0,1.00402073294794,0.512074879052639,1.01002140137611,0.7408,0.1242,0.304,,1431.92,4.0,29.2,10.3,7537.5593535,0.1457587561,11.1,0.095,2.9359982092,3.0,0.266,0.0531813865,0.0075973409,,,,,,
2020-10-23,672,"-89.1309,37.2263",17153,"Illinois, Pulaski",0.126086956521739,5.30843858685704,0.0421014094819696,230,1.00768426589569,1.01185931150959,0.0043478260869565,1,0.0001830496064433,1.0,1.00402073294794,0.512074879052639,1.01002140137611,0.8522,0.4546,0.3337,,1117.58,5.4,21.2,31.6,9381.5110035,0.1937142409,11.1,0.196,8.3495759738,3.0,0.346,0.3029470987,0.0075050339,,,,,-21.0,
2020-10-23,673,"-89.2869,41.2014",17155,"Illinois, Putnam",0.215909090909091,3.31010452961673,0.0153310104529617,88,1.02309825541467,1.01185931150959,0.0,0,0.0,,1.00402073294794,0.512074879052639,1.01002140137611,0.0844,0.4374,0.0038,,2184.73,2.6,22.2,28.6,7205.5809387,0.1363129888,11.3,0.057,10.560313349,2.3,0.26,0.0067944251,0.0031358885,,,,,,
2020-10-23,674,"-89.8251,38.051",17157,"Illinois, Randolph",0.174590163934426,6.63427396748271,0.0379991278888681,1220,1.01622640720912,1.01185931150959,0.0122950819672131,15,0.0004672023920762,1.00990485606307,1.00402073294794,0.512074879052639,1.01002140137611,0.5411,0.3741,0.5635,0.0059178969662991,1483.49,5.2,18.0,50.9,8307.7432648,0.1719819368,11.0,0.136,85.134696065,4.3,0.272,0.1027845263,0.0031458294,-1.0,,,,-20.0,6.0
2020-10-23,675,"-88.0848,38.7124",17159,"Illinois, Richland",0.153846153846154,3.17198502823067,0.0206179026834993,325,1.01246731931777,1.01185931150959,0.0492307692307692,16,0.0010150352090338,1.04195362743721,1.00402073294794,0.512074879052639,1.01002140137611,0.5385,0.2101,0.3454,0.0057095730508152,1571.5,4.3,19.8,44.2,8519.2688292,0.1686683598,11.7,0.133,39.002799659,4.0,0.281,0.0077396435,0.0034891835,,,,,-13.0,
2020-10-23,676,"-90.5704,41.4661",17161,"Illinois, Rock Island",0.138932496075353,3.7009416143354,0.026638415913352,3822,1.01335696847752,1.01185931150959,0.0232862375719519,89,0.0006203084814987,1.00491045603448,1.00402073294794,0.512074879052639,1.01002140137611,0.4873,0.7972,0.7816,0.0030945726492748,1709.29,5.2,18.3,347.9,7061.0031437,0.165978529,11.0,0.141,204.83303349,5.0,0.337,0.1044906152,0.006140357,-22.0,8.0,-65.0,-35.0,-25.0,8.0
2020-10-23,677,"-89.9306,38.47",17163,"Illinois, St. Clair",0.0860935687588607,2.55880854519476,0.0297212507517458,7759,1.00714092644062,1.01185931150959,0.0278386389998711,216,0.0008273991703024,1.00540603558491,1.00402073294794,0.512074879052639,1.01002140137611,0.4844,0.6539,0.4499,0.0026890473034831,1866.46,6.2,14.8,374.3,9331.410027,0.1763409496,11.9,0.098,182.52537976,5.0,0.371,0.3028510796,0.0037845851,-11.0,-2.0,62.0,-6.0,-29.0,8.0
2020-10-23,678,"-88.5412,37.7533",17165,"Illinois, Saline",0.190839694656489,4.18305028026437,0.0219191834685853,524,1.01783788962271,1.01185931150959,0.017175572519084,9,0.0003764745252237,1.03655432261531,1.00402073294794,0.512074879052639,1.01002140137611,0.8191,0.3687,0.7934,0.004099389274659,1330.3,4.2,19.7,62.9,10438.29097,0.1873181196,11.5,0.112,111.72079999,5.0,0.271,0.037856605,0.0047686773,-7.0,-8.0,,,-19.0,6.0
2020-10-23,679,"-89.6587,39.7584",17167,"Illinois, Sangamon",0.246910263299301,4.70442492372586,0.0190531768945676,3722,1.02163954381616,1.01185931150959,0.0166577109081139,62,0.0003173823125908,1.02265896859198,1.00402073294794,0.512074879052639,1.01002140137611,0.3328,0.4234,0.6361,0.0053494276880234,2134.52,3.9,16.7,243.1,7606.7490617,0.1690159599,11.5,0.112,216.48548531,5.0,0.306,0.1277975715,0.0026926306,-16.0,-4.0,21.0,-17.0,-33.0,11.0
2020-10-23,680,"-90.6111,40.1572",17169,"Illinois, Schuyler",0.238095238095238,2.89561314608368,0.0121615752135515,84,1.01632157731989,1.01185931150959,0.0119047619047619,1,0.0001447806573041,1.0,1.00402073294794,0.512074879052639,1.01002140137611,0.6433,0.5014,0.2257,0.0066599102359924,1476.6,9.4,21.3,13.9,9365.2944615,0.1645989113,10.6,0.147,47.122703323,3.0,0.259,0.0357608224,0.0018821485,,,,,-7.0,
2020-10-23,681,"-90.4781,39.6429",17171,"Illinois, Scott",0.18,3.65408038976857,0.0203004466098254,100,1.01842967859905,1.01185931150959,0.0,0,0.0,,1.00402073294794,0.512074879052639,1.01002140137611,0.4019,0.0586,0.0777,,1697.84,2.7,19.4,17.1,9694.9129411,0.1601112478,10.6,0.137,18.538793473,3.0,0.282,0.0052781161,0.0022330491,,,,,,
2020-10-23,682,"-88.8061,39.3913",17173,"Illinois, Shelby",0.258320126782884,7.49735522745044,0.0290235039786578,631,1.02276822656687,1.01185931150959,0.01743264659271,11,0.000505956487742,1.0465440871019,1.00402073294794,0.512074879052639,1.01002140137611,0.3118,0.0232,0.113,0.0013798813302056,1524.76,3.9,21.5,23.8,6284.4437889,0.1560828073,11.6,0.113,54.685945241,4.0,0.323,0.0034037073,0.0022078101,,,,,-19.0,5.0
2020-10-23,683,"-89.7975,41.0931",17175,"Illinois, Stark",0.289156626506024,4.42233278054174,0.0152939008660402,83,1.01653166243345,1.01185931150959,0.0240963855421687,2,0.0003685277317118,1.0,1.00402073294794,0.512074879052639,1.01002140137611,0.2895,0.043,0.014,,1660.87,5.4,21.5,17.7,8831.504967,0.1585907311,11.0,0.063,18.803560209,3.0,0.255,0.008291874,0.0023954303,,,,,,
2020-10-23,684,"-89.6626,42.3513",17177,"Illinois, Stephenson",0.265895953757225,5.13932026903224,0.0193283131857082,865,1.02413653853195,1.01185931150959,0.0080924855491329,7,0.0001564140951444,1.0,1.00402073294794,0.512074879052639,1.01002140137611,0.4354,0.3617,0.4301,0.0022344870734922,1653.66,5.7,21.4,79.2,6968.4383364,0.1616315354,10.7,0.107,107.02735429,4.3,0.34,0.0994570196,0.0028824883,-13.0,-2.0,,,-22.0,8.0
2020-10-23,685,"-89.514,40.5072",17179,"Illinois, Tazewell",0.201030927835052,3.83138867057614,0.0190587026177377,2522,1.01663052200335,1.01185931150959,0.0206185567010309,52,0.0003929629405719,1.02086924081366,1.00402073294794,0.512074879052639,1.01002140137611,0.1092,0.1789,0.2617,0.0011335469439574,2161.86,3.8,17.8,191.3,6842.0137428,0.1530132726,12.1,0.124,149.32462448,5.0,0.325,0.0125748141,0.0032646152,-15.0,-2.0,,,-21.0,8.0
2020-10-23,686,"-89.2555,37.4712",17181,"Illinois, Union",0.186327077747989,8.2536666468737,0.0442966569681135,746,1.01016759291074,1.01185931150959,0.0335120643431635,25,0.0014844724185024,1.0,1.00402073294794,0.512074879052639,1.01002140137611,0.6557,0.3187,0.7609,0.0027908081467846,1584.56,5.8,20.0,36.7,9277.4154206,0.1692343091,11.2,0.102,76.291917022,4.0,0.372,0.0123508105,0.0071254676,,,,,-19.0,
2020-10-23,687,"-87.7338,40.1842",17183,"Illinois, Vermilion",0.300185299567634,6.32763065385517,0.021079082363357,1619,1.02035582205446,1.01185931150959,0.0049413218035824,8,0.0001041585292815,1.01925902092718,1.00402073294794,0.512074879052639,1.01002140137611,0.7197,0.539,0.7587,0.0058198578236075,1486.35,5.7,18.3,84.3,10669.510821,0.1767373955,11.6,0.165,160.25176817,4.3,0.409,0.1353279692,0.0039059448,-7.0,6.0,,-2.0,-22.0,7.0
2020-10-23,688,"-87.8492,38.4427",17185,"Illinois, Wabash",0.203703703703704,3.80985366698415,0.0187029180015586,216,1.01849092647572,1.01185931150959,0.0231481481481481,5,0.0004329379167027,1.0,1.00402073294794,0.512074879052639,1.01002140137611,0.3965,0.2773,0.3209,0.0021646895835137,1544.0,7.1,19.8,44.1,5283.2314942,0.158928839,11.8,0.124,123.43036387,4.3,0.354,0.0083989956,0.0028573903,,,,,-20.0,
2020-10-23,689,"-90.6147,40.8493",17187,"Illinois, Warren",0.213080168776371,5.93001409112259,0.0278299671207139,474,1.01469030386202,1.01185931150959,0.0147679324894515,7,0.0004109910756223,1.02226578920968,1.00402073294794,0.512074879052639,1.01002140137611,0.5306,0.6415,0.6756,0.0013503992484734,1626.29,4.0,18.3,29.8,6819.7853654,0.1512656684,10.9,0.175,24.08248151,4.0,0.261,0.0245420385,0.0043447628,,-11.0,,,-13.0,
2020-10-23,690,"-89.4098,38.3531",17189,"Illinois, Washington",0.162629757785467,3.35834226509468,0.0206502322257949,289,1.0102977042185,1.01185931150959,0.0034602076124567,1,7.14540907466952e-05,1.0,1.00402073294794,0.512074879052639,1.01002140137611,0.1153,0.1474,0.1716,0.0035727045373347,1783.58,3.5,19.3,25.6,7377.6687999,0.1489822675,11.3,0.107,50.467983485,4.0,0.284,0.008645945,0.0019292605,,,,,-21.0,
2020-10-23,691,"-88.4259,38.4296",17191,"Illinois, Wayne",0.274841437632135,7.95983345579231,0.0289615478814597,473,1.0202745310211,1.01185931150959,0.025369978858351,12,0.0007347538574577,1.05963402266705,1.00402073294794,0.512074879052639,1.01002140137611,0.3809,0.2658,0.5259,0.0033676218466813,1495.16,8.3,20.8,21.3,7328.785175,0.1605691583,11.6,0.14,72.333462982,4.0,0.311,0.0057555719,0.0032451629,,,,,-20.0,
2020-10-23,692,"-88.1766,38.0871",17193,"Illinois, White",0.213709677419355,3.87852177094768,0.0181485547017929,248,1.01529536261763,1.01185931150959,0.0080645161290322,2,0.0001463593121112,1.10408951367381,1.00402073294794,0.512074879052639,1.01002140137611,0.5025,0.1398,0.5817,,1529.03,4.8,21.5,27.3,9076.972385,0.1598955568,11.6,0.048,110.92211384,4.0,0.294,0.0055616539,0.0038785218,,,,,-18.0,
2020-10-23,693,"-89.9156,41.7551",17195,"Illinois, Whiteside",0.278334618350039,6.48977097040952,0.0233164347607234,1297,1.02869227454064,1.01185931150959,0.0192752505782575,25,0.0004494301226045,1.02522041319334,1.00402073294794,0.512074879052639,1.01002140137611,0.2962,0.5457,0.2439,0.0024269226620645,1594.11,4.7,19.9,76.3,7402.6533124,0.1523500527,11.2,0.103,106.59008947,4.3,0.335,0.0146334448,0.0047100277,-14.0,-13.0,,,-19.0,7.0
2020-10-23,694,"-87.9786,41.4462",17197,"Illinois, Will",0.143732970027248,3.65732114226286,0.0254452485158383,17616,1.01317236117435,1.01185931150959,0.0241257947320618,425,0.0006138868425994,1.00444783661688,1.00402073294794,0.512074879052639,1.01002140137611,0.1557,0.8609,0.1465,0.001324551140385,2729.85,5.0,12.1,728.2,5835.1399619,0.1307046548,13.3,0.097,236.94176767,5.0,0.318,0.1164088342,0.0046828733,-21.0,-8.0,2.0,-25.0,-33.0,12.0
2020-10-23,695,"-88.9299,37.7303",17199,"Illinois, Williamson",0.155,4.16070150322119,0.0268432355046528,1800,1.0150758573649,1.01185931150959,0.0327777777777778,59,0.000879861608208,1.00748296609677,1.00402073294794,0.512074879052639,1.01002140137611,0.4459,0.4002,0.4741,0.0064274636125029,1617.96,5.3,18.1,151.9,7656.8957857,0.1609802579,11.6,0.126,101.76732017,5.0,0.269,0.0448431162,0.0049063469,-14.0,-8.0,,3.0,-25.0,8.0
2020-10-23,696,"-89.1609,42.3364",17201,"Illinois, Winnebago",0.244658997534922,8.38493246644443,0.0342719154044093,9736,1.02136150997596,1.01185931150959,0.0183853738701726,179,0.0006301019779569,1.01346638083183,1.00402073294794,0.512074879052639,1.01002140137611,0.6115,0.7982,0.554,0.0030167452240734,1773.42,5.9,16.6,567.4,9265.1188451,0.1702951657,11.5,0.105,271.14620898,5.0,0.333,0.1302163819,0.0054667507,-16.0,-9.0,18.0,-29.0,-23.0,9.0
2020-10-23,697,"-89.2097,40.7858",17203,"Illinois, Woodford",0.170774647887324,2.52190416764163,0.0147674388373242,568,1.01722453932891,1.01185931150959,0.0246478873239437,14,0.0003639861685255,1.04924143725562,1.00402073294794,0.512074879052639,1.01002140137611,0.0452,0.049,0.0936,0.0004679822166757,2408.75,4.0,16.9,57.7,5981.2743855,0.1356310834,11.9,0.118,39.549952422,4.3,0.271,0.006499753,0.0027818943,,-2.0,,,-23.0,8.0
2020-10-23,698,"-84.9367,40.7458",18001,"Indiana, Adams",0.19280205655527,4.20922662476148,0.0218318554270962,778,1.01315166863607,1.01340660894867,0.0102827763496144,8,0.0002244920866539,1.04195362743721,1.00727070798132,0.45826567669046,1.00858166676125,0.6032,0.3865,0.8134,0.000982152879111,1548.66,19.2,14.9,103.9,7299.5123142,0.2045444489,12.5,0.097,84.129103983,4.0,0.348,0.0052475025,0.0032270737,-11.0,0.0,,,-21.0,4.0
2020-10-23,699,"-85.068,41.0919",18003,"Indiana, Allen",0.15703086722195,3.41546978694609,0.0217503083780248,8164,1.01333512972627,1.01340660894867,0.0292748652621264,239,0.0006367373471763,1.00738622089779,1.00727070798132,0.45826567669046,1.00858166676125,0.4303,0.7603,0.3878,0.003974946117101,1793.02,8.6,13.9,593.0,8340.3839174,0.1977459802,12.6,0.104,162.46093847,5.0,0.323,0.1157476602,0.004712922,-14.0,-10.0,49.0,3.0,-24.0,7.0
2020-10-23,700,"-85.8956,39.2074",18005,"Indiana, Bartholomew",0.118181818181818,2.04222203424649,0.017280340289778,1430,1.00889997162764,1.01340660894867,0.0433566433566434,62,0.0007492175510253,1.00232563164892,1.00727070798132,0.45826567669046,1.00858166676125,0.2828,0.6632,0.4107,0.0023926625016615,2108.15,8.6,15.6,228.0,7585.693678,0.1858875406,11.2,0.117,144.49777063,5.0,0.323,0.0211472696,0.0045315578,-11.0,-13.0,27.0,29.0,-24.0,7.0
2020-10-23,701,"-87.3109,40.6063",18007,"Indiana, Benton",0.181818181818182,2.31133710851728,0.012712354096845,110,1.01663874843396,1.01340660894867,0.0,0,0.0,,1.00727070798132,0.45826567669046,1.00858166676125,0.4971,0.2572,0.0541,,1552.22,9.4,17.1,17.9,6742.4090547,0.20870573,11.0,0.154,28.833108873,3.0,0.332,0.007165145,0.0030047382,,,,,-18.0,
2020-10-23,702,"-85.325,40.4739",18009,"Indiana, Blackford",0.251141552511416,4.61022632020117,0.0183570829840738,219,1.02759894227359,1.01340660894867,0.0136986301369863,3,0.0002514668901927,,1.00727070798132,0.45826567669046,1.00858166676125,0.515,0.043,0.2795,0.0012573344509639,1312.71,5.5,20.7,64.7,10341.783989,0.1970892534,11.7,0.233,20.853095327,3.0,0.342,0.0066219614,0.0028499581,,,,,-9.0,
2020-10-23,703,"-86.4684,40.0509",18011,"Indiana, Boone",0.116841257050766,2.16421140614039,0.0185226645173809,1241,1.00944069165558,1.01340660894867,0.0427074939564867,53,0.000791056582934,1.00551030918778,1.00727070798132,0.45826567669046,1.00858166676125,0.0073,0.4046,0.1242,0.0007761309870296,3096.58,4.5,12.6,142.1,6094.4753114,0.1608657187,12.0,0.098,192.2406878,5.0,0.276,0.0193137211,0.002806012,-8.0,-10.0,,6.0,-27.0,10.0
2020-10-23,704,"-86.2287,39.1961",18013,"Indiana, Brown",0.194244604316547,1.77235131941709,0.009124327162925,139,1.01644698203826,1.01340660894867,0.0215827338129496,3,0.0001969279243796,1.0,1.00727070798132,0.45826567669046,1.00858166676125,0.165,0.1611,0.1044,,2018.03,8.9,23.2,37.9,8071.8632231,0.1872041058,10.8,0.078,17.733728768,5.0,0.312,0.0057765524,0.0065642641,,,,,-19.0,
2020-10-23,705,"-86.562,40.5808",18015,"Indiana, Carroll",0.101538461538462,1.63958861231182,0.0161474636061013,325,1.01101954676367,1.01340660894867,0.04,13,0.000645898544244,1.0,1.00727070798132,0.45826567669046,1.00858166676125,0.2745,0.2814,0.05,,1840.46,8.2,18.8,44.8,6706.142507,0.1834135342,11.6,0.109,55.826785273,3.7,0.372,0.0063596164,0.0037263378,,,,,-27.0,
2020-10-23,706,"-86.3483,40.7614",18017,"Indiana, Cass",0.0726381461675579,4.29455934659465,0.0591226452377816,2244,1.0051994169648,1.01340660894867,0.0102495543672014,23,0.0006059807666974,1.04412893385506,1.00727070798132,0.45826567669046,1.00858166676125,0.6484,0.7943,0.5088,0.0066657884336714,1491.46,9.4,17.1,89.9,9918.8885725,0.2063817315,12.0,0.183,61.439475468,4.0,0.321,0.015544724,0.0110920827,-5.0,-14.0,,,-23.0,5.0
2020-10-23,707,"-85.7051,38.4802",18019,"Indiana, Clark",0.158944876564085,4.00477164280845,0.0251959781867757,2957,1.01323469874195,1.01340660894867,0.0229962800135272,68,0.0005794137695978,1.00869827228079,1.00727070798132,0.45826567669046,1.00858166676125,0.3175,0.5202,0.2541,0.0023687798227675,1730.83,7.2,15.0,295.7,9764.5106296,0.2222607816,12.0,0.115,319.88413636,5.0,0.368,0.0786468984,0.0041411043,-13.0,6.0,59.0,17.0,-21.0,6.0
2020-10-23,708,"-87.1172,39.3956",18021,"Indiana, Clay",0.219730941704036,3.74474589224303,0.0170424149789836,446,1.01823706355429,1.01340660894867,0.015695067264574,7,0.0002674818494459,1.02226578920968,1.00727070798132,0.45826567669046,1.00858166676125,0.4188,0.1802,0.2477,0.0009552923194497,1641.72,4.0,17.3,60.4,9548.0871411,0.1998800344,11.2,0.166,138.86281595,4.3,0.357,0.0068016813,0.002865877,8.0,-7.0,,9.0,-16.0,4.0
2020-10-23,709,"-86.4728,40.3032",18023,"Indiana, Clinton",0.162162162162162,4.27906976744186,0.0263875968992248,851,1.01439137485719,1.01340660894867,0.0235017626321974,20,0.0006201550387596,1.00735452613864,1.00727070798132,0.45826567669046,1.00858166676125,0.4949,0.752,0.453,0.0007751937984496,1665.94,10.1,16.0,74.0,9043.1517661,0.197675187,11.5,0.166,54.357164561,4.3,0.384,0.0064496124,0.0052093023,-10.0,-14.0,,,-18.0,5.0
2020-10-23,710,"-86.4452,38.2881",18025,"Indiana, Crawford",0.220125786163522,3.31502178442887,0.0150596703921197,159,1.02365098337228,1.01340660894867,0.0125786163522013,2,0.000189429816253,1.0,1.00727070798132,0.45826567669046,1.00858166676125,0.6395,0.07,0.27,,1197.67,6.7,18.9,28.8,11508.084954,0.2276394582,11.6,0.141,4.1940931985,3.0,0.295,0.0050198901,0.0054934647,,,,16.0,-16.0,
2020-10-23,711,"-87.0719,38.7019",18027,"Indiana, Daviess",0.161512027491409,4.25377862249977,0.0263372250882433,873,1.01603584538894,1.01340660894867,0.0400916380297824,35,0.0010559024949467,1.00844121353096,1.00727070798132,0.45826567669046,1.00858166676125,0.622,0.4846,0.8586,0.0024134914170211,1613.46,25.9,15.0,70.9,8047.8724292,0.2004238084,12.1,0.096,50.162750759,4.0,0.366,0.0203940025,0.0037710803,-5.0,8.0,,,-16.0,5.0
2020-10-23,712,"-84.9733,39.1465",18029,"Indiana, Dearborn",0.225941422594142,4.35765009683667,0.019286636539703,956,1.01847811067475,1.01340660894867,0.0313807531380753,30,0.0006052291801162,1.0,1.00727070798132,0.45826567669046,1.00858166676125,0.2516,0.0357,0.1226,0.0017753389283408,2167.86,5.0,16.5,134.0,8278.8080153,0.2008738212,11.8,0.084,121.70561423,5.0,0.337,0.0064154293,0.0023402195,-5.0,-11.0,,,-19.0,4.0
2020-10-23,713,"-85.5009,39.3071",18031,"Indiana, Decatur",0.064030131826742,1.2689408076435,0.0198178696723147,531,1.0054997011402,1.01340660894867,0.0790960451977401,42,0.0015675151153243,1.0,1.00727070798132,0.45826567669046,1.00858166676125,0.3306,0.1493,0.1706,0.0009330447115025,1545.14,5.9,16.0,78.6,7815.5365582,0.1844140507,11.4,0.12,125.00499777,4.3,0.335,0.0055982683,0.0025378816,-1.0,0.0,,14.0,-12.0,3.0
2020-10-23,714,"-84.9991,41.398",18033,"Indiana, DeKalb",0.214887640449438,3.53953639013557,0.0164715680377551,712,1.01534652904271,1.01340660894867,0.0168539325842697,12,0.0002776106972655,1.0,1.00727070798132,0.45826567669046,1.00858166676125,0.3096,0.1414,0.1971,0.0012955165872391,1694.01,7.8,15.5,124.7,7249.1464764,0.197943243,12.4,0.071,72.120805677,5.0,0.303,0.0042566974,0.0030537177,-9.0,-7.0,,,-14.0,5.0
2020-10-23,715,"-85.3973,40.2279",18035,"Indiana, Delaware",0.218590398365679,5.59369881155683,0.0255898651238978,2937,1.01678314315909,1.01340660894867,0.0255362614913177,75,0.0006534694873314,1.00386870309944,1.00727070798132,0.45826567669046,1.00858166676125,0.6866,0.347,0.7011,0.003441605966612,1608.51,8.1,16.6,298.5,10784.622144,0.2096442658,11.5,0.108,124.54240954,5.0,0.341,0.0695204405,0.0029188304,-12.0,-8.0,,24.0,-24.0,5.0
2020-10-23,716,"-86.8792,38.366",18037,"Indiana, Dubois",0.197691197691198,6.43721367320569,0.0325619640549747,1386,1.01313549082382,1.01340660894867,0.0187590187590188,26,0.0006108304945377,1.03098080370314,1.00727070798132,0.45826567669046,1.00858166676125,0.1863,0.4982,0.3047,0.0028896981087748,1871.97,4.8,16.5,113.2,5950.9838178,0.1695628578,11.9,0.121,143.02069752,4.3,0.295,0.0063667332,0.0026312698,-10.0,1.0,,,-30.0,9.0
2020-10-23,717,"-85.8588,41.5976",18039,"Indiana, Elkhart",0.164049259970625,7.0636310566258,0.043057987935396,8851,1.0142203656469,1.01340660894867,0.0157044401762513,139,0.0006762015956411,1.00960865274774,1.00727070798132,0.45826567669046,1.00858166676125,0.5567,0.8077,0.7966,0.0018972562755399,1899.54,14.6,14.0,497.3,7468.4360681,0.1988599883,13.1,0.126,179.02883955,5.0,0.336,0.0567425569,0.0064214828,-9.0,-10.0,60.0,3.0,-20.0,5.0
2020-10-23,718,"-85.178,39.6368",18041,"Indiana, Fayette",0.243312101910828,8.28741267843971,0.0340608322124355,785,1.02914454292194,1.01340660894867,0.0229299363057325,18,0.0007810127131513,1.02638809625704,1.00727070798132,0.45826567669046,1.00858166676125,0.6933,0.1229,0.5883,0.0042955699223326,1385.63,9.7,19.2,100.4,13591.764933,0.2289565248,11.2,0.119,204.86720148,4.3,0.373,0.0137978913,0.0037748948,-6.0,-7.0,,,-15.0,3.0
2020-10-23,719,"-85.9039,38.3212",18043,"Indiana, Floyd",0.145242070116861,3.35557526902457,0.0231033285763875,1797,1.01226652705072,1.01340660894867,0.0389538119087368,70,0.0008999627158303,1.0041496628021,1.00727070798132,0.45826567669046,1.00858166676125,0.2022,0.333,0.205,0.003047016623597,2135.17,4.8,15.2,484.6,8183.746377,0.2165764105,12.0,0.143,343.89890515,5.0,0.347,0.0535606382,0.0036384207,-14.0,-3.0,,,-29.0,7.0
2020-10-23,720,"-87.2422,40.1236",18045,"Indiana, Fountain",0.366101694915254,6.60510060546756,0.0180417099871567,295,1.02930377989012,1.01340660894867,0.0101694915254237,3,0.0001834750168185,1.0,1.00727070798132,0.45826567669046,1.00858166676125,0.4341,0.2101,0.0818,,1548.19,7.9,19.3,37.8,8543.2814204,0.2056895026,11.1,0.144,17.086575436,4.0,0.323,0.0049538255,0.0036695003,,-6.0,,,-11.0,
2020-10-23,721,"-85.0606,39.4142",18047,"Indiana, Franklin",0.12565445026178,2.11118930330753,0.0168015482054891,382,1.01424070832704,1.01340660894867,0.0680628272251309,26,0.0011435608726249,1.0,1.00727070798132,0.45826567669046,1.00858166676125,0.2682,0.12,0.099,,1804.62,5.4,17.1,43.3,6212.8329938,0.1942151505,11.4,0.112,54.873374556,4.0,0.372,0.0030788177,0.0027269529,,,,,-16.0,3.0
2020-10-23,722,"-86.2625,41.047",18049,"Indiana, Fulton",0.231638418079096,4.08122635874975,0.0176189528170416,354,1.01635439258519,1.01340660894867,0.0084745762711864,3,0.0001493131594664,1.05963402266705,1.00727070798132,0.45826567669046,1.00858166676125,0.4787,0.4082,0.1933,0.0012442763288871,1441.61,10.5,18.6,47.8,9435.9847909,0.1951865567,12.0,0.085,83.614754209,4.0,0.383,0.0077642843,0.0090085606,6.0,,,,-18.0,2.0
2020-10-23,723,"-87.5805,38.3039",18051,"Indiana, Gibson",0.22794959908362,5.94882219299295,0.0260970943441349,873,1.01771959110323,1.01340660894867,0.0126002290950745,11,0.0003288293674518,1.02908210240756,1.00727070798132,0.45826567669046,1.00858166676125,0.2178,0.1318,0.6667,0.0007473394714815,1764.81,6.3,16.9,78.1,8673.0796127,0.192230856,12.2,0.109,120.17661532,5.0,0.291,0.0204173144,0.0032882937,-1.0,9.0,,7.0,-13.0,4.0
2020-10-23,724,"-85.6547,40.5159",18053,"Indiana, Grant",0.136033857315599,3.41239990293618,0.0250849308420286,1654,1.01300164054688,1.01340660894867,0.0253929866989117,42,0.0006369813152147,1.0,1.00727070798132,0.45826567669046,1.00858166676125,0.7774,0.2541,0.6673,0.0048835234166464,1428.32,8.6,18.3,168.7,11126.088231,0.2154469652,12.0,0.163,132.79354864,5.0,0.373,0.0700527785,0.0042617083,-14.0,-10.0,,2.0,-18.0,5.0
2020-10-23,725,"-86.9622,39.0363",18055,"Indiana, Greene",0.154275092936803,2.59326376304443,0.0168093482472036,538,1.01432947327375,1.01340660894867,0.0743494423791822,40,0.001249765668937,1.00362337833333,1.00727070798132,0.45826567669046,1.00858166676125,0.543,0.2066,0.4378,0.0007811035430856,1470.68,7.9,18.9,48.4,8254.5255365,0.2094773882,10.9,0.124,66.009777815,4.0,0.383,0.0026245079,0.0038742736,1.0,-4.0,,,-17.0,3.0
2020-10-23,726,"-86.0524,40.0731",18057,"Indiana, Hamilton",0.128943089430894,2.40240422193004,0.0186315081524209,6150,1.01114249199349,1.01340660894867,0.0198373983739837,122,0.0003696006495276,1.0011764770978,1.00727070798132,0.45826567669046,1.00858166676125,0.0032,0.5511,0.035,0.0018813278963664,3408.9,4.4,11.4,769.8,4147.8708181,0.1330763399,11.6,0.081,186.23677177,5.0,0.26,0.0426010191,0.002229722,-9.0,-6.0,90.0,,-43.0,13.0
2020-10-23,727,"-85.7757,39.823",18059,"Indiana, Hancock",0.147623019182652,2.31824075650614,0.0157037890793834,1199,1.01147017259651,1.01340660894867,0.0400333611342786,48,0.0006286754593914,1.003012157342,1.00727070798132,0.45826567669046,1.00858166676125,0.0312,0.2544,0.0271,0.0008906235674712,2283.89,6.3,15.6,204.3,6289.5470654,0.1677372943,11.9,0.132,95.980262346,5.0,0.376,0.028107032,0.0030778903,-9.0,20.0,,20.0,-26.0,8.0
2020-10-23,728,"-86.1095,38.1947",18061,"Indiana, Harrison",0.147712418300654,2.80049566294919,0.0189591078066914,765,1.0135953263473,1.01340660894867,0.0339869281045752,26,0.0006443618339529,1.0,1.00727070798132,0.45826567669046,1.00858166676125,0.4121,0.0933,0.1356,0.0006195786864931,1660.87,6.5,16.9,70.7,8113.7258677,0.2009713257,12.3,0.118,20.706104996,5.0,0.381,0.006394052,0.0032218092,0.0,6.0,,,-16.0,4.0
2020-10-23,729,"-86.5104,39.7672",18063,"Indiana, Hendricks",0.11501210653753,2.27532647941129,0.019783364968355,3304,1.0107843486842,1.01340660894867,0.0453995157384988,150,0.0008981551892412,1.00485482547268,1.00727070798132,0.45826567669046,1.00858166676125,0.0414,0.5403,0.0802,0.0017184702620816,2447.97,6.1,13.0,358.3,5515.9817485,0.1605219198,12.2,0.105,88.989026867,5.0,0.315,0.0722236526,0.0030836661,-11.0,-9.0,,14.0,-34.0,10.0
2020-10-23,730,"-85.3963,39.9303",18065,"Indiana, Henry",0.219589257503949,5.75915145739678,0.0262269271405192,1266,1.02028181433834,1.01340660894867,0.0229067930489731,29,0.0006007747923183,1.01026070714042,1.00727070798132,0.45826567669046,1.00858166676125,0.5729,0.1057,0.3457,0.0018644734934018,1492.73,7.0,18.3,103.0,9012.3088878,0.2061776335,11.0,0.156,79.872969094,5.0,0.295,0.0268484183,0.0020716372,-7.0,-5.0,,0.0,-20.0,6.0
2020-10-23,731,"-86.1135,40.4853",18067,"Indiana, Howard",0.108455882352941,2.14894495301459,0.0198140009227108,1632,1.00992380077789,1.01340660894867,0.0422794117647059,69,0.0008377243037175,1.0,1.00727070798132,0.45826567669046,1.00858166676125,0.5086,0.4046,0.2509,0.0027195687540975,1600.77,7.1,18.6,304.7,10929.886245,0.2119177525,11.6,0.159,59.409732008,5.0,0.351,0.0747759998,0.0040186485,-7.0,-4.0,,,-25.0,6.0
2020-10-23,732,"-85.4882,40.8291",18069,"Indiana, Huntington",0.208651399491094,2.26269315673289,0.0108443708609272,393,1.01422579148693,1.01340660894867,0.0127226463104326,5,0.0001379690949227,1.0,1.00727070798132,0.45826567669046,1.00858166676125,0.265,0.1455,0.2512,0.0009933774834437,1598.13,7.8,16.5,90.6,7548.9592121,0.1879551025,12.3,0.141,105.95163691,4.3,0.374,0.0068984547,0.0056567329,0.0,-7.0,,,-12.0,4.0
2020-10-23,733,"-86.0385,38.9092",18071,"Indiana, Jackson",0.229479258605472,5.89422139602367,0.0256852032372878,1133,1.01946113458596,1.01340660894867,0.0141218005295675,16,0.0003627213166783,1.05498614657627,1.00727070798132,0.45826567669046,1.00858166676125,0.5484,0.5514,0.3722,0.002108317653193,1573.23,8.4,15.7,89.5,9738.0258854,0.2195535614,11.3,0.142,153.97853722,4.3,0.305,0.0105415883,0.0037405636,5.0,-31.0,,-32.0,-17.0,5.0
2020-10-23,734,"-87.1155,41.0208",18073,"Indiana, Jasper",0.276845637583893,4.94456098291879,0.0178603536110279,596,1.03140513413343,1.01340660894867,0.0100671140939597,6,0.0001798022175606,1.05963402266705,1.00727070798132,0.45826567669046,1.00858166676125,0.3162,0.3658,0.2241,0.0013784836679652,1851.61,6.6,16.9,56.4,8596.3068166,0.1949197312,12.0,0.116,33.371456038,4.0,0.357,0.0079112976,0.0034462092,-8.0,0.0,,19.0,-20.0,4.0
2020-10-23,735,"-85.0058,40.4378",18075,"Indiana, Jay",0.248407643312102,3.75650163744943,0.0151223271046041,314,1.02398259080294,1.01340660894867,0.0222929936305732,7,0.0003371219418223,1.04924143725562,1.00727070798132,0.45826567669046,1.00858166676125,0.6844,0.2232,0.6348,0.0016856097091119,1359.97,8.9,17.1,52.4,11131.2175,0.2197681384,12.1,0.187,69.925218872,4.0,0.348,0.0047197072,0.0019745714,-10.0,-11.0,,,-14.0,6.0
2020-10-23,736,"-85.4363,38.7858",18077,"Indiana, Jefferson",0.195906432748538,2.08022851465474,0.010618479880775,342,1.01090314837211,1.01340660894867,0.0146198830409357,5,0.0001552409339294,1.03239118471,1.00727070798132,0.45826567669046,1.00858166676125,0.493,0.2165,0.5645,0.0022354694485842,1456.23,7.2,16.8,87.0,9335.7225393,0.2305765877,11.3,0.109,149.86053472,4.3,0.35,0.0189393939,0.0033842524,-3.0,-4.0,,,-11.0,2.0
2020-10-23,737,"-85.6271,38.9959",18079,"Indiana, Jennings",0.0891891891891892,1.19517583571765,0.0134004563398645,370,1.00755939794925,1.01340660894867,0.0405405405405405,15,0.000543261743508,1.0,1.00727070798132,0.45826567669046,1.00858166676125,0.5404,0.1375,0.3734,0.0006156966426424,1477.39,8.7,15.7,62.4,12633.401948,0.2176623884,11.3,0.165,102.51412789,4.0,0.395,0.0080402738,0.0024265691,-1.0,-5.0,,,-15.0,3.0
2020-10-23,738,"-86.1015,39.4899",18081,"Indiana, Johnson",0.169739351557533,3.41814690350456,0.0201376220195231,3146,1.01219884955248,1.01340660894867,0.0435473617291799,137,0.0008769403104496,1.00104712500899,1.00727070798132,0.45826567669046,1.00858166676125,0.1232,0.3773,0.1891,0.0011329812770043,2384.82,6.9,14.2,413.2,6775.2697038,0.1825089554,12.1,0.1,191.64043903,5.0,0.314,0.0226212194,0.0030596896,-9.0,2.0,,16.0,-25.0,7.0
2020-10-23,739,"-87.4195,38.6886",18083,"Indiana, Knox",0.223249669749009,4.58056647242174,0.0205176853232145,757,1.02496270674645,1.01340660894867,0.0132100396301189,10,0.0002710394362379,1.0,1.00727070798132,0.45826567669046,1.00858166676125,0.5672,0.1684,0.7638,0.0047431901341645,1520.06,7.7,17.1,75.3,9719.5892727,0.2039625825,12.2,0.178,117.77949665,5.0,0.344,0.0286759724,0.003387993,-11.0,4.0,,,-19.0,6.0
2020-10-23,740,"-85.8631,41.2452",18085,"Indiana, Kosciusko",0.210840108401084,4.90270215769308,0.0232531760435572,1845,1.02175232546368,1.01340660894867,0.0140921409214092,26,0.0003276870336761,1.02415191411056,1.00727070798132,0.45826567669046,1.00858166676125,0.3255,0.596,0.6202,0.0009074410163339,2023.6,10.0,15.8,145.2,6926.0951619,0.1903508964,12.8,0.133,95.954801091,4.3,0.344,0.0099692478,0.004209518,-12.0,-11.0,,,-26.0,7.0
2020-10-23,741,"-85.4267,41.6423",18087,"Indiana, LaGrange",0.142857142857143,2.92397660818713,0.0204678362573099,805,1.01093314578379,1.01340660894867,0.0198757763975155,16,0.0004068141367912,1.00926242190831,1.00727070798132,0.45826567669046,1.00858166676125,0.4541,0.5256,0.44,0.0006356470887363,1953.9,40.9,13.2,99.9,6289.7499829,0.1886517448,12.7,0.103,43.797076591,4.0,0.37,0.0044749555,0.0030002543,7.0,12.0,,3.0,-7.0,3.0
2020-10-23,742,"-87.3828,41.4187",18089,"Indiana, Lake",0.157666911225238,4.43631544287805,0.0281372636046663,13630,1.01374286010643,1.01340660894867,0.0273661041819516,373,0.0007700072872003,1.00468242291405,1.00727070798132,0.45826567669046,1.00858166676125,0.6162,0.8742,0.504,0.0053281201293942,1790.97,7.6,15.7,956.6,9257.3033485,0.186478692,14.3,0.131,416.56700247,5.0,0.355,0.2337477886,0.0055139128,-12.0,-12.0,-12.0,-9.0,-28.0,9.0
2020-10-23,743,"-86.7407,41.5437",18091,"Indiana, LaPorte",0.221774193548387,4.49971365458562,0.0202896179334042,2232,1.01755566994372,1.01340660894867,0.0259856630824373,58,0.0005272391756888,1.01854375002935,1.00727070798132,0.45826567669046,1.00858166676125,0.649,0.5285,0.9051,0.0045451653076622,1621.0,7.7,16.8,167.5,9594.928881,0.2268348124,12.4,0.129,219.52068056,5.0,0.369,0.1124928414,0.0046542493,-7.0,-5.0,10.0,16.0,-20.0,6.0
2020-10-23,744,"-86.4836,38.8411",18093,"Indiana, Lawrence",0.315068493150685,6.04361916440396,0.0191819216957169,876,1.03859884024301,1.01340660894867,0.04337899543379,38,0.0008320924936498,1.02035855033694,1.00727070798132,0.45826567669046,1.00858166676125,0.4182,0.0834,0.1917,0.001094858544276,1559.65,8.4,19.2,91.1,8066.7963101,0.1917238145,11.1,0.159,107.05109655,5.0,0.322,0.0049268634,0.0044670229,-12.0,1.0,,,-20.0,6.0
2020-10-23,745,"-85.7196,40.1614",18095,"Indiana, Madison",0.179974651457541,3.28599748536343,0.0182581127883926,2367,1.01532201945268,1.01340660894867,0.0439374735952683,104,0.0008022153485394,1.01301453385766,1.00727070798132,0.45826567669046,1.00858166676125,0.6264,0.4744,0.5877,0.0029234578566965,1484.84,8.2,17.6,254.6,9495.0940385,0.2163869554,11.4,0.173,146.03148224,5.0,0.388,0.0838392175,0.0041113537,-5.0,-10.0,,-16.0,-23.0,6.0
2020-10-23,746,"-86.1383,39.7816",18097,"Indiana, Marion",0.0972200284315274,2.57890160998041,0.0265264436925849,25324,1.00754488966046,1.01340660894867,0.0331306270731322,839,0.0008788377135554,1.00171440381729,1.00727070798132,0.45826567669046,1.00858166676125,0.6793,0.908,0.6839,0.0039636733111965,1736.63,10.5,12.0,2725.3,9933.4945078,0.1924161998,12.8,0.118,688.84851342,5.0,0.325,0.2816533462,0.0045324562,-19.0,-9.0,-5.0,-24.0,-31.0,8.0
2020-10-23,747,"-86.2619,41.3247",18099,"Indiana, Marshall",0.195778748180495,5.81646773914548,0.0297093928386092,1374,1.01488419564278,1.01340660894867,0.0189228529839884,26,0.0005621864729285,1.0,1.00727070798132,0.45826567669046,1.00858166676125,0.5197,0.6358,0.6886,0.001556824078879,1671.48,12.6,17.0,102.4,6876.5981312,0.207959188,12.7,0.121,87.14048745,4.0,0.414,0.0063354091,0.00380557,-5.0,-5.0,,0.0,-22.0,5.0
2020-10-23,748,"-86.8037,38.71",18101,"Indiana, Martin",0.11,2.15327395517275,0.0195752177742977,200,1.00964748982493,1.01340660894867,0.0,0,0.0,,1.00727070798132,0.45826567669046,1.00858166676125,0.3997,0.0092,0.2178,,1573.14,6.5,18.5,40.8,6864.4437328,0.204381285,11.4,0.086,103.14697074,3.0,0.425,0.0029362827,0.0038171675,,,,,-22.0,
2020-10-23,749,"-86.0453,40.7694",18103,"Indiana, Miami",0.244698205546493,4.21739252678044,0.0172350774594427,613,1.02238496219228,1.01340660894867,0.0081566068515497,5,0.0001405797508926,1.03239118471,1.00727070798132,0.45826567669046,1.00858166676125,0.7146,0.283,0.5377,0.0007028987544634,1379.75,8.6,16.9,78.3,7544.5877059,0.2402131255,12.1,0.101,63.780092495,4.0,0.367,0.0483875503,0.0095594231,8.0,-4.0,,,-22.0,4.0
2020-10-23,750,"-86.5241,39.1613",18105,"Indiana, Monroe",0.11250766400981,2.49800907995671,0.0222030125853373,3262,1.00767535906271,1.01340660894867,0.0128755364806867,42,0.0002858756985236,1.0,1.00727070798132,0.45826567669046,1.00858166676125,0.5573,0.5756,0.8921,0.0022393596384353,1773.83,6.9,12.2,380.4,5849.6801599,0.1992325154,10.4,0.065,251.79444146,5.0,0.253,0.0347475105,0.0031582458,-16.0,-10.0,,-34.0,-35.0,11.0
2020-10-23,751,"-86.8934,40.0403",18107,"Indiana, Montgomery",0.116239316239316,1.77332707453189,0.0152558285088406,585,1.01096624262711,1.01340660894867,0.0393162393162393,23,0.000599801804621,1.0,1.00727070798132,0.45826567669046,1.00858166676125,0.3054,0.4826,0.4234,0.0026860689511291,1716.31,8.4,17.5,75.1,8838.6181819,0.1959130503,11.3,0.152,150.00567704,4.3,0.254,0.0096229072,0.004381161,2.0,-11.0,,,-25.0,5.0
2020-10-23,752,"-86.4457,39.479",18109,"Indiana, Morgan",0.146315789473684,1.98242911746249,0.0135489759826573,950,1.01099429463315,1.01340660894867,0.0452631578947368,43,0.000613269439215,1.0,1.00727070798132,0.45826567669046,1.00858166676125,0.4076,0.1105,0.2149,0.0029522505562211,1880.39,7.0,15.9,132.2,8017.8688888,0.1947825611,11.8,0.113,126.29691042,5.0,0.359,0.0048348451,0.0033088026,-5.0,-7.0,,,-23.0,5.0
2020-10-23,753,"-87.3964,40.9561",18111,"Indiana, Newton",0.190265486725664,3.06901720077082,0.0161301834273071,226,1.02280541491086,1.01340660894867,0.0530973451327434,12,0.0008564699164941,1.0,1.00727070798132,0.45826567669046,1.00858166676125,0.5994,0.4741,0.042,,1665.08,6.9,18.3,28.4,10826.707433,0.2073030858,11.7,0.168,46.405758289,3.0,0.306,0.0074227393,0.005495682,,,,,-22.0,
2020-10-23,754,"-85.4197,41.3967",18113,"Indiana, Noble",0.16079105760963,3.93419170243205,0.0244677270049651,1163,1.01306300677523,1.01340660894867,0.0292347377472055,34,0.0007153075822603,1.0,1.00727070798132,0.45826567669046,1.00858166676125,0.3959,0.6278,0.4371,0.000652192207355,1677.54,8.6,15.0,111.3,7802.7397121,0.1893576881,12.8,0.113,67.698316328,4.0,0.382,0.0088782294,0.0039762686,-3.0,-7.0,,,-13.0,3.0
2020-10-23,755,"-84.9652,38.9553",18115,"Indiana, Ohio",0.356589147286822,7.87132101300479,0.0220739219712526,129,1.02984410489444,1.01340660894867,0.0542635658914729,7,0.0011978097193702,1.0,1.00727070798132,0.45826567669046,1.00858166676125,0.1678,0.0118,0.1207,,1549.55,5.1,20.6,53.8,7025.5488277,0.1673697631,11.4,0.064,75.129576363,3.3,0.356,0.0053045859,0.0025667351,,,,,-18.0,
2020-10-23,756,"-86.4952,38.5412",18117,"Indiana, Orange",0.241379310344828,5.02847760275027,0.0208322643542511,406,1.01652199572561,1.01340660894867,0.0665024630541872,27,0.0013853968905536,1.00540603558491,1.00727070798132,0.45826567669046,1.00858166676125,0.6226,0.0933,0.7039,0.0012314639027143,1232.04,7.7,18.6,46.1,9168.2251632,0.2119653928,11.4,0.131,126.54059204,4.0,0.355,0.0141618349,0.0044127457,-2.0,,,,-13.0,2.0
2020-10-23,757,"-86.839,39.3115",18119,"Indiana, Owen",0.135922330097087,1.3432477812425,0.0098824658191412,206,1.01085892630637,1.01340660894867,0.0097087378640776,2,9.59462700887503e-05,1.0,1.00727070798132,0.45826567669046,1.00858166676125,0.636,0.1082,0.242,,1439.2,10.9,18.4,45.6,9405.2810717,0.2049193059,10.8,0.154,77.718140214,3.0,0.316,0.0048932598,0.0039817702,,,,,-24.0,5.0
2020-10-23,758,"-87.2038,39.772",18121,"Indiana, Parke",0.363265306122449,5.25787203875465,0.0144739174100549,245,1.02941589499122,1.01340660894867,0.0122448979591837,3,0.0001772316417557,1.05963402266705,1.00727070798132,0.45826567669046,1.00858166676125,0.601,0.291,0.8698,,1468.13,13.6,18.3,30.3,7527.0820314,0.2204881295,11.1,0.081,46.189592892,3.0,0.297,0.0256395108,0.0047852543,,,,,-17.0,
2020-10-23,759,"-86.6374,38.0781",18123,"Indiana, Perry",0.199376947040498,3.35043450947545,0.0168045230865878,321,1.02287382920101,1.01340660894867,0.0467289719626168,15,0.0007852580881583,1.00990485606307,1.00727070798132,0.45826567669046,1.00858166676125,0.3717,0.0926,0.5205,0.0013087634802638,1449.06,4.2,17.8,46.2,8223.5916724,0.2074492461,12.1,0.101,166.42849952,4.0,0.357,0.0282169406,0.0036121872,-17.0,,,,-31.0,
2020-10-23,760,"-87.2357,38.4011",18125,"Indiana, Pike",0.227272727272727,6.04351329572925,0.0265914585012087,330,1.01663874843396,1.01340660894867,0.0545454545454545,18,0.001450443190975,1.10408951367381,1.00727070798132,0.45826567669046,1.00858166676125,0.3732,0.0334,0.1601,,1598.87,4.0,19.6,31.5,8294.0985381,0.1978015551,12.3,0.191,89.366728082,3.0,0.384,0.0051571313,0.0042707494,,,,,-21.0,
2020-10-23,761,"-87.0685,41.4599",18127,"Indiana, Porter",0.215125516364792,3.99188650541882,0.0185560809934314,3147,1.0190806798048,1.01340660894867,0.0162059103908484,51,0.0003007181857848,1.00573140984274,1.00727070798132,0.45826567669046,1.00858166676125,0.1462,0.4677,0.2273,0.0017748269396323,2205.44,5.8,15.5,372.2,7029.6704868,0.1878441902,12.7,0.106,128.36949169,5.0,0.335,0.0389872283,0.0036852719,-8.0,-13.0,60.0,-5.0,-28.0,7.0
2020-10-23,762,"-87.8648,38.021",18129,"Indiana, Posey",0.320728291316527,8.96632732967893,0.027956147220047,714,1.0196675418393,1.01340660894867,0.0084033613445378,6,0.0002349256068911,1.10408951367381,1.00727070798132,0.45826567669046,1.00858166676125,0.1417,0.0175,0.0404,,2042.7,4.8,17.4,54.8,6897.1456849,0.1870113333,12.1,0.131,9.9192073725,4.0,0.313,0.0096319499,0.0028582616,,-1.0,,,-21.0,3.0
2020-10-23,763,"-86.6989,41.0417",18131,"Indiana, Pulaski",0.227272727272727,2.80696126393456,0.0123506295613121,154,1.02676951159078,1.01340660894867,0.0064935064935064,1,8.01988932552731e-05,1.0,1.00727070798132,0.45826567669046,1.00858166676125,0.529,0.0471,0.0856,0.0020049723313818,1481.48,7.3,18.6,28.2,10219.654077,0.1897450889,11.7,0.093,69.588006582,3.0,0.312,0.0090624749,0.0049723314,,,,,-22.0,
2020-10-23,764,"-86.8452,39.6644",18133,"Indiana, Putnam",0.127891156462585,2.48815479499193,0.0194552529182879,735,1.01096080469347,1.01340660894867,0.0217687074829932,16,0.0004235157097858,1.00926242190831,1.00727070798132,0.45826567669046,1.00858166676125,0.3968,0.3362,0.7186,0.0006617432965404,1855.57,5.9,15.8,71.4,7269.1000269,0.190136371,11.2,0.12,75.529560361,4.0,0.305,0.0370046851,0.0035734138,-1.0,,,,-19.0,5.0
2020-10-23,765,"-85.0114,40.1573",18135,"Indiana, Randolph",0.232142857142857,3.66182447386423,0.0157740131181844,392,1.02183189000508,1.01340660894867,0.0229591836734694,9,0.0003621584644481,1.01696850489722,1.00727070798132,0.45826567669046,1.00858166676125,0.586,0.3521,0.1067,0.001005995734578,1401.67,9.4,19.3,49.7,10621.410664,0.2136272386,11.8,0.137,74.963388871,4.0,0.36,0.0069614905,0.0045068609,,,,,-19.0,7.0
2020-10-23,766,"-85.2621,39.1024",18137,"Indiana, Ripley",0.233031674208145,3.61112084984048,0.0154962661711601,442,1.0169274252191,1.01340660894867,0.0180995475113122,8,0.0002804754058128,1.0,1.00727070798132,0.45826567669046,1.00858166676125,0.3815,0.2044,0.6937,0.0008764856431651,1743.33,8.2,17.0,62.7,8525.4632157,0.1848240646,11.4,0.133,74.484238757,4.0,0.316,0.0045577253,0.0035059426,2.0,3.0,,,-17.0,3.0
2020-10-23,767,"-85.4656,39.62",18139,"Indiana, Rush",0.203065134099617,3.18069975394587,0.0156634459581108,261,1.02207941438285,1.01340660894867,0.0153256704980843,4,0.0002400528116185,1.0,1.00727070798132,0.45826567669046,1.00858166676125,0.6194,0.1579,0.0799,0.0015003300726159,1609.43,9.8,17.5,35.6,8574.2667427,0.2135309306,11.3,0.116,80.248884297,3.7,0.297,0.0097221389,0.003540779,,,,,-19.0,4.0
2020-10-23,768,"-86.2904,41.6176",18141,"Indiana, St. Joseph",0.179666193956583,6.08263071008343,0.0338551765144716,9167,1.01358096122996,1.01340660894867,0.0183266063052253,168,0.0006204504913746,1.01064309218431,1.00727070798132,0.45826567669046,1.00858166676125,0.4825,0.7071,0.7157,0.0028769698379811,1842.94,8.2,15.1,603.6,8247.3543194,0.1904198845,12.8,0.097,263.5114514,5.0,0.33,0.1321448752,0.0056542244,-13.0,-7.0,25.0,-24.0,-23.0,8.0
2020-10-23,769,"-85.7463,38.6867",18143,"Indiana, Scott",0.143129770992366,3.14096658011559,0.0219448865064076,524,1.00904249107074,1.01340660894867,0.0286259541984733,15,0.0006281933160231,1.0,1.00727070798132,0.45826567669046,1.00858166676125,0.6653,0.049,0.3894,0.0010469888600385,1343.63,8.5,16.2,110.5,13106.266455,0.2083091615,11.4,0.141,113.16162957,5.0,0.328,0.0046486305,0.0032666052,2.0,-1.0,,,-12.0,3.0
2020-10-23,770,"-85.7916,39.5231",18145,"Indiana, Shelby",0.0976709241172051,2.91525575763012,0.0298477339492745,1331,1.00900991686087,1.01340660894867,0.02854996243426,38,0.0008521516829995,1.0038170159038,1.00727070798132,0.45826567669046,1.00858166676125,0.3146,0.3782,0.1929,0.0008970017715784,1693.62,6.9,16.2,102.7,9407.7754482,0.2058748183,11.8,0.171,196.79424116,4.3,0.366,0.0122216491,0.003543157,-12.0,-12.0,,0.0,-27.0,5.0
2020-10-23,771,"-87.008,38.0152",18147,"Indiana, Spencer",0.195928753180662,3.78806513504206,0.0193338908840458,393,1.01752422605528,1.01340660894867,0.0152671755725191,6,0.0002951739066266,1.0,1.00727070798132,0.45826567669046,1.00858166676125,0.2041,0.1888,0.1073,,1800.93,4.2,18.6,45.9,7132.7316191,0.1758056757,12.1,0.079,36.925829347,3.3,0.354,0.0075761303,0.0026565652,,,,,-16.0,
2020-10-23,772,"-86.6469,41.2789",18149,"Indiana, Starke",0.246943765281174,4.40374972749073,0.017833006322215,409,1.01961553002813,1.01340660894867,0.019559902200489,8,0.0003488118596032,1.0,1.00727070798132,0.45826567669046,1.00858166676125,0.6959,0.2954,0.0971,0.0023108785698713,1385.94,5.2,17.4,60.1,10358.105667,0.2277491652,12.3,0.096,36.930064192,3.7,0.326,0.0040985394,0.004883366,,3.0,,,-20.0,7.0
2020-10-23,773,"-85.001,41.6442",18151,"Indiana, Steuben",0.281645569620253,5.14659110622795,0.0182732897704273,632,1.02031662238834,1.01340660894867,0.0126582278481013,8,0.0002313074654484,,1.00727070798132,0.45826567669046,1.00858166676125,0.2519,0.3728,0.467,0.0007228358295263,1769.32,7.6,18.8,103.9,5660.674836,0.1925401472,12.0,0.084,70.373382304,5.0,0.296,0.0067657434,0.0036430926,-6.0,0.0,,3.0,-10.0,5.0
2020-10-23,774,"-87.4141,39.0895",18153,"Indiana, Sullivan",0.176470588235294,3.76993716771387,0.0213629772837119,442,1.01619025264678,1.01340660894867,0.0316742081447964,14,0.0006766553890768,1.02226578920968,1.00727070798132,0.45826567669046,1.00858166676125,0.5669,0.1913,0.9357,0.00120831319478,1520.85,9.8,16.8,40.6,9866.0219528,0.2106520015,11.5,0.198,51.491160914,4.3,0.306,0.0465442243,0.0034316095,,,,,-8.0,
2020-10-23,775,"-85.0302,38.8277",18155,"Indiana, Switzerland",0.212765957446809,1.86619389754596,0.0087711113184659,94,1.02514624010445,1.01340660894867,0.0,0,0.0,,1.00727070798132,0.45826567669046,1.00858166676125,0.7455,0.1643,0.454,,1353.23,10.9,17.5,40.7,8918.9903158,0.2401962089,11.3,0.222,41.945522021,3.0,0.344,0.0118503312,0.0028926005,,,,,-15.0,
2020-10-23,776,"-86.8941,40.3887",18157,"Indiana, Tippecanoe",0.19875608436993,3.80734325141934,0.0191558576105425,3698,1.0157856132199,1.01340660894867,0.0043266630611141,16,8.28809415274958e-05,1.01925902092718,1.00727070798132,0.45826567669046,1.00858166676125,0.4815,0.7106,0.8424,0.0035172599560731,1862.94,7.9,10.9,403.2,6289.8563669,0.1911701405,10.9,0.075,277.20844785,5.0,0.325,0.0540798143,0.003957565,-15.0,-1.0,38.0,-29.0,-29.0,10.0
2020-10-23,777,"-86.0523,40.3112",18159,"Indiana, Tipton",0.1,1.85087255420412,0.0185087255420412,280,1.00953735046223,1.01340660894867,0.0928571428571429,26,0.0017186673717609,1.0,1.00727070798132,0.45826567669046,1.00858166676125,0.1904,0.2194,0.0452,0.0016525647805394,1617.91,7.3,19.8,53.6,7865.5189989,0.18771038,11.7,0.17,83.824657809,4.0,0.345,0.0057509254,0.0040322581,,,,,-27.0,
2020-10-23,778,"-84.925,39.6255",18161,"Indiana, Union",0.197080291970803,3.83686229927526,0.0194685235185448,137,1.02032631253863,1.01340660894867,0.0,0,0.0,,1.00727070798132,0.45826567669046,1.00858166676125,0.2994,0.2009,0.1869,,1353.22,9.6,18.1,34.3,10648.19463,0.2019506082,11.2,0.19,131.30183661,3.3,0.247,0.0082421486,0.0029842262,,,,,-12.0,
2020-10-23,779,"-87.5876,38.0266",18163,"Indiana, Vanderburgh",0.215214001039681,6.86286427884669,0.0318885585774752,5771,1.0158344407769,1.01340660894867,0.010396811644429,60,0.0003315393371423,1.03239118471,1.00727070798132,0.45826567669046,1.00858166676125,0.4471,0.4626,0.7096,0.005498027340944,1733.16,7.7,16.1,873.8,9070.9912216,0.2139977125,12.5,0.109,217.57561798,5.0,0.342,0.0955662139,0.0030059567,-14.0,-2.0,,,-21.0,5.0
2020-10-23,780,"-87.4616,39.8523",18165,"Indiana, Vermillion",0.388429752066116,6.0727437172944,0.0156340848892047,242,1.03831449627511,1.01340660894867,0.0041322314049586,1,6.46036565669617e-05,1.0,1.00727070798132,0.45826567669046,1.00858166676125,0.4672,0.0627,0.4817,0.001615091414174,1467.71,5.9,19.2,56.1,8722.0179078,0.1893321448,11.4,0.165,68.84236572,4.0,0.405,0.004328445,0.0038116157,,,,-1.0,-18.0,
2020-10-23,781,"-87.3917,39.4294",18167,"Indiana, Vigo",0.196784073506891,4.78647123461159,0.0243234686085709,2612,1.01651738838438,1.01340660894867,0.0149310872894334,39,0.0003631758329763,1.02866394605559,1.00727070798132,0.45826567669046,1.00858166676125,0.7207,0.4021,0.8421,0.0045536662134728,1428.97,7.4,15.5,283.4,9159.6235931,0.2207908895,11.3,0.116,252.78821057,5.0,0.346,0.0717225709,0.0038831878,-9.0,-2.0,,10.0,-20.0,5.0
2020-10-23,782,"-85.7933,40.847",18169,"Indiana, Wabash",0.276442307692308,3.67647058823529,0.0132992327365729,416,1.02540496228686,1.01340660894867,0.0216346153846154,9,0.0002877237851662,1.0,1.00727070798132,0.45826567669046,1.00858166676125,0.4143,0.1633,0.3543,0.0005754475703324,1526.49,8.0,20.0,74.8,9726.6167727,0.1964795149,12.3,0.131,80.614312114,4.0,0.345,0.0070332481,0.0072890026,-7.0,-7.0,,,-26.0,8.0
2020-10-23,783,"-87.356,40.3473",18171,"Indiana, Warren",0.379746835443038,3.6306426237444,0.0095606922425269,79,1.03762986999205,1.01340660894867,0.0126582278481013,1,0.0001210214207914,1.0,1.00727070798132,0.45826567669046,1.00858166676125,0.1895,0.0729,0.0204,0.0019363427326636,1932.53,5.4,19.7,17.7,6404.0084702,0.1856516311,10.9,0.13,6.779489502,3.0,0.342,0.0031465569,0.0030255355,,,,,-12.0,
2020-10-23,784,"-87.2716,38.0892",18173,"Indiana, Warrick",0.166235111341274,5.13050010388863,0.0308629149551681,1931,1.01202520819586,1.01340660894867,0.0346970481615743,67,0.001070852046606,1.01349289782927,1.00727070798132,0.45826567669046,1.00858166676125,0.0382,0.2601,0.1605,0.0021257212268448,2161.13,4.7,16.7,129.9,6390.5366923,0.1764583031,12.6,0.139,66.278750004,5.0,0.352,0.0159189349,0.0027970016,-6.0,-10.0,,,-19.0,6.0
2020-10-23,785,"-86.1049,38.6022",18175,"Indiana, Washington",0.205333333333333,2.75560963389758,0.0134201767884622,375,1.02200642956172,1.01340660894867,0.008,3,0.0001073614143076,1.05963402266705,1.00727070798132,0.45826567669046,1.00858166676125,0.6092,0.0293,0.2486,0.0008946784525641,1377.63,8.8,16.5,44.4,10650.114426,0.2123592748,11.5,0.146,79.256823041,4.0,0.406,0.0049386251,0.002326164,10.0,-1.0,,,-17.0,6.0
2020-10-23,786,"-85.0104,39.8633",18177,"Indiana, Wayne",0.241857659831122,6.08165493812182,0.0251455957291919,1658,1.0201402781184,1.01340660894867,0.0186972255729795,31,0.0004701528755156,1.08075443643069,1.00727070798132,0.45826567669046,1.00858166676125,0.5936,0.4495,0.6915,0.0033517350157728,1632.54,11.9,18.6,171.4,12125.795589,0.2125568275,11.5,0.17,161.37740018,5.0,0.375,0.0485319097,0.0036550595,-11.0,-15.0,,14.0,-16.0,5.0
2020-10-23,787,"-85.2213,40.7293",18179,"Indiana, Wells",0.275938189845475,4.43168120258101,0.0160604126781536,453,1.01648834936751,1.01340660894867,0.022075055187638,10,0.0003545344962064,1.05227402814137,1.00727070798132,0.45826567669046,1.00858166676125,0.1806,0.2028,0.1754,0.0028008225200312,1613.35,6.3,17.7,70.9,6640.5943618,0.1874026964,12.4,0.11,47.012716815,4.0,0.34,0.0068070623,0.0029071829,-17.0,6.0,,,-31.0,5.0
2020-10-23,788,"-86.8649,40.7491",18181,"Indiana, White",0.131623931623932,3.19065180458294,0.0242406663075457,585,1.01150029829051,1.01340660894867,0.0256410256410256,15,0.0006215555463473,1.0,1.00727070798132,0.45826567669046,1.00858166676125,0.2752,0.5743,0.0688,0.0010359259105788,1702.41,9.5,19.2,43.8,8097.7731626,0.179967948,11.7,0.136,113.56115966,4.0,0.288,0.0041851407,0.0072514814,12.0,,,,-24.0,7.0
2020-10-23,789,"-85.5079,41.1386",18183,"Indiana, Whitley",0.257142857142857,3.43370311674591,0.0133532898984563,455,1.02226578920968,1.01340660894867,0.0131868131868132,6,0.0001760873393203,1.0,1.00727070798132,0.45826567669046,1.00858166676125,0.0971,0.0544,0.0299,0.0008804366966015,1844.15,7.7,17.2,91.0,6247.7667693,0.1853336411,11.9,0.145,78.040266813,5.0,0.366,0.004255444,0.0043141398,-8.0,-11.0,,,-20.0,4.0
2020-10-23,790,"-94.4711,41.3308",19001,"Iowa, Adair",0.429530201342282,9.06130539430837,0.0210958516211242,149,1.04566904779179,1.01038641096523,0.0067114093959731,1,0.000141582896786,1.0,1.00824144413739,0.482892579396701,1.00777885561755,0.0936,0.0341,0.0554,0.0035395724196517,1622.39,4.4,22.0,11.6,6246.6173012,0.1558357139,8.7,0.12,445.65176978,3.0,0.315,0.0048138185,0.0025484921,,,,,-14.0,
2020-10-23,791,"-94.6993,41.029",19003,"Iowa, Adams",0.3,5.76131687242798,0.0192043895747599,70,1.02226578920968,1.01038641096523,0.0,0,0.0,,1.00824144413739,0.482892579396701,1.00777885561755,0.1513,0.0516,0.085,0.0060356652949245,1559.26,5.8,22.6,8.0,8619.8982875,0.1563671211,8.7,0.142,145.40439887,3.0,0.299,0.0032921811,0.00521262,,,,,,
2020-10-23,792,"-91.3786,43.2838",19005,"Iowa, Allamakee",0.173529411764706,4.26547137073453,0.0245806824754193,340,1.01755740090448,1.01038641096523,0.0235294117647059,8,0.0005783689994216,1.0,1.00824144413739,0.482892579396701,1.00777885561755,0.2449,0.5594,0.5333,0.0018074031231926,1678.48,7.6,21.8,19.1,5439.7050647,0.161872113,8.9,0.106,459.44362291,3.0,0.35,0.0167004049,0.0072296125,,,,,-5.0,
2020-10-23,793,"-92.8687,40.7432",19007,"Iowa, Appanoose",0.214285714285714,3.61823590898127,0.0168851009085792,210,1.01440033702014,1.01038641096523,0.0142857142857143,3,0.0002412157272654,1.0,1.00824144413739,0.482892579396701,1.00777885561755,0.4347,0.1305,0.4922,0.0036182359089812,1355.28,7.8,22.7,23.6,8090.0913914,0.1683979347,9.2,0.148,614.65651401,4.0,0.373,0.0070756613,0.0031358045,,,,,1.0,
2020-10-23,794,"-94.9058,41.6845",19009,"Iowa, Audubon",0.195652173913043,4.90374137304758,0.0250635670177988,138,1.01776053836399,1.01038641096523,0.0072463768115942,1,0.0001816200508536,1.0,1.00824144413739,0.482892579396701,1.00777885561755,0.192,0.0599,0.0159,0.0045405012713403,1624.78,5.2,24.4,11.4,12173.600115,0.1618663259,8.7,0.093,200.41481059,3.0,0.301,0.003632401,0.0025426807,,,,,,
2020-10-23,795,"-92.0646,42.0801",19011,"Iowa, Benton",0.29608938547486,6.2007643709539,0.0209422041962405,537,1.02363282999157,1.01038641096523,0.0018621973929236,1,3.89985180563139e-05,1.0,1.00824144413739,0.482892579396701,1.00777885561755,0.0494,0.1051,0.0318,0.0009749629514078,1924.36,2.2,17.7,27.0,6238.9563088,0.1493081275,9.9,0.115,216.88933946,3.3,0.356,0.0059667733,0.0030028859,,,,,-1.0,1.0
2020-10-23,796,"-92.3052,42.4705",19013,"Iowa, Black Hawk",0.10940138862826,4.40305721708658,0.0402468128813969,5329,1.00885723640151,1.01038641096523,0.018389941827735,98,0.0007401365476406,1.00294995503671,1.00824144413739,0.482892579396701,1.00777885561755,0.3366,0.6616,0.6663,0.0034665579119086,1744.4,5.0,15.5,252.1,7269.5369682,0.1826605746,9.4,0.105,1436.2700776,5.0,0.306,0.0947676878,0.0038668358,-5.0,1.0,,-7.0,-21.0,7.0
2020-10-23,797,"-93.9314,42.0366",19015,"Iowa, Boone",0.157514450867052,4.1372504364989,0.0262658468078646,692,1.01212830027152,1.01038641096523,0.0130057803468208,9,0.0003416078342063,1.01696850489722,1.00824144413739,0.482892579396701,1.00777885561755,0.0672,0.2397,0.3598,0.0015941698929628,1840.55,2.8,17.3,41.5,4866.6458034,0.1603667247,9.1,0.094,189.71690873,4.0,0.358,0.0115387535,0.0046686404,,,,,-16.0,6.0
2020-10-23,798,"-92.318,42.7746",19017,"Iowa, Bremer",0.156398104265403,3.96841303563555,0.0253737924399727,633,1.01132920552765,1.01038641096523,0.014218009478673,9,0.0003607648214214,1.03655432261531,1.00824144413739,0.482892579396701,1.00777885561755,0.0341,0.1783,0.1678,0.0020042490078967,2213.62,2.6,19.2,56.2,4212.1518842,0.1406659869,9.3,0.082,616.25746246,4.3,0.327,0.0116246442,0.0014831443,-7.0,,,,-14.0,6.0
2020-10-23,799,"-91.8351,42.4709",19019,"Iowa, Buchanan",0.203389830508475,3.96245105901222,0.0194820510401434,413,1.01661722027188,1.01038641096523,0.009685230024213,4,0.0001886881456672,1.04195362743721,1.00824144413739,0.482892579396701,1.00777885561755,0.0659,0.0357,0.1277,0.0056606443700174,1928.33,5.1,17.3,32.3,5929.8596422,0.1615845209,9.7,0.087,289.26055564,3.3,0.327,0.0049530638,0.002594462,,,,,2.0,
2020-10-23,800,"-95.151,42.7355",19021,"Iowa, Buena Vista",0.0514440433212996,5.73613766730402,0.111502465532857,2216,1.00326555180722,1.01038641096523,0.0054151624548736,12,0.0006038039649793,1.0,1.00824144413739,0.482892579396701,1.00777885561755,0.5806,0.9312,0.7052,0.0017610948978565,1745.1,8.9,14.4,37.0,4529.835715,0.1487408803,8.7,0.093,512.04984267,4.0,0.337,0.0302908322,0.0061889906,-4.0,,,,-9.0,1.0
2020-10-23,801,"-92.7902,42.7317",19023,"Iowa, Butler",0.138810198300283,3.37024554646124,0.0242795240387922,353,1.0101093730784,1.01038641096523,0.0056657223796034,2,0.0001375610427127,1.0,1.00824144413739,0.482892579396701,1.00777885561755,0.1201,0.0605,0.0372,,1738.33,3.3,22.1,20.4,6749.7790061,0.1507033054,9.1,0.111,198.84775446,3.0,0.333,0.0026136598,0.0018570741,,,,,-9.0,
2020-10-23,802,"-94.6405,42.3852",19025,"Iowa, Calhoun",0.170818505338078,4.94896381070213,0.0289720589751521,281,1.01742169977803,1.01038641096523,0.0142348754448399,4,0.0004124136508918,1.04195362743721,1.00824144413739,0.482892579396701,1.00777885561755,0.1726,0.0831,0.3107,0.002577585318074,1636.94,3.5,22.7,14.8,7106.2924073,0.1655135612,8.8,0.109,147.50986759,3.0,0.36,0.0233013713,0.0042272399,,,,,-15.0,
2020-10-23,803,"-94.8603,42.0362",19027,"Iowa, Carroll",0.230769230769231,12.206013694552,0.0528927260097251,1066,1.01552865186695,1.01038641096523,0.0093808630393996,10,0.0004961794184777,1.05227402814137,1.00824144413739,0.482892579396701,1.00777885561755,0.0554,0.0465,0.1181,0.0057556812543415,1744.04,2.0,19.4,38.6,6280.3950235,0.1526125086,8.9,0.101,416.50088135,5.0,0.339,0.0114121266,0.0032251662,-7.0,,,,-16.0,
2020-10-23,804,"-94.9279,41.3315",19029,"Iowa, Cass",0.414285714285714,11.2142304717711,0.0270688321732405,350,1.04453065733968,1.01038641096523,0.0057142857142857,2,0.0001546790409899,1.0,1.00824144413739,0.482892579396701,1.00777885561755,0.2701,0.2999,0.1799,0.0025522041763341,1507.44,4.4,22.1,24.2,8186.9391721,0.1726604253,8.7,0.096,633.74256723,3.3,0.337,0.0042536736,0.0044856922,,,,,-9.0,
2020-10-23,805,"-91.1325,41.7723",19031,"Iowa, Cedar",0.300480769230769,6.7106887850969,0.0223331722768025,416,1.03726820435674,1.01038641096523,0.0120192307692308,5,0.0002684275514038,1.0,1.00824144413739,0.482892579396701,1.00777885561755,0.0239,0.1611,0.0344,,1982.56,2.2,18.8,25.7,4150.8341691,0.1407698079,10.4,0.054,416.50237687,3.3,0.347,0.0060664627,0.0020937349,,,,24.0,-10.0,3.0
2020-10-23,806,"-93.2612,43.0818",19033,"Iowa, Cerro Gordo",0.0995334370139969,3.00138345018407,0.0301545243510681,1286,1.00933718762756,1.01038641096523,0.0178849144634526,23,0.0005393110887049,1.0,1.00824144413739,0.482892579396701,1.00777885561755,0.1535,0.3187,0.4454,0.0137407086078739,1742.61,4.9,20.6,82.0,8052.5269385,0.1634573336,8.6,0.109,1110.2943782,4.3,0.3,0.0179379558,0.0035406945,-4.0,22.0,,0.0,-17.0,5.0
2020-10-23,807,"-95.6239,42.7354",19035,"Iowa, Cherokee",0.160949868073879,5.38821658864058,0.0334776079851603,379,1.01351795064573,1.01038641096523,0.0052770448548812,2,0.0001766628389718,1.0,1.00824144413739,0.482892579396701,1.00777885561755,0.065,0.2311,0.3075,0.0073315078173306,1799.33,4.1,23.1,19.4,6016.8068393,0.1651348561,8.6,0.138,312.13360624,3.0,0.351,0.0105997703,0.0043282396,,,,,-19.0,
2020-10-23,808,"-92.3177,43.06",19037,"Iowa, Chickasaw",0.113095238095238,3.17619525242394,0.0280842527582748,336,1.01018118910533,1.01038641096523,0.0029761904761904,1,8.35840855901036e-05,1.0,1.00824144413739,0.482892579396701,1.00777885561755,0.0682,0.3566,0.0525,0.0015045135406218,1621.87,6.0,19.8,21.6,6642.3881856,0.1579149767,8.8,0.085,364.7941414,3.0,0.302,0.0061852223,0.0015045135,,,,,-2.0,
2020-10-23,809,"-93.785,41.0287",19039,"Iowa, Clarke",0.144615384615385,4.98779581874138,0.0344900774700202,325,1.01295361530883,1.01038641096523,0.0092307692307692,3,0.0003183699458771,1.0,1.00824144413739,0.482892579396701,1.00777885561755,0.351,0.6495,0.5762,0.0026530828823092,1601.48,6.4,17.6,22.4,9780.3395054,0.1717942668,8.9,0.117,667.48729928,3.3,0.366,0.0110368248,0.0105062082,,,,11.0,-9.0,
2020-10-23,810,"-95.151,43.0825",19041,"Iowa, Clay",0.197211155378486,6.13611007809595,0.031114416759638,502,1.01414231250877,1.01038641096523,0.0079681274900398,4,0.000247923639519,1.0,1.00824144413739,0.482892579396701,1.00777885561755,0.2029,0.4508,0.4358,0.0061361100780959,1639.31,3.8,20.2,30.5,5020.9872314,0.1586448089,8.2,0.117,785.31603972,3.7,0.35,0.008243461,0.0030990455,-1.0,,,,-7.0,2.0
2020-10-23,811,"-91.3413,42.8444",19043,"Iowa, Clayton",0.173076923076923,3.58851674641148,0.0207336523125997,364,1.0149883959768,1.01038641096523,0.0082417582417582,3,0.0001708817498291,1.0,1.00824144413739,0.482892579396701,1.00777885561755,0.1318,0.2471,0.3881,0.0028480291638186,1608.25,5.9,22.4,21.3,5476.5265907,0.1544672524,9.4,0.071,253.0190862,3.0,0.36,0.0084301663,0.0019936204,,,,,-1.0,
2020-10-23,812,"-90.5328,41.8998",19045,"Iowa, Clinton",0.112787356321839,3.37503761984608,0.0299239004256417,1392,1.00871121293704,1.01038641096523,0.0186781609195402,26,0.0005589234274904,1.00561868495366,1.00824144413739,0.482892579396701,1.00777885561755,0.2857,0.2034,0.3219,0.0056967195494217,1696.88,3.7,19.1,67.8,7149.661324,0.1712542119,10.4,0.119,594.10146253,4.0,0.333,0.0287415624,0.0039769552,-8.0,19.0,,,-14.0,5.0
2020-10-23,813,"-95.382,42.0372",19047,"Iowa, Crawford",0.106495468277946,8.21774099545402,0.0771651707658235,1324,1.00630630958917,1.01038641096523,0.0090634441087613,12,0.000699382212379,1.0,1.00824144413739,0.482892579396701,1.00777885561755,0.6796,0.9016,0.8583,0.0014570462757897,1689.94,8.7,16.9,23.7,6488.2081675,0.1688016169,8.8,0.124,512.28956403,4.0,0.333,0.0348525469,0.0128802891,,,,,-18.0,
2020-10-23,814,"-94.0413,41.6856",19049,"Iowa, Dallas",0.106833780960907,3.96983810157463,0.0371590153027279,3351,1.00687851462107,1.01038641096523,0.0131304088331841,44,0.0004879130627633,1.0066678482933,1.00824144413739,0.482892579396701,1.00777885561755,0.0038,0.6036,0.1595,0.0002772233311155,3087.1,3.1,11.5,137.5,4248.4854633,0.1349425842,9.2,0.079,1562.12486,5.0,0.286,0.0226546906,0.0034375693,7.0,-9.0,,,-27.0,11.0
2020-10-23,815,"-92.4101,40.7477",19051,"Iowa, Davis",0.148148148148148,2.66163912609515,0.0179660641011423,162,1.01105509534937,1.01038641096523,0.0246913580246914,4,0.0004436065210158,1.0,1.00824144413739,0.482892579396701,1.00777885561755,0.4032,0.2289,0.5918,0.0027725407563491,1802.36,26.4,17.5,16.0,6502.706719,0.1660797803,9.4,0.13,185.13998719,3.0,0.256,0.0019962293,0.0031052456,,,,,-8.0,
2020-10-23,816,"-93.7865,40.7374",19053,"Iowa, Decatur",0.357142857142857,6.33713561470215,0.017743979721166,140,1.03239118471,1.01038641096523,0.0,0,0.0,,1.00824144413739,0.482892579396701,1.00777885561755,0.6108,0.3085,0.9542,0.003168567807351,1342.66,9.3,19.1,14.4,8830.4245375,0.181775738,9.0,0.182,318.60992708,3.0,0.404,0.0187579214,0.0046894804,,,,,,
2020-10-23,817,"-91.3664,42.471",19055,"Iowa, Delaware",0.251738525730181,10.6040189817798,0.0421231472259652,719,1.02186020839913,1.01038641096523,0.0125173852573018,9,0.0005272716620774,1.01696850489722,1.00824144413739,0.482892579396701,1.00777885561755,0.0879,0.0293,0.0996,0.0014646435057707,1866.16,3.0,18.8,28.8,4707.8290127,0.1567232177,9.5,0.091,341.45940825,4.0,0.328,0.0088464468,0.001581815,,,,,-9.0,1.0
2020-10-23,818,"-91.1833,40.9201",19057,"Iowa, Des Moines",0.26299456943367,8.66165874597578,0.0329347437273238,1289,1.02437912478515,1.01038641096523,0.0069821567106283,9,0.0002299555419285,1.0,1.00824144413739,0.482892579396701,1.00777885561755,0.3822,0.3365,0.3964,0.0054422811589759,1582.88,4.9,19.7,99.9,7233.2354424,0.1869060142,10.7,0.128,672.92420594,5.0,0.369,0.059047473,0.0035004344,0.0,,,,-10.0,5.0
2020-10-23,819,"-95.151,43.3779",19059,"Iowa, Dickinson",0.13943661971831,5.7715851454556,0.0413921762956917,710,1.0107056765177,1.01038641096523,0.0098591549295774,7,0.0004080918789716,1.0,1.00824144413739,0.482892579396701,1.00777885561755,0.0111,0.1929,0.263,0.0028566431528012,2099.04,4.1,24.9,44.1,5419.4755938,0.1524827327,8.0,0.118,867.50515814,4.0,0.277,0.0045473095,0.0022153559,4.0,,,,-3.0,4.0
2020-10-23,820,"-90.8818,42.4682",19061,"Iowa, Dubuque",0.194874974168217,9.73630412786256,0.0499617981704421,4839,1.01506881408831,1.01038641096523,0.0111593304401736,54,0.0005575402151692,1.01105509534937,1.00824144413739,0.482892579396701,1.00777885561755,0.1834,0.3171,0.5352,0.0048526648357321,2095.42,3.8,16.9,174.5,5401.0118704,0.1640368904,10.1,0.071,1262.5026743,5.0,0.335,0.0339996283,0.0029838726,-9.0,33.0,9.0,-52.0,-21.0,7.0
2020-10-23,821,"-94.6786,43.3778",19063,"Iowa, Emmet",0.23728813559322,10.5911596239058,0.0446341727007457,413,1.01701248381576,1.01038641096523,0.0411622276029056,17,0.0018372419755754,1.02812481341586,1.00824144413739,0.482892579396701,1.00777885561755,0.2096,0.6046,0.5374,0.0027018264346698,1660.58,6.4,20.1,22.8,6951.9306089,0.1797383965,8.0,0.065,564.60935517,3.0,0.401,0.0118880363,0.0157786664,,,,,-11.0,
2020-10-23,822,"-91.8441,42.8627",19065,"Iowa, Fayette",0.232758620689655,4.12004069175992,0.0177009155645982,348,1.01665578383645,1.01038641096523,0.0086206896551724,3,0.0001525940996948,1.05963402266705,1.00824144413739,0.482892579396701,1.00777885561755,0.2252,0.2592,0.2155,0.0025432349949135,1588.33,5.0,21.1,26.2,6505.7815771,0.1591084956,9.4,0.129,359.84091873,3.3,0.339,0.0136826043,0.0027466938,,,,,-8.0,1.0
2020-10-23,823,"-92.7894,43.06",19067,"Iowa, Floyd",0.0805687203791469,2.15722352642599,0.0267749508279931,422,1.00624663450481,1.01038641096523,0.0260663507109005,11,0.0006979252585495,1.0,1.00824144413739,0.482892579396701,1.00777885561755,0.3277,0.3585,0.3206,0.0015861937694308,1662.37,8.5,21.2,29.4,5975.6138791,0.1594732546,8.6,0.086,318.48113065,3.0,0.407,0.0267749508,0.0033627308,,,,9.0,-9.0,
2020-10-23,824,"-93.2626,42.7327",19069,"Iowa, Franklin",0.0426666666666667,1.58040300276571,0.0370406953773212,375,1.00426222302105,1.01038641096523,0.048,18,0.0017779533781114,1.0,1.00824144413739,0.482892579396701,1.00777885561755,0.2936,0.5336,0.0252,0.0024693796918214,1543.06,5.9,20.6,17.9,6497.0878785,0.1670181748,8.8,0.156,443.17739523,3.0,0.451,0.0066179376,0.0064203872,,,,,-4.0,
2020-10-23,825,"-95.6013,40.7454",19071,"Iowa, Fremont",0.151351351351351,4.004004004004,0.0264550264550265,185,1.01300629990847,1.01038641096523,0.0054054054054054,1,0.0001430001430001,,1.00824144413739,0.482892579396701,1.00777885561755,0.1382,0.0675,0.0821,0.0035750035750035,1780.51,4.6,22.0,12.8,9445.6049809,0.1557927173,9.1,0.101,184.65058116,3.0,0.327,0.007007007,0.0038610039,,,,37.0,-4.0,
2020-10-23,826,"-94.3966,42.0361",19073,"Iowa, Greene",0.208791208791209,4.23115465983743,0.0202650038971161,182,1.02133306184208,1.01038641096523,0.0,0,0.0,,1.00824144413739,0.482892579396701,1.00777885561755,0.2105,0.2614,0.1449,0.002783654381472,1737.3,2.4,21.5,15.2,7000.686291,0.1484569469,8.8,0.191,272.64653308,3.0,0.412,0.004453847,0.0052332702,,,,,-17.0,
2020-10-23,827,"-92.7883,42.4018",19075,"Iowa, Grundy",0.132404181184669,3.08842652795839,0.0233257477243173,287,1.01255359790242,1.01038641096523,0.0174216027874564,5,0.0004063719115734,1.03239118471,1.00824144413739,0.482892579396701,1.00777885561755,0.0086,0.0589,0.006,0.0065019505851755,2213.29,2.0,20.2,20.4,5868.8697123,0.1352354215,9.3,0.089,445.69276756,3.3,0.311,0.0046326398,0.0013003901,,,,,-14.0,
2020-10-23,828,"-94.5011,41.6838",19077,"Iowa, Guthrie",0.165775401069519,5.78358208955224,0.0348880597014925,374,1.00951968998993,1.01038641096523,0.0401069518716578,15,0.0013992537313432,1.00990485606307,1.00824144413739,0.482892579396701,1.00777885561755,0.1592,0.2461,0.0557,0.0023320895522388,1955.23,3.6,21.9,15.6,4582.0210377,0.1506224817,8.8,0.075,243.2651194,3.3,0.336,0.0055970149,0.0037313433,,,,,-18.0,
2020-10-23,829,"-93.702,42.3838",19079,"Iowa, Hamilton",0.204347826086957,6.28678437667202,0.030765115034778,460,1.01308078292908,1.01038641096523,0.0065217391304347,3,0.0002006420545746,1.0,1.00824144413739,0.482892579396701,1.00777885561755,0.1169,0.4951,0.1321,0.0016720171214553,1711.07,3.0,19.7,24.8,6341.3695702,0.1511320121,9.1,0.122,218.15960753,3.3,0.331,0.0115034778,0.005082932,,,,5.0,-11.0,
2020-10-23,830,"-93.7345,43.0818",19081,"Iowa, Hancock",0.222222222222222,6.1613144137416,0.0277259148618372,297,1.0220201702704,1.01038641096523,0.0134680134680135,4,0.0003734129947722,1.0,1.00824144413739,0.482892579396701,1.00777885561755,0.0586,0.3216,0.1162,0.0023338312173263,1731.93,3.5,21.5,19.1,4334.9535543,0.1449835624,8.4,0.063,118.92993441,3.3,0.341,0.0084017924,0.0028939507,,,,,-8.0,
2020-10-23,831,"-93.2365,42.3835",19083,"Iowa, Hardin",0.255605381165919,6.75835902300213,0.0264405975812189,446,1.01387130965451,1.01038641096523,0.0112107623318386,5,0.0002964192553948,1.0,1.00824144413739,0.482892579396701,1.00777885561755,0.1061,0.3585,0.2894,0.0020749347877638,1711.48,3.8,21.1,29.6,5553.8198767,0.1537066521,9.2,0.128,278.38785816,3.3,0.421,0.0148209628,0.0042091534,,,,,-4.0,
2020-10-23,832,"-95.8156,41.6833",19085,"Iowa, Harrison",0.400656814449918,17.2633366350644,0.0430875902080091,609,1.02480880180145,1.01038641096523,0.013136288998358,8,0.0005660110372152,1.04195362743721,1.00824144413739,0.482892579396701,1.00777885561755,0.1064,0.0341,0.135,0.0017687844912975,1695.13,3.9,19.1,16.9,5895.7833198,0.1570679112,8.9,0.151,247.55035055,4.0,0.398,0.0040328286,0.003537569,,,,,-18.0,
2020-10-23,833,"-91.5444,40.9877",19087,"Iowa, Henry",0.137040714995035,6.87696217670803,0.050181890666268,1007,1.01003796192962,1.01038641096523,0.0049652432969215,5,0.0002491652962575,1.0,1.00824144413739,0.482892579396701,1.00777885561755,0.2847,0.4518,0.2528,0.0075746250062291,1667.51,3.2,18.1,44.6,5667.4966336,0.1650683127,10.3,0.069,79.401129429,4.3,0.348,0.0264613545,0.0038371456,18.0,,,12.0,-7.0,1.0
2020-10-23,834,"-92.317,43.3567",19089,"Iowa, Howard",0.212355212355212,5.98672036573419,0.0281920104495483,259,1.0196612226696,1.01038641096523,0.0347490347490347,9,0.0009796451507565,1.01696850489722,1.00824144413739,0.482892579396701,1.00777885561755,0.2099,0.0627,0.2066,0.0020681397627081,1538.81,6.0,20.3,18.8,5608.0737525,0.1600438092,8.3,0.077,171.65648806,3.0,0.316,0.005660172,0.0020681398,,,,,-10.0,
2020-10-23,835,"-94.2072,42.7764",19091,"Iowa, Humboldt",0.259016393442623,8.27485073845187,0.0319472085471876,305,1.01864668901105,1.01038641096523,0.0098360655737704,3,0.000314234838169,1.0,1.00824144413739,0.482892579396701,1.00777885561755,0.1882,0.4104,0.0825,0.0051325023567612,1714.42,3.8,20.5,20.8,7084.6607579,0.164724998,8.6,0.068,364.14205388,3.0,0.296,0.0059704619,0.0034565832,,,,,-13.0,
2020-10-23,836,"-95.5136,42.387",19093,"Iowa, Ida",0.153005464480874,4.09296886420114,0.0267504750767432,183,1.00973603209634,1.01038641096523,0.0109289617486339,2,0.0002923549188715,1.0,1.00824144413739,0.482892579396701,1.00777885561755,0.121,0.0201,0.1649,0.0036544364858938,1748.93,3.5,21.9,17.4,5606.7038843,0.1576016834,8.6,0.079,200.21415042,3.0,0.303,0.0042391463,0.003508259,,,,,-3.0,
2020-10-23,837,"-92.0643,41.6863",19095,"Iowa, Iowa",0.266149870801034,6.38126510129484,0.0239762096524379,387,1.01118952629829,1.01038641096523,0.020671834625323,8,0.0004956322408772,1.21901365420448,1.00824144413739,0.482892579396701,1.00777885561755,0.0354,0.1334,0.1347,0.0015488507527414,1873.16,3.7,18.1,28.0,5939.1394811,0.1475638952,9.9,0.097,272.8644018,4.0,0.315,0.0059475869,0.0026020693,,,,,3.0,
2020-10-23,838,"-90.5735,42.1718",19097,"Iowa, Jackson",0.236889692585895,6.74145738987238,0.0284582132564841,553,1.02319343817051,1.01038641096523,0.0054249547920434,3,0.0001543845203787,1.0,1.00824144413739,0.482892579396701,1.00777885561755,0.2334,0.022,0.164,0.0012865376698229,1696.04,4.4,20.2,25.8,6397.6442656,0.1542974307,10.2,0.067,580.75103834,3.3,0.311,0.0061753808,0.0032935364,,,,,-10.0,
2020-10-23,839,"-93.0557,41.6858",19099,"Iowa, Jasper",0.0970220941402498,2.71892750423991,0.0280237973456807,1041,1.00691148358077,1.01038641096523,0.0326609029779059,34,0.0009152825261797,,1.00824144413739,0.482892579396701,1.00777885561755,0.2213,0.1433,0.5629,0.0018305650523595,1776.12,3.0,18.8,42.8,6820.8811006,0.1529806664,9.4,0.14,629.86386796,4.3,0.361,0.022101381,0.0037418903,8.0,,,27.0,-19.0,1.0
2020-10-23,840,"-91.9485,41.0319",19101,"Iowa, Jefferson",0.232227488151659,2.66579620260051,0.0114792448724226,211,1.02377425355941,1.01038641096523,0.004739336492891,1,5.44040041347043e-05,1.0,1.00824144413739,0.482892579396701,1.00777885561755,0.4516,0.7434,0.689,0.0013601001033676,1559.04,4.6,20.2,41.6,5550.4685359,0.1529131563,9.9,0.077,289.33354112,4.0,0.282,0.0245362059,0.0031554322,,,,,-18.0,
2020-10-23,841,"-91.5875,41.6717",19103,"Iowa, Johnson",0.0591124364146641,2.22795187095068,0.0376900700780114,5701,1.00404905416015,1.01038641096523,0.0052622346956674,30,0.0001983339944466,1.0,1.00824144413739,0.482892579396701,1.00777885561755,0.201,0.7494,0.8593,0.009758032526775,2165.77,5.6,10.8,262.7,4657.7510967,0.1452809202,9.3,0.06,1571.5658157,5.0,0.264,0.0702697342,0.0037154568,-9.0,-9.0,17.0,,-16.0,9.0
2020-10-23,842,"-91.1314,42.1212",19105,"Iowa, Jones",0.216152019002375,4.38681064404165,0.0202950250674894,421,1.01861831746887,1.01038641096523,0.007125890736342,3,0.0001446201311222,1.0,1.00824144413739,0.482892579396701,1.00777885561755,0.1889,0.3356,0.5033,0.0010605476282298,1786.17,3.1,19.6,30.5,5330.2216538,0.1530139111,10.0,0.077,345.39318365,3.3,0.376,0.0270439645,0.0039529503,17.0,,,,-13.0,2.0
2020-10-23,843,"-92.1785,41.3365",19107,"Iowa, Keokuk",0.148648648648649,2.15158924205379,0.0144743276283619,148,1.01429731037187,1.01038641096523,0.0067567567567567,1,9.7799511002445e-05,1.0,1.00824144413739,0.482892579396701,1.00777885561755,0.2357,0.0318,0.0111,0.0024449877750611,1575.33,2.8,21.2,14.5,6803.9467863,0.1532663947,9.8,0.065,278.82188875,3.0,0.366,0.0061613692,0.0021515892,,,,,5.0,
2020-10-23,844,"-94.2069,43.2041",19109,"Iowa, Kossuth",0.223713646532438,6.70780788838208,0.0299839012610679,447,1.01672497790052,1.01038641096523,0.0,0,0.0,,1.00824144413739,0.482892579396701,1.00777885561755,0.0901,0.1827,0.0968,0.0016769519720955,1766.23,4.9,22.7,15.8,4352.4050297,0.1534502753,8.3,0.086,288.93270111,3.0,0.359,0.0103300241,0.0039576067,,,,,-10.0,
2020-10-23,845,"-91.4818,40.6418",19111,"Iowa, Lee",0.179401993355482,4.75701071795625,0.0265159301130524,903,1.01564806945825,1.01038641096523,0.0110741971207087,10,0.0002936426369108,1.01516534655549,1.00824144413739,0.482892579396701,1.00777885561755,0.5099,0.2127,0.5568,0.0035530759066216,1480.3,3.8,19.6,67.7,8800.8891717,0.181419681,10.7,0.132,379.05668425,4.0,0.403,0.0304801057,0.0032007047,6.0,-3.0,,,-10.0,4.0
2020-10-23,846,"-91.5981,42.0792",19113,"Iowa, Linn",0.130952380952381,3.01891469574032,0.0230535304038352,5208,1.01091207108207,1.01038641096523,0.0245775729646697,128,0.0005665998255934,1.00688203298065,1.00824144413739,0.482892579396701,1.00777885561755,0.0538,0.5209,0.3938,0.0044000017706244,2117.77,3.7,15.2,336.3,5946.4007177,0.1637223578,9.7,0.093,2691.5221226,5.0,0.344,0.057200023,0.0027046289,3.0,20.0,20.0,-29.0,-20.0,6.0
2020-10-23,847,"-91.261,41.2184",19115,"Iowa, Louisa",0.099403578528827,4.476676515355,0.0450353657444713,503,1.00791290224179,1.01038641096523,0.0298210735586481,15,0.0013430029546065,1.0,1.00824144413739,0.482892579396701,1.00777885561755,0.4809,0.8176,0.3438,,1579.75,5.1,17.4,23.6,8511.7850645,0.1619452862,10.5,0.089,220.20861428,3.0,0.372,0.008953353,0.0046557436,,,,,-9.0,
2020-10-23,848,"-93.3278,41.0296",19117,"Iowa, Lucas",0.15979381443299,3.58588779641411,0.0224407171775593,194,1.01237228389728,1.01038641096523,0.0309278350515464,6,0.0006940427993059,1.0,1.00824144413739,0.482892579396701,1.00777885561755,0.2503,0.3025,0.248,0.0028918449971081,1633.34,5.2,21.1,19.5,6801.795399,0.1531348121,9.0,0.176,262.73993719,3.0,0.315,0.003470214,0.0030075188,,,,,3.0,
2020-10-23,849,"-96.2093,43.3811",19119,"Iowa, Lyon",0.132827324478178,5.92667852002371,0.0446194225721785,527,1.00928066235984,1.01038641096523,0.0132827324478178,7,0.0005926678520023,1.04924143725562,1.00824144413739,0.482892579396701,1.00777885561755,0.0981,0.2537,0.0398,0.0021166709000084,1654.61,4.5,17.6,18.0,5667.5806105,0.1431767652,8.3,0.157,243.43241315,3.0,0.39,0.0032173398,0.0032173398,,,,,-12.0,
2020-10-23,850,"-94.0155,41.3308",19121,"Iowa, Madison",0.196531791907514,4.18487291525632,0.0212936180688042,346,1.01032251757955,1.01038641096523,0.0057803468208092,2,0.0001230844975075,1.0,1.00824144413739,0.482892579396701,1.00777885561755,0.0471,0.2044,0.0248,0.0015385562188442,2097.29,3.3,16.4,22.9,5728.5615989,0.1464095681,8.8,0.117,35.151389397,3.3,0.368,0.0052926334,0.0039387039,,,,,-16.0,
2020-10-23,851,"-92.6408,41.3352",19123,"Iowa, Mahaska",0.270897832817337,7.95454545454545,0.0293636363636364,646,1.01958142854051,1.01038641096523,0.0371517027863777,24,0.001090909090909,1.01250777270301,1.00824144413739,0.482892579396701,1.00777885561755,0.3962,0.3216,0.5989,0.0015,1563.11,4.4,17.8,35.3,6169.0980303,0.1683974953,9.6,0.124,918.35753486,4.0,0.332,0.0166818182,0.0044090909,15.0,,,,-17.0,-1.0
2020-10-23,852,"-93.0993,41.3345",19125,"Iowa, Marion",0.127100840336134,3.62199539018769,0.0284970215823031,952,1.01015407087517,1.01038641096523,0.0105042016806723,10,0.0002993384619989,1.0,1.00824144413739,0.482892579396701,1.00777885561755,0.1134,0.155,0.589,0.0014966923099949,1854.19,3.3,17.3,61.6,5992.778131,0.1502656275,9.4,0.105,100.34352932,5.0,0.337,0.0083814769,0.0023647738,21.0,,,,-14.0,-1.0
2020-10-23,853,"-92.9991,42.0359",19127,"Iowa, Marshall",0.0538461538461538,2.62624746754708,0.0487731672544459,1950,1.00493100277906,1.01038641096523,0.0184615384615385,36,0.000900427703159,1.0,1.00824144413739,0.482892579396701,1.00777885561755,0.4717,0.8711,0.7415,0.0031264850804132,1689.55,5.9,17.3,71.3,6505.5383815,0.1481655072,9.3,0.117,708.02226817,3.7,0.346,0.0199594808,0.0088291939,7.0,14.0,,,-18.0,2.0
2020-10-23,854,"-95.6192,41.033",19129,"Iowa, Mills",0.30225988700565,7.10349863904933,0.0235012945628361,354,1.02055835133204,1.01038641096523,0.0028248587570621,1,6.63878377481245e-05,1.0,1.00824144413739,0.482892579396701,1.00777885561755,0.0755,0.2143,0.1789,0.056496049923654,1984.24,4.1,17.3,28.3,6540.584979,0.1445234971,9.1,0.067,125.88304535,4.0,0.328,0.0065060081,0.0067715595,,,,,-23.0,
2020-10-23,855,"-92.7889,43.3564",19131,"Iowa, Mitchell",0.135593220338983,3.02772258491816,0.0223294540637714,236,1.01612486354275,1.01038641096523,0.0,0,0.0,,1.00824144413739,0.482892579396701,1.00777885561755,0.1841,0.1003,0.0917,0.0023654082694673,1746.44,6.0,21.5,22.2,5127.3487216,0.1515231369,8.2,0.079,292.7030088,3.0,0.32,0.0060554452,0.0019869429,,,,,-11.0,
2020-10-23,856,"-95.9574,42.0522",19133,"Iowa, Monona",0.213675213675214,5.76103237700196,0.0269616315243692,234,1.01489019663141,1.01038641096523,0.0042735042735042,1,0.00011522064754,1.0,1.00824144413739,0.482892579396701,1.00777885561755,0.2774,0.0729,0.2003,0.0028805161885009,1484.21,4.9,24.3,11.3,8373.2514436,0.1676559138,8.8,0.146,275.21946474,3.0,0.379,0.0057610324,0.0137112571,,,,,-15.0,
2020-10-23,857,"-92.8691,41.0299",19135,"Iowa, Monroe",0.308,9.88446726572529,0.0320924261874198,250,1.01581153814768,1.01038641096523,0.044,11,0.0014120667522464,1.0,1.00824144413739,0.482892579396701,1.00777885561755,0.4592,0.1484,0.2159,0.0032092426187419,1523.4,4.0,19.1,17.8,7985.0753901,0.1753252183,9.3,0.126,590.32544047,3.0,0.335,0.0066752246,0.0024390244,,,,,-13.0,
2020-10-23,858,"-95.1564,41.0302",19137,"Iowa, Montgomery",0.267080745341615,4.29871038688393,0.0160951714485654,161,1.02016664537273,1.01038641096523,0.031055900621118,5,0.0004998500449865,1.0,1.00824144413739,0.482892579396701,1.00777885561755,0.4965,0.3356,0.2916,0.0024992502249325,1465.97,3.5,20.7,24.7,8001.4706338,0.1745132594,8.5,0.139,276.3746757,3.7,0.261,0.0052984105,0.0053983805,,,,,-13.0,
2020-10-23,859,"-91.1122,41.4837",19139,"Iowa, Muscatine",0.139551699204628,4.49579538307438,0.0322159845326003,1383,1.01339511155861,1.01038641096523,0.0419378163412871,58,0.0013510680425819,1.00248762368712,1.00824144413739,0.482892579396701,1.00777885561755,0.2522,0.7705,0.3642,0.0011181252766195,1811.51,3.8,15.8,99.8,5965.9996387,0.1529947467,11.2,0.082,577.52205877,4.3,0.365,0.0252044073,0.00724452,-12.0,,,,-23.0,7.0
2020-10-23,860,"-95.6247,43.0831",19141,"Iowa, O'Brien",0.20265780730897,8.8150289017341,0.0434971098265896,602,1.01564806945825,1.01038641096523,0.0232558139534884,14,0.0010115606936416,1.06515354727199,1.00824144413739,0.482892579396701,1.00777885561755,0.1016,0.3375,0.5355,0.0036127167630057,1845.43,3.9,20.6,24.0,5596.7322754,0.1516717542,8.5,0.086,390.69118113,3.0,0.285,0.0094653179,0.0036849711,,,,,-15.0,
2020-10-23,861,"-95.6242,43.3782",19143,"Iowa, Osceola",0.244186046511628,10.4304635761589,0.0427152317880795,258,1.01342851637112,1.01038641096523,0.0,0,0.0,,1.00824144413739,0.482892579396701,1.00777885561755,0.242,0.6129,0.1926,0.0041390728476821,1634.19,4.5,20.5,13.5,8206.5672384,0.1574150965,8.1,0.074,16.190984724,3.0,0.32,0.0049668874,0.0056291391,,,,,-3.0,
2020-10-23,862,"-95.1498,40.7393",19145,"Iowa, Page",0.302949061662198,7.4103219883271,0.0244606203685488,373,1.02397374493793,1.01038641096523,0.0,0,0.0,,1.00824144413739,0.482892579396701,1.00777885561755,0.2971,0.4406,0.4333,0.003278903534658,1518.16,4.4,21.3,28.4,6665.0882275,0.1658455953,9.0,0.155,90.706840111,3.3,0.442,0.0266246967,0.0078037904,,,,,-7.0,
2020-10-23,863,"-94.6782,43.0819",19147,"Iowa, Palo Alto",0.159863945578231,5.26374734012767,0.0329264195318625,294,1.01331541190687,1.01038641096523,0.0068027210884353,2,0.000223989248516,1.10408951367381,1.00824144413739,0.482892579396701,1.00777885561755,0.0487,0.4225,0.3327,0.0052637473401276,1665.2,4.6,21.4,15.5,8184.8327022,0.1445661348,8.1,0.132,501.98860736,3.0,0.316,0.0172471721,0.0049277635,,,,,-1.0,
2020-10-23,864,"-96.2137,42.7376",19149,"Iowa, Plymouth",0.164461247637051,10.400478182905,0.0632396891811118,1587,1.01268189271891,1.01038641096523,0.0163831127914304,26,0.0010360629607491,1.01150029829051,1.00824144413739,0.482892579396701,1.00777885561755,0.0535,0.4374,0.0911,0.0009962143853357,1853.84,5.0,18.0,28.2,6103.4371311,0.1490339972,8.9,0.104,340.50819296,3.0,0.321,0.0086471409,0.0105997211,11.0,,,,-11.0,5.0
2020-10-23,865,"-94.6786,42.7342",19151,"Iowa, Pocahontas",0.133640552995392,4.3026706231454,0.0321958456973294,217,1.01464661052734,1.01038641096523,0.0092165898617511,2,0.0002967359050445,1.0,1.00824144413739,0.482892579396701,1.00777885561755,0.2303,0.3948,0.077,0.0037091988130563,1564.13,4.2,22.6,11.8,7373.1715675,0.1619920492,8.5,0.101,270.55881254,3.0,0.377,0.0090504451,0.0053412463,,,,,-6.0,
2020-10-23,866,"-93.5777,41.6868",19153,"Iowa, Polk",0.0864864864864865,3.25120483411466,0.0375920558944508,18315,1.00661439115288,1.01038641096523,0.0154518154518155,283,0.0005808655101353,1.00254978575316,1.00824144413739,0.482892579396701,1.00777885561755,0.1611,0.7666,0.6157,0.0037971773630758,2241.65,4.9,12.4,931.3,6374.7844543,0.1498966714,8.6,0.083,4149.9479547,5.0,0.319,0.0687453305,0.0038628583,-6.0,8.0,30.0,-17.0,-30.0,10.0
2020-10-23,867,"-95.5391,41.3364",19155,"Iowa, Pottawattamie",0.195114006514658,6.40415682165653,0.0328226401377054,3070,1.01500798096192,1.01038641096523,0.0143322475570033,44,0.000470422203928,1.00328961583835,1.00824144413739,0.482892579396701,1.00777885561755,0.2653,0.5521,0.6387,0.0054953866549773,1923.11,5.8,16.5,92.4,8184.3197174,0.1717337651,9.5,0.118,2250.9756733,5.0,0.411,0.0162830231,0.0075802123,-8.0,8.0,0.0,17.0,-28.0,9.0
2020-10-23,868,"-92.5316,41.6863",19157,"Iowa, Poweshiek",0.172335600907029,4.06438846997166,0.0235841488849671,441,1.01367602255638,1.01038641096523,0.0249433106575964,11,0.0005882667522327,1.0,1.00824144413739,0.482892579396701,1.00777885561755,0.1618,0.3658,0.3623,0.0026204609872185,1765.7,5.7,19.7,35.8,6343.7450446,0.1486432922,9.6,0.088,544.32645906,4.0,0.313,0.0154553719,0.0045456976,,,,-8.0,-17.0,
2020-10-23,869,"-94.2437,40.7352",19159,"Iowa, Ringgold",0.265060240963855,4.42834138486312,0.01670692431562,83,1.0052729925644,1.01038641096523,0.0240963855421687,2,0.000402576489533,1.0,1.00824144413739,0.482892579396701,1.00777885561755,0.1911,0.049,0.142,0.003220611916264,1706.04,4.1,24.1,8.7,7044.1935273,0.1549193994,8.9,0.092,175.17526532,3.0,0.327,0.0078502415,0.0028180354,,,,,,
2020-10-23,870,"-95.1055,42.3862",19161,"Iowa, Sac",0.165775401069519,6.37925712521864,0.0384813252392221,374,1.01243747430738,1.01038641096523,0.0106951871657754,4,0.0004115649758205,1.10408951367381,1.00824144413739,0.482892579396701,1.00777885561755,0.1194,0.3295,0.0236,0.0025722810988784,1692.14,4.3,22.8,15.1,7612.5932171,0.1508767442,8.8,0.094,122.42392724,3.0,0.306,0.0029838461,0.0017491511,,,,,-16.0,
2020-10-23,871,"-90.6196,41.6394",19163,"Iowa, Scott",0.177233429394813,4.25892903516213,0.0240300548813213,4164,1.01380279167725,1.01038641096523,0.0088856868395773,37,0.0002135235424132,1.02095686155617,1.00824144413739,0.482892579396701,1.00777885561755,0.1704,0.6202,0.3591,0.0068846915161902,2131.9,4.5,15.3,379.0,6591.4428152,0.1714811204,10.3,0.111,1582.0365591,5.0,0.331,0.0748659707,0.0038953619,-6.0,-4.0,14.0,8.0,-28.0,8.0
2020-10-23,872,"-95.3102,41.685",19165,"Iowa, Shelby",0.172316384180791,5.2686128865089,0.0305752288823631,354,1.01273084121353,1.01038641096523,0.0028248587570621,1,8.63707030575229e-05,1.0,1.00824144413739,0.482892579396701,1.00777885561755,0.1038,0.2633,0.1149,0.002159267576438,1658.62,5.0,22.3,20.2,5351.636434,0.1490563334,8.6,0.132,228.87982226,3.3,0.346,0.0080324754,0.0047503887,,,,,-12.0,
2020-10-23,873,"-96.1768,43.0822",19167,"Iowa, Sioux",0.15203426124197,10.1692973158784,0.0668881950213412,2335,1.00893763703081,1.01038641096523,0.0059957173447537,14,0.0004010427110487,1.03505205734318,1.00824144413739,0.482892579396701,1.00777885561755,0.1274,0.6234,0.4922,0.0027500071614769,2022.42,4.2,14.9,49.8,4334.7724861,0.1399020701,8.8,0.068,345.97523576,4.0,0.285,0.0061015784,0.0051562634,1.0,,,,-11.0,5.0
2020-10-23,874,"-93.465,42.0362",19169,"Iowa, Story",0.0686123911930364,2.7317669843535,0.0398144844809133,3906,1.0054569602694,1.01038641096523,0.0046082949308755,18,0.0001834768870088,1.00819891621082,1.00824144413739,0.482892579396701,1.00777885561755,0.3506,0.5979,0.6823,0.0025890627389022,2053.78,4.5,11.3,181.6,4450.9739115,0.149288421,9.3,0.056,1876.3893246,5.0,0.262,0.0274196014,0.0026808012,-5.0,10.0,,,-23.0,9.0
2020-10-23,875,"-92.5327,42.0799",19171,"Iowa, Tama",0.100766703176342,5.44249881684808,0.0540108849976337,913,1.00609162095041,1.01038641096523,0.04052573932092,37,0.0021888310459062,1.00797014400208,1.00824144413739,0.482892579396701,1.00777885561755,0.2755,0.7173,0.1964,,1742.58,6.6,19.2,20.1,9339.2786204,0.1730053322,9.5,0.093,349.11434351,3.0,0.354,0.0081045906,0.0841221013,,,,,-5.0,
2020-10-23,876,"-94.6978,40.7371",19173,"Iowa, Taylor",0.265217391304348,9.85301243740914,0.0371507026328541,230,1.01657433082119,1.01038641096523,0.008695652173913,2,0.0003230495881117,1.0,1.00824144413739,0.482892579396701,1.00777885561755,0.2475,0.6148,0.1417,,1567.03,7.6,21.9,10.2,6654.2778402,0.1647129377,9.0,0.117,139.27215438,3.0,0.322,0.0035535455,0.0030689711,,,,,,
2020-10-23,877,"-94.2423,41.0277",19175,"Iowa, Union",0.273972602739726,4.85476171211263,0.0177198802492111,219,1.01377499937739,1.01038641096523,0.0182648401826484,4,0.0003236507808075,1.04195362743721,1.00824144413739,0.482892579396701,1.00777885561755,0.4318,0.3954,0.377,0.0020228173800469,1554.2,6.2,19.7,31.6,8347.3446365,0.1619157873,8.9,0.183,565.3520463,4.3,0.406,0.0114896027,0.0044501982,,,,,-9.0,
2020-10-23,878,"-91.9502,40.7533",19177,"Iowa, Van Buren",0.193939393939394,4.55840455840456,0.0235042735042735,165,1.02167709520124,1.01038641096523,0.0121212121212121,2,0.0002849002849002,1.0,1.00824144413739,0.482892579396701,1.00777885561755,0.3548,0.2095,0.2547,0.0035612535612535,1608.21,11.8,21.2,13.5,8228.6363411,0.1586116815,9.3,0.031,175.73687181,3.0,0.329,0.002991453,0.0024216524,,,,,-6.0,
2020-10-23,879,"-92.4095,41.0306",19179,"Iowa, Wapello",0.0591397849462366,2.49964493679875,0.0422667234767789,1488,1.00370246295594,1.01038641096523,0.0416666666666667,62,0.0017611134781991,1.0046952487017,1.00824144413739,0.482892579396701,1.00777885561755,0.6029,0.7386,0.7752,0.0061638971736969,1428.65,5.8,17.1,83.7,8677.4976806,0.1985359422,9.7,0.163,153.98628697,5.0,0.323,0.0371822184,0.0082942764,20.0,,,,-6.0,0.0
2020-10-23,880,"-93.5601,41.3356",19181,"Iowa, Warren",0.139219015280136,3.21215919774365,0.0230727044813538,1178,1.01009745904918,1.01038641096523,0.0050933786078098,6,0.0001175180194296,1.0,1.00824144413739,0.482892579396701,1.00777885561755,0.022,0.1216,0.284,,2138.02,2.7,15.2,67.2,5487.6665107,0.1439899761,9.2,0.1,770.2718575,5.0,0.34,0.0085788154,0.0032709182,30.0,7.0,,,-12.0,2.0
2020-10-23,881,"-91.7173,41.3358",19183,"Iowa, Washington",0.127009646302251,3.56804119055147,0.0280926787407976,622,1.00954089042552,1.01038641096523,0.0176848874598071,11,0.0004968158619755,1.0,1.00824144413739,0.482892579396701,1.00777885561755,0.1869,0.5231,0.1907,0.0011291269590352,1875.64,7.8,18.6,35.6,7045.5409804,0.152801191,10.3,0.119,538.92073086,4.0,0.342,0.0104331331,0.0033873809,14.0,,,,-11.0,3.0
2020-10-23,882,"-93.3275,40.7397",19185,"Iowa, Wayne",0.163793103448276,2.96828620528043,0.0181221684111858,116,1.0089314075245,1.01038641096523,0.0258620689655172,3,0.0004686767692548,1.0,1.00824144413739,0.482892579396701,1.00777885561755,0.3745,0.241,0.5422,0.00390563974379,1426.01,11.2,21.6,11.8,9011.2482021,0.1693384514,9.0,0.212,212.56754302,3.0,0.391,0.0045305421,0.0023433838,,,,,,
2020-10-23,883,"-94.1799,42.4285",19187,"Iowa, Webster",0.137009664582149,6.64332772831271,0.0484880227141164,1759,1.01111751650136,1.01038641096523,0.007959067652075,14,0.000385919453097,1.0,1.00824144413739,0.482892579396701,1.00777885561755,0.4242,0.3731,0.6011,0.0055131350442429,1501.47,5.5,17.5,53.5,8173.379137,0.1700410875,8.9,0.111,450.16403484,4.0,0.375,0.0445185655,0.0051272156,2.0,50.0,,,-20.0,7.0
2020-10-23,884,"-93.7341,43.3775",19189,"Iowa, Winnebago",0.22,9.4124358243012,0.0427837992013691,450,1.02329761714781,1.01038641096523,0.04,18,0.0017113519680547,1.01696850489722,1.00824144413739,0.482892579396701,1.00777885561755,0.2312,0.3623,0.1751,,1566.37,2.3,20.2,28.2,6394.2557213,0.1516512717,8.1,0.072,177.33644696,3.3,0.398,0.0147366419,0.0038030044,,,,,-11.0,
2020-10-23,885,"-91.8442,43.2909",19191,"Iowa, Winneshiek",0.196902654867257,4.44355684257826,0.0225672774477008,452,1.01688817562942,1.01038641096523,0.0199115044247788,9,0.0004493484447551,1.0,1.00824144413739,0.482892579396701,1.00777885561755,0.0369,0.099,0.1767,0.0012481901243197,1928.09,1.9,19.4,31.0,3839.6092668,0.1401635208,8.7,0.057,206.75250467,3.3,0.332,0.0079384892,0.0012981177,-3.0,,,,-15.0,
2020-10-23,886,"-96.0459,42.3898",19193,"Iowa, Woodbury",0.113770728190339,7.69463326149075,0.0676328031285657,6935,1.00799506281527,1.01038641096523,0.0135544340302812,94,0.0009167243682891,1.01970237011906,1.00824144413739,0.482892579396701,1.00777885561755,0.4261,0.823,0.7911,0.0080944811242551,1758.7,5.7,14.4,119.4,7048.1957555,0.1850230104,9.0,0.092,906.74540937,5.0,0.354,0.0371175845,0.0284282078,-1.0,-3.0,,-10.0,-14.0,5.0
2020-10-23,887,"-93.2609,43.3775",19195,"Iowa, Worth",0.119402985074627,2.14678652891453,0.0179793371796592,134,1.01349289782927,1.01038641096523,0.0,0,0.0,,1.00824144413739,0.482892579396701,1.00777885561755,0.1799,0.1665,0.0166,,1629.27,4.2,19.8,15.3,7955.1666864,0.1487146755,8.1,0.17,273.23765679,3.3,0.326,0.0081846236,0.0034885281,,,,,-17.0,
2020-10-23,888,"-93.7352,42.7331",19197,"Iowa, Wright",0.094017094017094,5.20094562647754,0.0553191489361702,702,1.00604506587711,1.01038641096523,0.0014245014245014,1,7.88022064617809e-05,1.0,1.00824144413739,0.482892579396701,1.00777885561755,0.3277,0.666,0.2633,,1635.2,4.7,21.6,22.9,5799.2523826,0.1605251113,8.8,0.071,287.41151589,3.3,0.365,0.0069345942,0.004964539,,,,,-11.0,
2020-10-23,889,"-95.3003,37.8858",20001,"Kansas, Allen",0.294642857142857,2.65188042430087,0.0090003214400514,112,1.01064309218431,1.01129842339761,0.0089285714285714,1,8.03600128576021e-05,1.0,1.01792687926592,0.380298848877127,1.0086781017352,0.4723,0.1321,0.4152,0.00200900032144,1242.65,5.1,20.3,27.1,9357.6399793,0.1864617197,9.5,0.173,47.919496044,3.7,0.383,0.0197685632,0.0098039216,,,,,-5.0,
2020-10-23,890,"-95.2927,38.2141",20003,"Kansas, Anderson",0.479041916167665,10.1548616400102,0.0211982736735212,167,1.05738709073083,1.01129842339761,0.0,0,0.0,,1.01792687926592,0.380298848877127,1.0086781017352,0.3516,0.0369,0.2451,0.0052043665905052,1325.82,11.0,21.0,11.5,9205.0123469,0.1721921517,9.2,0.122,41.389709485,3.0,0.353,0.0062198528,0.0068545316,,,,,-15.0,
2020-10-23,891,"-95.3087,39.5319",20005,"Kansas, Atchison",0.2,6.1755079355277,0.0308775396776385,500,1.01198288474998,1.01129842339761,0.01,5,0.0003087753967763,1.03239118471,1.01792687926592,0.380298848877127,1.0086781017352,0.4624,0.2939,0.8163,0.0015438769838819,1396.26,6.7,16.7,37.4,8403.4480385,0.1683309703,9.7,0.113,17.500987979,4.0,0.434,0.0484777373,0.006978324,,,,,2.0,
2020-10-23,892,"-98.6846,37.2289",20007,"Kansas, Barber",0.65,5.81395348837209,0.0089445438282647,40,1.03708425891698,1.01129842339761,0.0,0,0.0,,1.01792687926592,0.380298848877127,1.0086781017352,0.243,0.3687,0.2365,0.0078264758497316,1634.68,10.3,21.5,4.0,9952.0514706,0.1669891943,7.8,0.107,27.167302135,3.0,0.275,0.0080500894,0.0136404293,,,,,,
2020-10-23,893,"-98.7564,38.4789",20009,"Kansas, Barton",0.201408450704225,5.47661904944276,0.0271916050706599,710,1.01516534655549,1.01129842339761,0.0098591549295774,7,0.0002680862471755,1.0,1.01792687926592,0.380298848877127,1.0086781017352,0.4322,0.6972,0.3063,0.0031021408601738,1522.97,11.7,18.2,29.3,7474.5032128,0.1734203224,7.9,0.126,82.733535665,4.0,0.391,0.0134426104,0.0090766344,4.0,,,,-17.0,4.0
2020-10-23,894,"-94.8487,37.8551",20011,"Kansas, Bourbon",0.227722772277228,4.70893332423395,0.0206783593803317,303,1.01987838118193,1.01129842339761,0.0099009900990099,3,0.0002047362314884,1.0,1.01792687926592,0.380298848877127,1.0086781017352,0.4166,0.1808,0.7249,0.0041629700402647,1334.87,10.7,19.2,22.6,8591.1716486,0.1877973449,9.5,0.121,52.482789967,4.0,0.348,0.0296867536,0.0090766396,,,,,-24.0,
2020-10-23,895,"-95.5642,39.8265",20013,"Kansas, Brown",0.214634146341463,4.58428839341529,0.0213586163784122,205,1.01714580068322,1.01129842339761,0.024390243902439,5,0.0005209418628881,1.0,1.01792687926592,0.380298848877127,1.0086781017352,0.3153,0.3095,0.1232,0.005209418628881,1476.19,7.2,19.2,17.5,9985.1827461,0.1714977338,9.4,0.135,25.929217354,3.0,0.368,0.0118774745,0.0954365493,,,,,-4.0,
2020-10-23,896,"-96.8388,37.7813",20015,"Kansas, Butler",0.215339233038348,4.37354901520258,0.0203100426870366,1356,1.01438346409369,1.01129842339761,0.0022123893805309,3,4.49337227589306e-05,1.0,1.01792687926592,0.380298848877127,1.0086781017352,0.1984,0.3168,0.6243,0.001887216355875,2118.98,8.1,14.4,38.8,7384.8689282,0.1582226652,9.6,0.101,72.340254033,4.3,0.352,0.0200254624,0.0110387179,5.0,-10.0,,,-24.0,5.0
2020-10-23,897,"-96.5956,38.3029",20017,"Kansas, Chase",0.0659340659340659,2.28223659186002,0.0346139216432103,91,1.00979166340371,1.01129842339761,0.010989010989011,1,0.00038037276531,1.0,1.01792687926592,0.380298848877127,1.0086781017352,0.3924,0.2821,0.4094,,1416.34,10.4,23.5,3.1,9307.2485875,0.1511783211,8.6,0.102,18.41392198,3.0,0.345,0.0125523013,0.0068467098,,,,,,
2020-10-23,898,"-96.2454,37.1499",20019,"Kansas, Chautauqua",0.04,0.302206104563312,0.0075551526140828,25,1.00584875104734,1.01129842339761,0.0,0,0.0,,1.01792687926592,0.380298848877127,1.0086781017352,0.6914,0.2385,0.7313,0.0075551526140828,1281.19,12.8,25.9,4.7,13155.736396,0.1669097435,9.1,0.129,23.438993804,3.0,0.319,0.008763977,0.0586279843,,,,,,
2020-10-23,899,"-94.8463,37.1693",20021,"Kansas, Cherokee",0.133333333333333,4.2967774169373,0.0322258306270297,645,1.01014473850581,1.01129842339761,0.0124031007751938,8,0.0003997002248313,1.0,1.01792687926592,0.380298848877127,1.0086781017352,0.5245,0.1694,0.219,0.0008993255058705,1278.61,11.5,18.4,31.4,9886.9831577,0.193001422,9.9,0.158,81.740977173,4.0,0.418,0.007944042,0.0424181864,,,,,-18.0,3.0
2020-10-23,900,"-101.7318,39.7858",20023,"Kansas, Cheyenne",0.284403669724771,11.6541353383459,0.0409774436090226,109,1.02774039562245,1.01129842339761,0.0458715596330275,5,0.0018796992481203,1.0,1.01792687926592,0.380298848877127,1.0086781017352,0.1178,0.4865,0.0134,0.0060150375939849,1495.54,8.7,26.2,2.5,5087.1220905,0.1571879731,6.2,0.091,14.246630818,3.0,0.322,0.0033834586,0.0033834586,,,,,,
2020-10-23,901,"-99.8188,37.2358",20025,"Kansas, Clark",0.111111111111111,3.49127182044888,0.0314214463840399,63,1.0069943706001,1.01129842339761,0.0158730158730159,1,0.0004987531172069,1.0,1.01792687926592,0.380298848877127,1.0086781017352,0.1213,0.4339,0.2779,0.0493765586034913,1532.72,5.1,21.4,2.0,11726.488069,0.157211799,7.1,0.118,80.008973645,3.0,0.32,0.0034912718,0.012967581,,,,,,
2020-10-23,902,"-97.1652,39.3495",20027,"Kansas, Clay",0.214285714285714,1.87570338877079,0.0087532824809303,70,1.02226578920968,1.01129842339761,0.0285714285714286,2,0.0002500937851694,1.0,1.01792687926592,0.380298848877127,1.0086781017352,0.0408,0.0573,0.0532,0.0031261723146179,1687.92,7.3,22.8,11.8,7609.8901425,0.1443734045,8.3,0.101,46.624033041,3.0,0.292,0.0080030011,0.0063773915,,,,,-20.0,
2020-10-23,903,"-97.6493,39.4803",20029,"Kansas, Cloud",0.283018867924528,3.43681979608203,0.0121434299461565,106,1.01425651163823,1.01129842339761,0.0094339622641509,1,0.0001145606598694,1.0,1.01792687926592,0.380298848877127,1.0086781017352,0.3236,0.1633,0.1652,0.002864016496735,1353.29,9.5,20.7,12.4,8286.0373382,0.1783903724,8.1,0.102,27.447059408,3.3,0.404,0.0080192462,0.0067590789,,,,,1.0,
2020-10-23,904,"-95.7338,38.2365",20031,"Kansas, Coffey",0.125827814569536,2.30778574031337,0.0183408235151221,151,1.01189965904891,1.01129842339761,0.0596026490066225,9,0.0010931616664642,1.0,1.01792687926592,0.380298848877127,1.0086781017352,0.1672,0.1127,0.2627,0.0094740677760233,1848.5,7.9,20.6,14.1,6423.6147736,0.1548007071,9.2,0.11,40.931344586,3.0,0.383,0.0083809061,0.0100813798,,,,13.0,-15.0,
2020-10-23,905,"-99.2711,37.1911",20033,"Kansas, Comanche",0.111111111111111,1.1441647597254,0.0102974828375286,18,1.0,1.01129842339761,0.0,0,0.0,,1.01792687926592,0.380298848877127,1.0086781017352,0.0519,0.1146,0.1398,0.0068649885583524,1392.45,8.9,25.7,2.3,11753.429204,0.1403684268,7.2,0.083,12.260476828,3.0,0.265,0.0034324943,0.01201373,,,,,,
2020-10-23,906,"-96.8378,37.2378",20035,"Kansas, Cowley",0.164705882352941,2.38514396047476,0.0144812311885967,510,1.0135953263473,1.01129842339761,0.0196078431372549,10,0.0002839457095803,1.01516534655549,1.01792687926592,0.380298848877127,1.0086781017352,0.4971,0.6699,0.7202,0.001760463399398,1514.3,9.3,17.6,29.7,9635.9901219,0.1647724968,9.3,0.126,58.574055522,4.0,0.387,0.0265489238,0.0228860242,1.0,-12.0,,,-12.0,3.0
2020-10-23,907,"-94.8525,37.5068",20037,"Kansas, Crawford",0.137581462708182,4.86942258899511,0.0353930136600118,1381,1.00933900724435,1.01129842339761,0.0072411296162201,10,0.0002562853994207,1.0,1.01792687926592,0.380298848877127,1.0086781017352,0.5723,0.5294,0.9586,0.0037417668315436,1327.41,10.0,15.0,66.8,7848.2629137,0.1881841757,9.7,0.111,31.922421174,5.0,0.336,0.021835516,0.0117122428,-6.0,-7.0,,,-14.0,4.0
2020-10-23,908,"-100.4594,39.7847",20039,"Kansas, Decatur",0.625,17.415534656914,0.0278648554510623,80,1.08915839771651,1.01129842339761,0.0125,1,0.0003483106931382,1.0,1.01792687926592,0.380298848877127,1.0086781017352,0.2873,0.3295,0.0583,0.021246952281435,1491.23,10.1,27.7,2.9,9999.9860113,0.1607189423,6.6,0.121,37.55234566,3.0,0.32,0.0083594566,0.0048763497,,,,,,
2020-10-23,909,"-97.1553,38.866",20041,"Kansas, Dickinson",0.152482269503546,2.29737671635412,0.0150665170700433,282,1.01111657261499,1.01129842339761,0.0106382978723404,3,0.0001602820964898,1.0,1.01792687926592,0.380298848877127,1.0086781017352,0.4124,0.1242,0.3231,0.0073195490730352,1488.2,7.7,18.9,20.6,7132.5548611,0.1797554041,8.8,0.11,15.001220389,3.7,0.36,0.0102580542,0.0094566437,,,,,-6.0,3.0
2020-10-23,910,"-95.1406,39.7907",20043,"Kansas, Doniphan",0.338709677419355,8.20098932569643,0.0242124446758657,186,1.02450995928421,1.01129842339761,0.0,0,0.0,,1.01792687926592,0.380298848877127,1.0086781017352,0.3936,0.1369,0.4346,,1468.28,9.3,18.6,17.4,5482.6726249,0.1572738436,9.9,0.11,39.769280931,3.0,0.375,0.0321530851,0.0135381411,,,,,1.0,
2020-10-23,911,"-95.2925,38.885",20045,"Kansas, Douglas",0.0933908045977011,2.14104548898185,0.0229256563127903,2784,1.00540008291448,1.01129842339761,0.0061063218390804,17,0.000139991435818,1.02812481341586,1.01792687926592,0.380298848877127,1.0086781017352,0.2965,0.5883,0.6991,0.0012516881320201,1923.99,7.1,11.3,245.5,5371.2311951,0.1661903128,9.8,0.065,215.16247043,5.0,0.279,0.043833789,0.0266395468,-14.0,-11.0,-9.0,,-32.0,11.0
2020-10-23,912,"-99.3126,37.8874",20047,"Kansas, Edwards",0.0983606557377049,2.10600210600211,0.0214110214110214,61,1.00236411898285,1.01129842339761,0.0,0,0.0,,1.01792687926592,0.380298848877127,1.0086781017352,0.2834,0.8169,0.2754,0.0077220077220077,1602.34,6.6,20.0,4.2,16134.2377,0.1533836127,7.5,0.15,64.996663986,3.0,0.38,0.0063180063,0.0238680239,,,,,,
2020-10-23,913,"-96.2437,37.4534",20049,"Kansas, Elk",0.266666666666667,1.59489633173844,0.0059808612440191,15,1.02065336654354,1.01129842339761,0.0,0,0.0,,1.01792687926592,0.380298848877127,1.0086781017352,0.6548,0.1321,0.1681,,1130.42,9.1,28.6,4.3,16295.428524,0.1610953819,8.9,0.232,8.8049538782,3.0,0.333,0.0011961722,0.0199362041,,,,,,
2020-10-23,914,"-99.3175,38.9146",20051,"Kansas, Ellis",0.138867924528302,6.40891675374434,0.046151166840822,1325,1.01009944276943,1.01129842339761,0.0120754716981132,16,0.0005572971090212,1.01925902092718,1.01792687926592,0.380298848877127,1.0086781017352,0.2226,0.4505,0.3563,0.0059909439219784,1697.51,7.0,14.8,32.7,6861.3764374,0.1589159296,7.5,0.074,64.308018412,5.0,0.3,0.0112852665,0.0044583769,-9.0,,,,-15.0,4.0
2020-10-23,915,"-98.2046,38.6968",20053,"Kansas, Ellsworth",0.573033707865168,16.4622336991607,0.0287282117495158,178,1.04251231635162,1.01129842339761,0.0,0,0.0,,1.01792687926592,0.380298848877127,1.0086781017352,0.2838,0.3996,0.7959,0.0040348612007746,1484.6,5.5,20.7,8.1,6435.9797934,0.1513302626,7.8,0.114,20.410541753,3.0,0.366,0.0524531956,0.0080697224,,,,,-27.0,
2020-10-23,916,"-100.7382,38.0434",20055,"Kansas, Finney",0.169711876317639,13.1927562754363,0.0777361995028816,2846,1.01513137976889,1.01129842339761,0.0063246661981728,18,0.0004916555133702,1.01696850489722,1.01792687926592,0.380298848877127,1.0086781017352,0.6764,0.9726,0.7119,0.0036054737647155,1724.16,12.6,10.2,28.7,6146.7582959,0.170835347,7.6,0.093,22.587060936,3.7,0.363,0.0337603453,0.0130834995,-12.0,1.0,,-3.0,-14.0,7.0
2020-10-23,917,"-99.8883,37.692",20057,"Kansas, Ford",0.0842137035919107,8.23300283286119,0.0977632200188857,3313,1.00483540339782,1.01129842339761,0.0030184123151222,10,0.000295089707271,1.0,1.01792687926592,0.380298848877127,1.0086781017352,0.7315,0.9777,0.7972,0.002921388101983,1660.09,14.2,10.5,32.3,6085.2069281,0.1695434521,7.6,0.09,25.621065435,4.0,0.309,0.0218661473,0.016170916,-9.0,-19.0,,-5.0,-27.0,4.0
2020-10-23,918,"-95.2864,38.5644",20059,"Kansas, Franklin",0.135188866799205,2.653037337599,0.0196246732472397,503,1.00912872704903,1.01129842339761,0.0059642147117296,3,0.000117045764894,1.0,1.01792687926592,0.380298848877127,1.0086781017352,0.25,0.2884,0.3394,0.0017166712184464,1595.91,7.3,16.0,42.2,6879.409863,0.184592739,9.4,0.095,26.764232405,4.3,0.326,0.0125629121,0.0093246459,4.0,-12.0,,61.0,-21.0,4.0
2020-10-23,919,"-96.7577,38.9987",20061,"Kansas, Geary",0.132958801498127,2.17831502730564,0.0163833834448058,534,1.01177118757504,1.01129842339761,0.0074906367041198,4,0.0001227219733693,1.0,1.01792687926592,0.380298848877127,1.0086781017352,0.4545,0.8297,0.7408,0.0042645885745842,1441.17,6.7,7.9,104.6,9562.6724272,0.2231920776,8.8,0.096,67.756815016,4.3,0.387,0.1719948457,0.0133460146,-4.0,-5.0,,,-13.0,3.0
2020-10-23,920,"-100.4829,38.9159",20063,"Kansas, Gove",0.672839506172839,41.7304747320061,0.0620214395099541,162,1.11629532852172,1.01129842339761,0.0617283950617284,10,0.0038284839203675,,1.01792687926592,0.380298848877127,1.0086781017352,0.1863,0.2127,0.0589,0.0267993874425727,1627.74,12.2,26.7,2.6,8048.8940781,0.144201254,6.9,0.141,12.589137557,3.0,0.287,0.0042113323,0.0011485452,,,,,,
2020-10-23,921,"-99.8833,39.3499",20065,"Kansas, Graham",0.145833333333333,2.80898876404494,0.0192616372391653,48,1.00926242190831,1.01129842339761,0.0208333333333333,1,0.0004012841091492,1.0,1.01792687926592,0.380298848877127,1.0086781017352,0.2236,0.2521,0.0484,0.0100321027287319,1486.92,8.1,26.8,2.7,12184.88313,0.1517401821,6.8,0.152,58.546314055,3.0,0.303,0.0345104334,0.0080256822,,,,,,
2020-10-23,922,"-101.308,37.5623",20067,"Kansas, Grant",0.270983213429257,15.4034896401309,0.0568429661941112,417,1.01374358900502,1.01129842339761,0.0191846522781775,8,0.0010905125408942,1.0,1.01792687926592,0.380298848877127,1.0086781017352,0.5398,0.9449,0.1535,0.0035441657579062,1889.72,15.3,11.9,13.3,6333.8714512,0.149665437,7.2,0.091,3.8217054495,2.3,0.316,0.0042257361,0.0291712105,,,,,-21.0,
2020-10-23,923,"-100.4369,37.7384",20069,"Kansas, Gray",0.203488372093023,5.80142549312117,0.0285098624233383,172,1.01312085732739,1.01129842339761,0.0,0,0.0,,1.01792687926592,0.380298848877127,1.0086781017352,0.3156,0.7396,0.2305,,1796.97,13.4,14.7,6.5,6177.108457,0.1453061465,7.4,0.093,48.634272552,3.0,0.31,0.0066302006,0.0061329355,,,,,,
2020-10-23,924,"-101.8061,38.4808",20071,"Kansas, Greeley",0.344827586206897,8.14995925020375,0.0236348818255909,29,1.027403320897,1.01129842339761,0.0,0,0.0,,1.01792687926592,0.380298848877127,1.0086781017352,0.3048,0.795,0.4855,0.0407497962510187,1620.76,5.5,20.2,1.7,10886.590685,0.1564310897,6.6,0.089,42.18380028,3.0,0.283,0.0024449878,0.0081499593,,,,,,
2020-10-23,925,"-96.2325,37.8774",20073,"Kansas, Greenwood",0.257142857142857,2.97274979355904,0.0115606936416185,70,1.01748842798917,1.01129842339761,0.0,0,0.0,,1.01792687926592,0.380298848877127,1.0086781017352,0.2287,0.1382,0.1821,0.0041288191577208,1277.46,7.9,24.7,4.6,11624.065104,0.1669553768,8.9,0.129,18.45345733,3.0,0.363,0.0062758051,0.0168455822,,,,,-11.0,
2020-10-23,926,"-101.7921,37.9998",20075,"Kansas, Hamilton",0.25,6.1373225930188,0.0245492903720752,64,1.0301070886466,1.01129842339761,0.0,0,0.0,,1.01792687926592,0.380298848877127,1.0086781017352,0.5414,0.9284,0.0064,0.0264672036823936,1436.74,19.1,12.4,2.6,8866.6610168,0.1660481163,6.8,0.183,78.961899159,3.0,0.39,0.0053701573,0.0203298811,,,,,,
2020-10-23,927,"-98.0758,37.1918",20077,"Kansas, Harper",0.148936170212766,3.8140210679259,0.0256084271703596,141,1.01735547943823,1.01129842339761,0.0141843971631206,2,0.0003632401017072,1.0,1.01792687926592,0.380298848877127,1.0086781017352,0.3659,0.4938,0.1184,0.0074464220849981,1493.79,13.0,21.8,7.3,11145.557211,0.1688365706,8.5,0.125,25.05989616,3.0,0.364,0.0047221213,0.014166364,,,,,-29.0,
2020-10-23,928,"-97.4275,38.0429",20079,"Kansas, Harvey",0.23046875,3.44928383513593,0.0149663840982169,512,1.0138503567052,1.01129842339761,0.015625,8,0.0002338497515346,1.0,1.01792687926592,0.380298848877127,1.0086781017352,0.2268,0.5957,0.3279,0.004121601870798,1647.5,8.2,18.8,62.1,7751.0648859,0.1480526409,9.2,0.102,39.200160736,4.0,0.309,0.0170710319,0.0095001462,0.0,,,-4.0,-19.0,6.0
2020-10-23,929,"-100.8711,37.562",20081,"Kansas, Haskell",0.113924050632911,4.50337753314986,0.0395296472354266,158,1.00366992210678,1.01129842339761,0.0063291139240506,1,0.0002501876407305,1.0,1.01792687926592,0.380298848877127,1.0086781017352,0.5092,0.8851,0.2467,0.0032524393294971,1708.83,17.7,14.0,7.2,6358.7221617,0.1618939511,7.4,0.05,32.340382192,3.0,0.337,0.003502627,0.0137603202,,,,,,
2020-10-23,930,"-99.8983,38.0878",20083,"Kansas, Hodgeman",0.0625,1.1001100110011,0.0176017601760176,32,1.00926242190831,1.01129842339761,0.0,0,0.0,,1.01792687926592,0.380298848877127,1.0086781017352,0.221,0.4836,0.0576,0.0209020902090209,1771.37,8.6,22.9,2.0,8143.5204477,0.1361266723,7.2,0.144,36.892074344,3.0,0.348,0.0126512651,0.0060506051,,,,,,
2020-10-23,931,"-95.7936,39.4167",20085,"Kansas, Jackson",0.130718954248366,3.01204819277108,0.0230421686746988,306,1.01328364254971,1.01129842339761,0.0130718954248366,4,0.0003012048192771,1.04195362743721,1.01792687926592,0.380298848877127,1.0086781017352,0.2535,0.3878,0.0987,0.0009036144578313,1688.08,5.6,18.6,17.4,8607.6645712,0.1600095775,9.3,0.114,33.364137627,3.7,0.379,0.0076054217,0.084563253,,,,,-17.0,
2020-10-23,932,"-95.3829,39.2348",20087,"Kansas, Jefferson",0.169811320754717,2.37154150197628,0.013965744400527,265,1.01546974407021,1.01129842339761,0.0150943396226415,4,0.0002108036890645,1.0,1.01792687926592,0.380298848877127,1.0086781017352,0.1952,0.1057,0.0172,0.0038998682476943,1739.93,6.0,18.2,25.5,7102.2024082,0.1647217236,9.7,0.119,28.38563201,3.0,0.349,0.0070092227,0.0100131752,,,,,-11.0,
2020-10-23,933,"-98.2182,39.7847",20089,"Kansas, Jewell",0.37037037037037,3.51988736360436,0.0095036958817317,27,1.04380436769482,1.01129842339761,0.037037037037037,1,0.0003519887363604,1.0,1.01792687926592,0.380298848877127,1.0086781017352,0.2596,0.0933,0.0535,0.0087997184090109,1313.96,8.1,29.1,2.8,8734.8255545,0.1662257895,7.6,0.135,18.162339877,3.0,0.291,0.0035198874,0.006687786,,,,,,
2020-10-23,934,"-94.8225,38.8855",20091,"Kansas, Johnson",0.113404285919747,2.63908761536595,0.0232714980211027,13906,1.00783146421622,1.01129842339761,0.0133036099525385,185,0.000309594932684,1.01130517860516,1.01792687926592,0.380298848877127,1.0086781017352,0.0061,0.6861,0.0783,0.0019395704161123,2975.17,5.9,13.6,1305.7,4252.251823,0.1063854563,9.8,0.077,248.47960541,5.0,0.271,0.0474366376,0.0039511007,-9.0,-9.0,42.0,,-28.0,10.0
2020-10-23,935,"-101.3217,38.0002",20093,"Kansas, Kearny",0.253623188405797,8.87648998224702,0.0349987319300025,138,1.01657433082119,1.01129842339761,0.0217391304347826,3,0.0007608419984783,1.0,1.01792687926592,0.380298848877127,1.0086781017352,0.7025,0.8071,0.0828,0.0063403499873193,1726.69,15.2,14.4,4.3,7379.4950266,0.1603357163,7.2,0.101,76.134056199,3.0,0.347,0.00760842,0.01775298,,,,,,
2020-10-23,936,"-98.1364,37.5591",20095,"Kansas, Kingman",0.16,2.7359781121751,0.0170998632010944,125,1.01324629197844,1.01129842339761,0.024,3,0.0004103967168262,1.0,1.01792687926592,0.380298848877127,1.0086781017352,0.1236,0.1484,0.0312,0.0034199726402188,1630.54,5.7,21.6,7.7,16900.994196,0.1397126252,8.4,0.133,80.261303225,3.0,0.315,0.0042407661,0.0093023256,,,,,-16.0,
2020-10-23,937,"-99.2857,37.5585",20097,"Kansas, Kiowa",0.452830188679245,9.5389507154213,0.0210651828298887,53,1.0337900990214,1.01129842339761,0.0,0,0.0,,1.01792687926592,0.380298848877127,1.0086781017352,0.2328,0.3228,0.4664,0.0059618441971383,1507.3,10.3,20.9,3.7,7659.0069812,0.1544193954,7.3,0.105,52.866143042,3.0,0.299,0.009936407,0.0075516693,,,,,,
2020-10-23,938,"-95.2985,37.1911",20099,"Kansas, Labette",0.268698060941828,4.8587457423362,0.0180825485874574,361,1.01920141288818,1.01129842339761,0.0138504155124654,5,0.0002504508114606,1.0,1.01792687926592,0.380298848877127,1.0086781017352,0.5513,0.3289,0.602,0.0033560408735724,1426.43,11.0,18.1,32.6,9142.870461,0.192347636,9.9,0.135,46.303939223,4.0,0.373,0.0397715889,0.0235924664,,0.0,,,-16.0,3.0
2020-10-23,939,"-100.4661,38.4812",20101,"Kansas, Lane",0.238095238095238,3.2051282051282,0.0134615384615385,21,1.03064726076059,1.01129842339761,0.0476190476190476,1,0.0006410256410256,1.0,1.01792687926592,0.380298848877127,1.0086781017352,0.1408,0.1936,0.0025,0.0108974358974359,1544.47,11.4,18.9,2.4,6183.962223,0.1528177839,7.0,0.164,32.75305848,3.0,0.31,0.0121794872,0.0128205128,,,,,,
2020-10-23,940,"-95.0362,39.2018",20103,"Kansas, Leavenworth",0.0827801639984381,2.60595928803225,0.0314804798898613,2561,1.00640873853712,1.01129842339761,0.0070285044904334,18,0.0002212606942668,1.00819891621082,1.01792687926592,0.380298848877127,1.0086781017352,0.1248,0.5084,0.3308,0.00410561510473,2158.62,4.8,13.5,153.7,6176.720008,0.1808610867,10.1,0.108,77.944258137,5.0,0.368,0.0880371718,0.0088504278,-2.0,-14.0,,6.0,-14.0,4.0
2020-10-23,941,"-98.2076,39.0455",20105,"Kansas, Lincoln",0.25,1.65398610651671,0.0066159444260668,20,1.03239118471,1.01129842339761,0.05,1,0.0003307972213033,,1.01792687926592,0.380298848877127,1.0086781017352,0.2459,0.0471,0.1146,0.0046311610982467,1524.38,8.7,22.9,3.7,5662.2910375,0.1476367466,7.7,0.051,18.047214765,3.0,0.327,0.0052927555,0.0079391333,,,,,,
2020-10-23,942,"-94.8425,38.2127",20107,"Kansas, Linn",0.189189189189189,2.15384615384615,0.0113846153846154,111,1.00392180941666,1.01129842339761,0.009009009009009,1,0.0001025641025641,1.0,1.01792687926592,0.380298848877127,1.0086781017352,0.5564,0.0716,0.2082,,1416.5,10.4,21.9,14.3,9649.407154,0.1839120438,9.3,0.121,9.7909153556,3.7,0.4,0.0084102564,0.0075897436,,,,,-13.0,
2020-10-23,943,"-101.1485,38.9174",20109,"Kansas, Logan",0.438356164383562,11.2517580872011,0.0256680731364276,73,1.02841256184449,1.01129842339761,0.0,0,0.0,,1.01792687926592,0.380298848877127,1.0086781017352,0.1111,0.3649,0.0993,0.0249648382559775,1610.14,6.7,20.9,2.6,5512.3194136,0.1425490107,6.7,0.12,17.486358903,3.0,0.315,0.0066807314,0.005625879,,,,,,
2020-10-23,944,"-96.1528,38.4558",20111,"Kansas, Lyon",0.0740131578947368,2.69412680356822,0.0364006465904329,1216,1.00540149273199,1.01129842339761,0.0320723684210526,39,0.0011674549482129,1.0075488835911,1.01792687926592,0.380298848877127,1.0086781017352,0.5596,0.8217,0.9379,0.0017661497934502,1353.66,8.7,14.5,39.0,6522.9806152,0.181598154,9.1,0.096,113.51631051,4.0,0.392,0.0212237323,0.0139795246,-8.0,-13.0,,7.0,-17.0,4.0
2020-10-23,945,"-97.6477,38.3918",20113,"Kansas, McPherson",0.16056338028169,1.99740687528472,0.0124399901881768,355,1.01815055472239,1.01129842339761,0.0169014084507042,6,0.0002102533552931,1.10408951367381,1.01792687926592,0.380298848877127,1.0086781017352,0.1204,0.1468,0.2057,0.0030486736517503,1847.72,6.5,19.2,34.4,6695.3952682,0.1359025833,8.8,0.11,25.377067261,4.0,0.308,0.0116690612,0.0061674318,-1.0,,,9.0,-19.0,6.0
2020-10-23,946,"-97.0985,38.3586",20115,"Kansas, Marion",0.220689655172414,2.67782426778243,0.0121338912133891,145,1.02026719403082,1.01129842339761,0.0068965517241379,1,8.36820083682008e-05,1.0,1.01792687926592,0.380298848877127,1.0086781017352,0.2831,0.1229,0.2327,0.0043514644351464,1523.56,6.4,22.8,11.6,6758.1289726,0.1540289266,8.9,0.073,8.4948936009,3.0,0.4,0.010041841,0.0082008368,,,,,-8.0,
2020-10-23,947,"-96.5228,39.7836",20117,"Kansas, Marshall",0.367647058823529,2.57148734828225,0.0069944455873277,68,1.02298367390423,1.01129842339761,0.0,0,0.0,,1.01792687926592,0.380298848877127,1.0086781017352,0.2035,0.1111,0.1191,0.0025714873482822,1534.41,6.1,21.3,11.5,7959.8844949,0.1517606203,8.8,0.118,65.20290123,3.0,0.346,0.0047315367,0.0066858671,,,,,-13.0,
2020-10-23,948,"-100.3648,37.2386",20119,"Kansas, Meade",0.0636942675159236,2.41196333815726,0.037867824409069,157,1.00091324505438,1.01129842339761,0.0127388535031847,2,0.0004823926676314,1.10408951367381,1.01792687926592,0.380298848877127,1.0086781017352,0.3895,0.787,0.0866,0.0048239266763145,1592.23,12.4,17.7,4.3,11905.256141,0.1597586558,7.1,0.151,80.279450885,3.0,0.349,0.009406657,0.012301013,,,,,,
2020-10-23,949,"-94.8383,38.5638",20121,"Kansas, Miami",0.12770137524558,1.92992874109264,0.0151128266033254,509,1.00841548602079,1.01129842339761,0.0039292730844793,2,5.93824228028504e-05,1.0,1.01792687926592,0.380298848877127,1.0086781017352,0.028,0.1229,0.0634,0.0005344418052256,2030.57,5.9,16.7,46.1,7053.9858468,0.1498049931,9.7,0.121,19.858117769,5.0,0.354,0.0124406176,0.0079869359,10.0,,,,-8.0,4.0
2020-10-23,950,"-98.2091,39.3933",20123,"Kansas, Mitchell",0.157894736842105,1.46341463414634,0.0092682926829268,57,1.00511562357706,1.01129842339761,0.0,0,0.0,,1.01792687926592,0.380298848877127,1.0086781017352,0.3131,0.1016,0.3661,0.0121951219512195,1453.48,7.8,23.2,9.6,5459.4889294,0.1614795095,7.8,0.081,36.261450708,3.0,0.3,0.002601626,0.005203252,,,,,,
2020-10-23,951,"-95.7433,37.1924",20125,"Kansas, Montgomery",0.209800918836141,4.26525529265255,0.0203300124533001,653,1.01657975524147,1.01129842339761,0.009188361408882,6,0.0001867995018679,1.0,1.01792687926592,0.380298848877127,1.0086781017352,0.6054,0.66,0.6571,0.0027397260273972,1379.57,11.9,19.2,53.7,10350.079328,0.1930578942,10.1,0.13,55.28202902,4.0,0.406,0.0506537983,0.0359589041,4.0,3.0,,,-18.0,3.0
2020-10-23,952,"-96.6513,38.6883",20127,"Kansas, Morris",0.181818181818182,1.81126607498642,0.0099619634124252,55,1.01370885629547,1.01129842339761,0.0,0,0.0,,1.01792687926592,0.380298848877127,1.0086781017352,0.2188,0.3607,0.1834,0.004528165187466,1600.8,8.2,24.0,7.2,5962.5343195,0.1510634031,8.7,0.146,29.988627875,3.0,0.386,0.0056149248,0.0063394313,,,,,-12.0,
2020-10-23,953,"-101.7993,37.1914",20129,"Kansas, Morton",0.371428571428571,4.87439070116235,0.0131233595800525,35,1.01748842798917,1.01129842339761,0.0571428571428571,2,0.0007499062617172,1.0,1.01792687926592,0.380298848877127,1.0086781017352,0.3742,0.8513,0.0812,0.0449943757030371,1464.17,16.0,18.3,4.5,10244.796767,0.1525363595,6.5,0.084,16.912087322,3.0,0.293,0.0116235471,0.0202474691,,,,,,
2020-10-23,954,"-96.0139,39.7835",20131,"Kansas, Nemaha",0.390151515151515,10.1427868045298,0.0259970457902511,264,1.028403287174,1.01129842339761,0.0037878787878787,1,9.84736582964057e-05,1.0,1.01792687926592,0.380298848877127,1.0086781017352,0.0854,0.0965,0.2041,0.0048252092565238,1645.32,4.9,19.6,15.0,6655.1659478,0.1536482317,9.2,0.082,17.451865796,3.0,0.338,0.0058099458,0.0072870507,,,,,-8.0,
2020-10-23,955,"-95.3067,37.5586",20133,"Kansas, Neosho",0.169724770642202,2.31960378659645,0.0136668547426494,218,1.01166611802937,1.01129842339761,0.0,0,0.0,,1.01792687926592,0.380298848877127,1.0086781017352,0.4484,0.3633,0.6702,0.0015672998558084,1388.36,12.1,19.0,27.3,7862.371379,0.1957715675,9.6,0.15,27.699974785,4.0,0.382,0.0126637828,0.0151087706,,,,,-12.0,
2020-10-23,956,"-99.9155,38.4797",20135,"Kansas, Ness",0.234848484848485,10.9154929577465,0.0464788732394366,132,1.02374949660693,1.01129842339761,0.0681818181818182,9,0.003169014084507,1.01696850489722,1.01792687926592,0.380298848877127,1.0086781017352,0.0869,0.6472,0.0544,0.0383802816901408,1624.08,7.9,24.6,2.9,11552.15458,0.1534344468,7.1,0.107,52.936998802,3.0,0.331,0.0070422535,0.014084507,,,,,,
2020-10-23,957,"-99.9029,39.7844",20137,"Kansas, Norton",0.870689655172414,74.4014732965009,0.085451197053407,464,1.13776205923772,1.01129842339761,0.021551724137931,10,0.001841620626151,,1.01792687926592,0.380298848877127,1.0086781017352,0.2707,0.497,0.6555,0.0046040515653775,1287.68,7.4,19.9,5.9,9266.2925137,0.16666753,6.7,0.109,67.753272625,3.0,0.3,0.0325966851,0.0040515654,,,,,,
2020-10-23,958,"-95.7271,38.6524",20139,"Kansas, Osage",0.248407643312102,2.44652154820902,0.009848817514585,157,1.021801544599,1.01129842339761,0.0127388535031847,2,0.0001254626434978,1.10408951367381,1.01792687926592,0.380298848877127,1.0086781017352,0.3564,0.1515,0.1216,,1625.72,9.2,19.1,16.9,8502.3067283,0.1656307256,9.3,0.104,40.909290157,3.0,0.392,0.0060222069,0.007402296,,,,,-9.0,
2020-10-23,959,"-98.7675,39.3503",20141,"Kansas, Osborne",0.416666666666667,2.87769784172662,0.0069064748201438,24,1.02638809625704,1.01129842339761,0.0,0,0.0,,1.01792687926592,0.380298848877127,1.0086781017352,0.1946,0.0471,0.0264,0.0071942446043165,1429.01,7.9,24.3,4.0,8552.6683858,0.1587738683,7.3,0.15,19.518930799,3.0,0.29,0.004028777,0.008057554,,,,,,
2020-10-23,960,"-97.6502,39.1324",20143,"Kansas, Ottawa",0.297297297297297,5.68769389865564,0.0191313340227508,111,1.01944655711098,1.01129842339761,0.0,0,0.0,,1.01792687926592,0.380298848877127,1.0086781017352,0.1261,0.1789,0.0239,0.0072388831437435,1651.12,6.2,19.3,6.3,8923.2153442,0.1678822991,8.2,0.12,4.9882642021,3.0,0.333,0.0113753878,0.0074112375,,,,,-10.0,
2020-10-23,961,"-99.2369,38.1811",20145,"Kansas, Pawnee",0.0385542168674699,2.43828101188662,0.0632429137458092,415,1.00208264629967,1.01129842339761,0.0024096385542168,1,0.0001523925632429,1.0,1.01792687926592,0.380298848877127,1.0086781017352,0.3293,0.4212,0.1656,0.097226455348979,1446.51,9.6,21.4,9.5,8763.4642392,0.1603812427,7.7,0.139,48.070943048,3.0,0.367,0.0542517525,0.0100579092,,,,,-12.0,
2020-10-23,962,"-99.3467,39.7847",20147,"Kansas, Phillips",0.205714285714286,6.77073537709235,0.0329132969719767,175,1.02226578920968,1.01129842339761,0.0514285714285714,9,0.001692683844273,1.0,1.01792687926592,0.380298848877127,1.0086781017352,0.1494,0.2292,0.348,0.0047018995674252,1419.91,5.8,22.2,6.0,5968.4655966,0.15615541,7.1,0.077,48.129033959,3.7,0.344,0.0039495956,0.0060184314,,,,,,
2020-10-23,963,"-96.3456,39.3793",20149,"Kansas, Pottawatomie",0.149171270718232,2.22432755282778,0.0149112328541418,362,1.01113491969175,1.01129842339761,0.0,0,0.0,,1.01792687926592,0.380298848877127,1.0086781017352,0.1475,0.4002,0.2254,0.0072908514231577,1996.53,5.1,13.8,28.1,4794.7373061,0.1458310464,9.1,0.102,54.851323549,4.0,0.315,0.010668534,0.0096387527,6.0,,,,-23.0,5.0
2020-10-23,964,"-98.7392,37.6478",20151,"Kansas, Pratt",0.219047619047619,2.45254851780764,0.0111964171465131,105,1.01593499604731,1.01129842339761,0.0,0,0.0,,1.01792687926592,0.380298848877127,1.0086781017352,0.2433,0.6167,0.7087,0.009063766261463,1651.67,7.8,18.3,13.2,9003.053616,0.1579505287,7.8,0.086,78.485205527,4.0,0.329,0.0147152911,0.0110897846,,,,,-13.0,
2020-10-23,965,"-101.0762,39.7853",20153,"Kansas, Rawlins",0.302083333333333,11.5629984051037,0.0382775119617225,96,1.01925902092718,1.01129842339761,0.0,0,0.0,,1.01792687926592,0.380298848877127,1.0086781017352,0.0838,0.5683,0.0621,0.0095693779904306,1497.85,7.9,26.4,2.2,7816.9656729,0.1428264314,6.4,0.105,22.135121604,3.0,0.277,0.0071770335,0.0043859649,,,,,,
2020-10-23,966,"-98.0861,37.9523",20155,"Kansas, Reno",0.324506749740395,10.0253440698085,0.0308941002855218,1926,1.03018939844404,1.01129842339761,0.0077881619937694,15,0.0002406082576754,1.07570373984278,1.01792687926592,0.380298848877127,1.0086781017352,0.4258,0.5323,0.7947,0.0035770427641076,1589.09,9.4,18.8,47.9,7271.2369112,0.1594905978,8.8,0.116,22.132198114,4.0,0.36,0.0303647621,0.0087421,-14.0,-26.0,,8.0,-30.0,6.0
2020-10-23,967,"-97.6504,39.828",20157,"Kansas, Republic",0.333333333333333,5.36020583190394,0.0160806174957118,75,1.02522041319334,1.01129842339761,0.0133333333333333,1,0.0002144082332761,1.0,1.01792687926592,0.380298848877127,1.0086781017352,0.0984,0.0812,0.2092,0.0135077186963979,1351.42,5.1,27.3,6.5,9052.4417345,0.1524727717,8.0,0.06,23.930374021,3.0,0.352,0.0066466552,0.0038593482,,,,,,
2020-10-23,968,"-98.1999,38.3462",20159,"Kansas, Rice",0.275590551181102,3.67222746826146,0.0133249396705487,127,1.02615739535713,1.01129842339761,0.0078740157480315,1,0.0001049207848074,1.0,1.01792687926592,0.380298848877127,1.0086781017352,0.5274,0.5571,0.2974,0.0026230196201867,1466.3,6.6,18.1,12.9,8035.3444226,0.166799166,8.1,0.134,70.583659401,3.0,0.371,0.0128003357,0.0130101773,,,,,-16.0,
2020-10-23,969,"-96.7342,39.2894",20161,"Kansas, Riley",0.0705374280230326,1.9944914046918,0.0282756468529097,2084,1.00567936208824,1.01129842339761,0.005278310940499,11,0.0001492476561334,1.01370885629547,1.01792687926592,0.380298848877127,1.0086781017352,0.4503,0.6539,0.9532,0.0014789085925946,1723.03,5.9,8.6,119.0,4804.3105292,0.1460924224,9.0,0.047,79.353295952,4.3,0.253,0.0627247195,0.0068518242,-11.0,11.0,,,-17.0,8.0
2020-10-23,970,"-99.3248,39.3502",20163,"Kansas, Rooks",0.157142857142857,4.38858966686615,0.0279273887891482,140,1.01064309218431,1.01129842339761,0.05,7,0.0013963694394574,1.0,1.01792687926592,0.380298848877127,1.0086781017352,0.2793,0.0592,0.0742,0.0039896269698783,1486.66,6.8,21.5,5.5,7015.9162055,0.1644803249,7.2,0.108,71.156403877,2.3,0.352,0.0067823658,0.0059844405,,,,,,
2020-10-23,971,"-99.3086,38.5228",20165,"Kansas, Rush",0.224489795918367,7.11283543485289,0.0316844487552538,98,1.01223970067319,1.01129842339761,0.0,0,0.0,,1.01792687926592,0.380298848877127,1.0086781017352,0.3006,0.0755,0.0258,0.011639185257032,1427.08,5.4,24.1,4.0,10648.039319,0.1535660828,7.5,0.091,44.860310293,3.0,0.383,0.0051729712,0.0100226317,,,,,,
2020-10-23,972,"-98.7625,38.9146",20167,"Kansas, Russell",0.26219512195122,6.22556826407992,0.0237440277978862,164,1.00902819989871,1.01129842339761,0.024390243902439,4,0.0005791226292167,1.04195362743721,1.01792687926592,0.380298848877127,1.0086781017352,0.364,0.3152,0.1315,0.0066599102359924,1318.52,10.3,24.2,7.3,9037.9840008,0.1577499154,7.5,0.126,28.403649056,3.7,0.332,0.0131750398,0.0114376719,,,,,2.0,
2020-10-23,973,"-97.6519,38.7837",20169,"Kansas, Saline",0.161951219512195,3.05141449605706,0.0188415654124005,1025,1.01414759359877,1.01129842339761,0.0126829268292683,13,0.0002389661954743,1.01150029829051,1.01792687926592,0.380298848877127,1.0086781017352,0.2717,0.6855,0.4947,0.0036396389772246,1718.07,8.7,16.6,79.0,8134.3082653,0.178542953,8.5,0.102,140.93144792,5.0,0.345,0.0322236724,0.0077388283,-4.0,-7.0,,35.0,-11.0,4.0
2020-10-23,974,"-100.9067,38.4822",20171,"Kansas, Scott",0.23125,7.55564631406984,0.0326730651419236,160,1.02135629719252,1.01129842339761,0.00625,1,0.000204206657137,1.0,1.01792687926592,0.380298848877127,1.0086781017352,0.2398,0.7787,0.4527,0.0051051664284255,1789.03,5.4,16.3,6.7,6111.3115592,0.1549973641,7.0,0.1,175.2093871,3.0,0.39,0.0057177864,0.0130692261,,,,,,
2020-10-23,975,"-97.4608,37.6843",20173,"Kansas, Sedgwick",0.141797049620027,3.08796414379088,0.0217773511653852,11185,1.01187334850134,1.01129842339761,0.0113544926240501,127,0.0002472707731787,1.01554655794079,1.01792687926592,0.380298848877127,1.0086781017352,0.3943,0.8122,0.4588,0.0015887633930222,1821.85,10.7,13.6,539.1,8102.0964407,0.170320928,10.0,0.106,181.28926061,5.0,0.336,0.0873488874,0.0133000524,-13.0,-13.0,5.0,-20.0,-21.0,6.0
2020-10-23,976,"-100.8507,37.1932",20175,"Kansas, Seward",0.101990049751244,9.41230486685032,0.0922865013774105,2010,1.00739221383858,1.01129842339761,0.0054726368159204,11,0.0005050505050505,1.06669950157661,1.01792687926592,0.380298848877127,1.0086781017352,0.8006,0.9911,0.8771,0.0046372819100091,1577.02,19.1,9.8,36.7,6440.7419515,0.1812135472,7.2,0.07,21.743869189,3.7,0.359,0.0407254362,0.0168044077,-17.0,-9.0,,16.0,-20.0,5.0
2020-10-23,977,"-95.7557,39.041",20177,"Kansas, Shawnee",0.118779620853081,2.25916765728258,0.0190198254638054,3376,1.00858094705138,1.01129842339761,0.0228080568720379,77,0.0004338052608747,1.02449785310108,1.01792687926592,0.380298848877127,1.0086781017352,0.2484,0.6991,0.7755,0.0049634082445534,1790.77,6.8,17.1,345.0,8838.9475498,0.1775899367,9.6,0.113,200.59385499,5.0,0.367,0.0774821267,0.0141465586,-3.0,-9.0,-2.0,16.0,-24.0,5.0
2020-10-23,978,"-100.4418,39.3502",20179,"Kansas, Sheridan",0.642857142857143,35.5309909198579,0.0552704303197789,140,1.05695811083166,1.01129842339761,0.0,0,0.0,,1.01792687926592,0.380298848877127,1.0086781017352,0.021,0.2174,0.0153,0.0209238057639163,1614.72,10.3,22.7,2.8,4128.1337227,0.1497767112,6.7,0.077,45.650976193,3.0,0.237,0.0043426767,0.0059218318,,,,,,
2020-10-23,979,"-101.7198,39.3515",20181,"Kansas, Sherman",0.668604651162791,19.494829632141,0.0291574843193762,172,1.05152702661506,1.01129842339761,0.0,0,0.0,,1.01792687926592,0.380298848877127,1.0086781017352,0.4656,0.3044,0.3569,0.0042380064417697,1403.49,9.1,18.7,5.4,9138.2751352,0.1569117551,6.4,0.199,18.945699456,3.7,0.397,0.0083064926,0.00661129,,,,,,
2020-10-23,980,"-98.7857,39.7852",20183,"Kansas, Smith",0.368421052631579,1.9428254232584,0.0052733832917013,19,1.0,1.01129842339761,0.0,0,0.0,,1.01792687926592,0.380298848877127,1.0086781017352,0.1732,0.0729,0.0223,0.0147099639189564,1562.65,8.6,27.4,4.1,7017.1883019,0.1603847318,7.3,0.084,20.294779168,3.0,0.374,0.0022203719,0.0038856508,,,,,,
2020-10-23,981,"-98.7176,38.031",20185,"Kansas, Stafford",0.10958904109589,1.9147917663954,0.0174724748683581,73,1.00808291126667,1.01129842339761,0.0136986301369863,1,0.0002393489707994,1.0,1.01792687926592,0.380298848877127,1.0086781017352,0.3484,0.6673,0.0605,0.0059837242699856,1527.39,11.0,20.6,5.1,9844.4016991,0.1593025785,7.8,0.163,14.288130583,3.0,0.323,0.0031115366,0.0215414074,,,,,,
2020-10-23,982,"-101.7844,37.563",20187,"Kansas, Stanton",0.193181818181818,8.5556114745848,0.0442878711625566,88,1.0155320972334,1.01129842339761,0.0227272727272727,2,0.0010065425264217,1.0,1.01792687926592,0.380298848877127,1.0086781017352,0.5137,0.8539,0.1286,0.0171112229491696,1414.01,14.9,17.7,3.1,6491.0204723,0.1602806551,6.5,0.038,12.948267171,3.0,0.379,0.0060392552,0.0221439356,,,,,,
2020-10-23,983,"-101.3119,37.1923",20189,"Kansas, Stevens",0.170984455958549,5.93631948192121,0.0347184745457816,193,1.01325945050853,1.01129842339761,0.005181347150259,1,0.0001798884691491,1.0,1.01792687926592,0.380298848877127,1.0086781017352,0.6726,0.9258,0.5081,0.0179888469149128,1800.11,18.2,13.5,7.7,6660.3434288,0.1642286594,7.0,0.115,67.978474965,3.0,0.378,0.0055765425,0.0212268394,,,,,,
2020-10-23,984,"-97.4772,37.2368",20191,"Kansas, Sumner",0.146718146718147,1.65246129761698,0.0112628283179683,259,1.01460664178012,1.01129842339761,0.0154440154440154,4,0.0001739432944859,1.04195362743721,1.01792687926592,0.380298848877127,1.0086781017352,0.2678,0.1882,0.2404,0.0033049225952339,1612.84,7.8,18.0,17.0,7788.6174438,0.1651688899,9.1,0.133,20.433250666,3.7,0.423,0.0115672291,0.0129587754,,,,,-14.0,5.0
2020-10-23,985,"-101.0554,39.3511",20193,"Kansas, Thomas",0.273092369477912,8.81857087277915,0.0322915315782648,249,1.03033459588844,1.01129842339761,0.0080321285140562,2,0.0002593697315523,1.0,1.01792687926592,0.380298848877127,1.0086781017352,0.1287,0.362,0.0952,0.0114122681883024,1672.75,8.4,15.9,7.7,6866.5409254,0.1574457967,6.6,0.049,5.2394967692,3.7,0.334,0.0088185709,0.0107638439,,,,28.0,-13.0,
2020-10-23,986,"-99.8728,38.9147",20195,"Kansas, Trego",0.283333333333333,6.08664518438955,0.0214822771213749,60,1.03239118471,1.01129842339761,0.0166666666666667,1,0.0003580379520229,1.0,1.01792687926592,0.380298848877127,1.0086781017352,0.0226,0.0519,0.0796,0.0221983530254207,1557.95,8.2,24.2,3.0,7205.0637103,0.1385481363,6.9,0.117,14.872578367,3.0,0.364,0.007518797,0.0035803795,,,,,,
2020-10-23,987,"-96.2035,38.9547",20197,"Kansas, Wabaunsee",0.132530120481928,1.59443397593854,0.0120307290911726,83,1.01077696993807,1.01129842339761,0.0120481927710843,1,0.0001449485432671,1.0,1.01792687926592,0.380298848877127,1.0086781017352,0.0701,0.177,0.0427,,1593.08,5.1,18.8,6.5,6813.489551,0.1391754148,8.9,0.101,15.276689621,3.0,0.33,0.0068125815,0.0086969126,,,,,-13.0,
2020-10-23,988,"-101.7639,38.9169",20199,"Kansas, Wallace",0.333333333333333,6.65335994677312,0.0199600798403194,30,1.03868718652324,1.01129842339761,0.0,0,0.0,,1.01792687926592,0.380298848877127,1.0086781017352,0.1341,0.5097,0.0169,,1747.2,5.9,21.7,1.6,,0.1458543251,6.5,0.144,35.643059265,3.0,0.261,0.005322688,0.0066533599,,,,,,
2020-10-23,989,"-97.0875,39.7842",20201,"Kansas, Washington",0.21875,1.29151291512915,0.0059040590405904,32,1.0301070886466,1.01129842339761,0.0,0,0.0,,1.01792687926592,0.380298848877127,1.0086781017352,0.2564,0.3537,0.0735,0.0092250922509225,1491.2,4.5,24.2,5.5,5865.709843,0.1439813019,8.4,0.074,10.311364146,3.0,0.329,0.0055350554,0.0053505535,,,,,,
2020-10-23,990,"-101.3472,38.4818",20203,"Kansas, Wichita",0.78125,11.8764845605701,0.0152019002375297,32,1.13733043453577,1.01129842339761,0.0,0,0.0,,1.01792687926592,0.380298848877127,1.0086781017352,0.1879,0.8707,0.2872,0.0175771971496437,1599.41,6.3,21.3,3.3,6007.4238887,0.1350333712,6.8,0.116,84.020102732,2.3,0.362,0.0104513064,0.0104513064,,,,,,
2020-10-23,991,"-95.7432,37.5594",20205,"Kansas, Wilson",0.310679611650485,3.6930178880554,0.0118869013271783,103,1.01469688037576,1.01129842339761,0.0194174757281553,2,0.0002308136180034,1.0,1.01792687926592,0.380298848877127,1.0086781017352,0.4838,0.1843,0.6514,0.0056549336410848,1387.19,7.0,20.6,15.1,9455.7597873,0.1809437455,9.7,0.187,15.385290927,3.0,0.397,0.0056549336,0.0173110214,,,,,-9.0,
2020-10-23,992,"-95.7401,37.8865",20207,"Kansas, Woodson",0.0769230769230769,0.628338045868677,0.0081683945962928,26,1.0,1.01129842339761,0.0,0,0.0,,1.01792687926592,0.380298848877127,1.0086781017352,0.8172,0.2802,0.0471,,1124.16,13.1,23.3,5.2,6861.4111737,0.1832212382,9.2,0.102,34.744932488,3.0,0.382,0.0056550424,0.0160226202,,,,,,
2020-10-23,993,"-94.7638,39.1173",20209,"Kansas, Wyandotte",0.0822388609304038,4.05264813336237,0.0492789915559749,8147,1.00605321819452,1.01129842339761,0.0197618755370075,161,0.0009738452977184,1.0150653006911,1.01792687926592,0.380298848877127,1.0086781017352,0.8828,0.9659,0.6686,0.0069923302121894,1474.7,18.0,11.7,1164.3,9625.6869721,0.2098008463,10.1,0.128,239.57102979,5.0,0.395,0.2190365585,0.0138394909,0.0,-2.0,5.0,-33.0,-14.0,5.0
2020-10-23,994,"-85.2813,37.1046",21001,"Kentucky, Adair",0.227765726681128,5.46448087431694,0.023991673172001,461,1.01270759664823,1.0132148067429,0.0455531453362256,21,0.0010928961748633,1.01440033702014,1.00901192236236,0.318536693878483,1.01001589513307,0.8732,0.1515,0.9303,0.0038511579495186,1201.61,5.4,17.6,41.9,10222.151891,0.226199734,10.4,0.175,47.198973583,4.0,0.409,0.0289357273,0.0028103044,,,,,-23.0,
2020-10-23,995,"-86.1946,36.752",21003,"Kentucky, Allen",0.171875,4.16627213332071,0.0242401287756841,512,1.01700397889295,1.0132148067429,0.021484375,11,0.000520784016665,1.02908210240756,1.00901192236236,0.318536693878483,1.01001589513307,0.7841,0.2716,0.3674,0.0011836000378752,1276.24,7.0,17.0,52.1,10941.398389,0.2217507484,10.6,0.12,8.3451364135,4.0,0.375,0.0115519364,0.0032193921,,-3.0,,,-13.0,
2020-10-23,996,"-84.9917,38.0067",21005,"Kentucky, Anderson",0.19831223628692,2.07386488990866,0.0104575740193267,237,1.01742908883703,1.0132148067429,0.0042194092827004,1,4.41247848916737e-05,1.0,1.00901192236236,0.318536693878483,1.01001589513307,0.565,0.1789,0.0564,,1694.21,3.5,15.0,84.7,10588.188352,0.191322716,10.9,0.149,50.285792931,5.0,0.369,0.0205621498,0.0024268632,-13.0,,,,-26.0,8.0
2020-10-23,997,"-88.9943,37.0584",21007,"Kentucky, Ballard",0.130434782608696,1.12796089735556,0.0086477002130592,69,1.01308078292908,1.0132148067429,0.0144927536231884,1,0.000125328988595,1.0,1.00901192236236,0.318536693878483,1.01001589513307,0.621,0.0917,0.3556,,1465.3,7.6,20.0,26.9,8964.2846647,0.2045864029,11.1,0.16,51.428721113,3.0,0.364,0.0335881689,0.0031332247,,,,,-19.0,
2020-10-23,998,"-85.9334,36.9647",21009,"Kentucky, Barren",0.196564885496183,4.66316551973923,0.0237232886635277,1048,1.02312801091539,1.0132148067429,0.0124045801526718,13,0.0002942774357116,1.0,1.00901192236236,0.318536693878483,1.01001589513307,0.8764,0.2642,0.5164,0.0040746106483158,1260.73,6.7,17.0,89.2,8467.4712658,0.2239592423,10.8,0.116,19.21595275,5.0,0.337,0.0405876494,0.003553966,-11.0,13.0,,,-19.0,6.0
2020-10-23,999,"-83.7459,38.1474",21011,"Kentucky, Bath",0.12962962962963,1.13058224985868,0.0087216344989098,108,1.01250777270301,1.0132148067429,0.0092592592592592,1,8.07558749899055e-05,1.0,1.00901192236236,0.318536693878483,1.01001589513307,0.8924,0.0331,0.4699,,1045.54,5.6,16.1,36.6,12221.102371,0.2300592844,10.0,0.124,10.279985148,3.0,0.419,0.0138092546,0.0025034321,,,,,-21.0,
2020-10-23,1000,"-83.6777,36.7336",21013,"Kentucky, Bell",0.163833075734158,3.98961195378072,0.0243516880575106,647,1.01573946524131,1.0132148067429,0.0262751159196291,17,0.0006398434265497,1.00869827228079,1.00901192236236,0.318536693878483,1.01001589513307,0.9873,0.1261,0.9039,0.0081297753020437,831.96,5.3,18.1,84.8,13367.010295,0.2754840091,9.7,0.226,62.702966378,3.7,0.374,0.0242387745,0.0025970116,-14.0,-7.0,,,-18.0,
2020-10-23,1001,"-84.7262,38.9707",21015,"Kentucky, Boone",0.145563310069791,2.2199752153452,0.0152509256232276,2006,1.01178876275003,1.0132148067429,0.0124626121635095,25,0.0001900663711768,1.0,1.00901192236236,0.318536693878483,1.01001589513307,0.0783,0.5616,0.0977,0.0020603194635566,2557.9,4.3,12.5,599.0,6677.022486,0.1765411866,12.0,0.107,240.13412693,5.0,0.358,0.0342347548,0.0021287434,-13.0,-7.0,,-17.0,-33.0,8.0
2020-10-23,1002,"-84.2183,38.2055",21017,"Kentucky, Bourbon",0.217687074829932,3.17082837891399,0.0145659928656361,294,1.01996851626042,1.0132148067429,0.0034013605442176,1,4.95441934205311e-05,1.0,1.00901192236236,0.318536693878483,1.01001589513307,0.6414,0.6832,0.1738,0.0028735632183908,1440.13,5.8,18.2,66.4,9869.3823296,0.2042339115,10.5,0.107,67.879779945,4.0,0.303,0.0576694411,0.0040130797,-16.0,,,,-20.0,
2020-10-23,1003,"-82.6865,38.3618",21019,"Kentucky, Boyd",0.154589371980676,2.03217612193057,0.0131456392887384,621,1.01488023862443,1.0132148067429,0.0322061191626409,20,0.0004233700254022,1.04195362743721,1.00901192236236,0.318536693878483,1.01001589513307,0.7118,0.1184,0.7657,0.0096316680779,1596.12,6.0,18.5,346.4,10873.439558,0.2158710532,10.4,0.153,126.6145421,5.0,0.405,0.0280059272,0.0032811177,-8.0,-3.0,,9.0,-20.0,5.0
2020-10-23,1004,"-84.8634,37.6268",21021,"Kentucky, Boyle",0.229314420803783,3.22259136212625,0.0140531561461794,423,1.01619807244234,1.0132148067429,0.0,0,0.0,,1.00901192236236,0.318536693878483,1.01001589513307,0.4994,0.4677,0.4155,0.0065448504983388,1591.69,4.6,18.2,182.5,9737.7723106,0.2016275966,10.5,0.146,44.165905559,5.0,0.285,0.0772425249,0.002923588,-16.0,-5.0,,,-20.0,6.0
2020-10-23,1005,"-84.0853,38.6916",21023,"Kentucky, Bracken",0.353846153846154,2.79160092244204,0.0078893069547275,65,1.04426399128666,1.0132148067429,0.0153846153846154,1,0.0001213739531496,1.0,1.00901192236236,0.318536693878483,1.01001589513307,0.7003,0.0764,0.4884,,1397.73,5.0,15.7,31.0,12200.179667,0.2100825514,10.5,0.098,5.0337590278,3.3,0.317,0.0064328195,0.0031557228,,,,,-18.0,
2020-10-23,1006,"-83.3196,37.5233",21025,"Kentucky, Breathitt",0.130434782608696,1.17868929750118,0.009036617947509,115,1.01170989225487,1.0132148067429,0.0,0,0.0,,1.00901192236236,0.318536693878483,1.01001589513307,0.9908,0.0118,0.9249,0.0043218607575043,907.98,4.5,15.7,27.7,15948.120217,0.2668442585,9.7,0.199,24.950983372,3.7,0.381,0.0058148672,0.0018073236,,,,,-38.0,
2020-10-23,1007,"-86.4289,37.7738",21027,"Kentucky, Breckinridge",0.197860962566845,1.81479301549931,0.0091720619972532,187,1.0198164201615,1.0132148067429,0.0106951871657754,2,9.80969197567196e-05,1.0,1.00901192236236,0.318536693878483,1.01001589513307,0.8248,0.2706,0.7498,0.001226211496959,1359.94,7.1,18.7,30.1,9771.8584703,0.2229518945,11.8,0.127,17.953064959,3.7,0.246,0.0205022562,0.0051500883,,,,,-17.0,
2020-10-23,1008,"-85.6896,37.9716",21029,"Kentucky, Bullitt",0.221109399075501,3.54019415559585,0.0160110523134614,1298,1.01820570017907,1.0132148067429,0.0107858243451464,14,0.0001726923978339,1.01064309218431,1.00901192236236,0.318536693878483,1.01001589513307,0.3548,0.1608,0.064,,1991.43,3.8,14.8,218.2,7926.3335162,0.1971522299,12.4,0.172,79.957135253,5.0,0.345,0.0117924237,0.0038362383,-10.0,-3.0,,7.0,-25.0,6.0
2020-10-23,1009,"-86.6875,37.2095",21031,"Kentucky, Butler",0.0788804071246819,2.42718446601942,0.0307704353272784,393,1.00595543844619,1.0132148067429,0.0407124681933842,16,0.0012527403695584,1.0,1.00901192236236,0.318536693878483,1.01001589513307,0.8061,0.4311,0.6641,,1154.95,7.5,17.7,26.2,11567.465381,0.2293957039,11.1,0.132,5.9144527381,3.3,0.313,0.0054024428,0.0041497025,,,,,-12.0,
2020-10-23,1010,"-87.8695,37.1475",21033,"Kentucky, Caldwell",0.24390243902439,4.71883602044829,0.019347227683838,246,1.01347360239092,1.0132148067429,0.0,0,0.0,,1.00901192236236,0.318536693878483,1.01001589513307,0.4561,0.2127,0.5138,0.0019661816751867,1291.91,7.2,20.4,34.8,9761.7701927,0.1974068894,10.9,0.149,8.6848966745,4.3,0.336,0.0546598506,0.0031458907,,,,,-16.0,
2020-10-23,1011,"-88.2732,36.6209",21035,"Kentucky, Calloway",0.194570135746606,4.39504280056216,0.0225884757889357,884,1.01114662668456,1.0132148067429,0.0101809954751131,9,0.0002299731697968,1.0,1.00901192236236,0.318536693878483,1.01001589513307,0.6576,0.3391,0.8026,0.0038839913121247,1368.29,5.4,16.6,97.6,7246.0522675,0.1939167467,10.7,0.096,67.770139052,5.0,0.33,0.0402708573,0.0031429667,-9.0,7.0,,,-15.0,4.0
2020-10-23,1012,"-84.3788,38.9438",21037,"Kentucky, Campbell",0.158081705150977,1.9108553761594,0.0120877705255926,1126,1.0118322538564,1.0132148067429,0.0142095914742451,16,0.000171762281003,1.0,1.00901192236236,0.318536693878483,1.01001589513307,0.2672,0.2267,0.6778,0.0019108553761594,2188.65,3.7,14.9,496.6,8892.0779563,0.1909263056,11.7,0.095,378.27444822,5.0,0.316,0.0284803332,0.0020289419,-15.0,-8.0,,,-32.0,8.0
2020-10-23,1013,"-88.9669,36.8537",21039,"Kentucky, Carlisle",0.148514851485149,3.14399496960805,0.0211695661286942,101,1.01500590483306,1.0132148067429,0.0099009900990099,1,0.0002095996646405,1.0,1.00901192236236,0.318536693878483,1.01001589513307,0.7201,0.1385,0.178,,1345.13,5.7,20.5,19.8,10566.395239,0.2221904221,11.0,0.106,16.900012446,3.0,0.27,0.0140431775,0.0064975896,,,,,,
2020-10-23,1014,"-85.126,38.666",21041,"Kentucky, Carroll",0.0514018691588785,1.02449473782248,0.0199310794449101,214,1.00476233572538,1.0132148067429,0.0233644859813084,5,0.0004656794262829,1.0,1.00901192236236,0.318536693878483,1.01001589513307,0.9121,0.4731,0.8621,0.0023283971314147,1407.49,9.3,15.0,102.1,12596.821544,0.2239797873,11.1,0.128,21.026065419,4.3,0.293,0.0169507311,0.0043773866,-10.0,,,,-18.0,
2020-10-23,1015,"-83.0509,38.3169",21043,"Kentucky, Carter",0.220447284345048,2.55517701081321,0.0115908754258628,313,1.01604356458672,1.0132148067429,0.012779552715655,4,0.0001481262035254,1.0,1.00901192236236,0.318536693878483,1.01001589513307,0.9532,0.0605,0.7991,,1112.42,8.0,17.8,60.5,10941.674072,0.2266857811,9.6,0.152,19.063975283,4.0,0.396,0.006184269,0.002555177,,12.0,,15.0,-17.0,
2020-10-23,1016,"-84.9273,37.3253",21045,"Kentucky, Casey",0.0841423948220065,1.63645518630413,0.0194486404833837,309,1.01010511484056,1.0132148067429,0.0485436893203883,15,0.0009441087613293,1.0,1.00901192236236,0.318536693878483,1.01001589513307,0.9666,0.1958,0.5594,0.0015105740181268,1121.03,12.4,19.8,31.5,12001.621176,0.2644768153,10.4,0.142,16.126706187,3.0,0.348,0.0085599194,0.0045317221,,,,,-15.0,
2020-10-23,1017,"-87.4906,36.8927",21047,"Kentucky, Christian",0.157716223855285,3.89278787794226,0.0246822285164153,1769,1.01140503549769,1.0132148067429,0.0152628603730921,27,0.0003767214075428,1.00540603558491,1.00901192236236,0.318536693878483,1.01001589513307,0.8226,0.6533,0.9306,0.0109667787529126,1489.99,8.7,11.7,155.2,10557.795609,0.2347389332,10.9,0.106,81.356623579,5.0,0.341,0.2141172859,0.0074088543,-13.0,-2.0,,26.0,-20.0,5.0
2020-10-23,1018,"-84.1462,37.9689",21049,"Kentucky, Clark",0.178260869565217,2.26213136914122,0.0126900052415239,460,1.01728472656952,1.0132148067429,0.0239130434782609,11,0.0003034566470799,1.01370885629547,1.00901192236236,0.318536693878483,1.01001589513307,0.571,0.4626,0.4772,,1777.02,4.4,17.2,137.5,10640.491122,0.1885119988,10.4,0.107,93.941293036,5.0,0.361,0.0470909542,0.0024000662,-19.0,-9.0,,,-30.0,7.0
2020-10-23,1019,"-83.7126,37.1645",21051,"Kentucky, Clay",0.231601731601732,5.3220591892564,0.022979358368565,462,1.01791540622859,1.0132148067429,0.012987012987013,6,0.0002984332255657,1.0,1.00901192236236,0.318536693878483,1.01001589513307,0.9965,0.1726,0.9898,0.0024372046754538,827.41,7.1,14.3,38.7,13419.795325,0.2930991805,9.8,0.125,18.91563438,3.7,0.363,0.0379010196,0.0022879881,,,,,-11.0,
2020-10-23,1020,"-85.1338,36.7258",21053,"Kentucky, Clinton",0.301435406698565,6.17283950617284,0.0204781501077797,209,1.02402469816405,1.0132148067429,0.0143540669856459,3,0.0002939447383891,1.05963402266705,1.00901192236236,0.318536693878483,1.01001589513307,0.9312,0.0382,0.7125,0.0041152263374485,1143.38,8.6,18.8,53.8,9211.1649469,0.23363065,9.7,0.145,6.5259890817,3.3,0.352,0.0049970606,0.0028414658,,,,,,
2020-10-23,1021,"-88.0883,37.3584",21055,"Kentucky, Crittenden",0.204968944099379,3.7016264722378,0.0180594503645541,161,1.0212119024701,1.0132148067429,0.0062111801242236,1,0.0001121704991587,1.0,1.00901192236236,0.318536693878483,1.01001589513307,0.5889,0.219,0.4419,0.0053841839596186,1384.87,9.0,20.0,21.7,10623.182177,0.2192792403,11.1,0.082,39.058424351,3.3,0.313,0.0097588334,0.0041503085,,,,,-15.0,
2020-10-23,1022,"-85.3905,36.7893",21057,"Kentucky, Cumberland",0.13953488372093,2.70310857486109,0.0193722781198378,129,1.01909787323977,1.0132148067429,0.0,0,0.0,,1.00901192236236,0.318536693878483,1.01001589513307,0.8385,0.0984,0.4632,0.0037543174650848,1136.26,10.0,21.1,20.9,9517.3725893,0.2137402923,9.9,0.161,21.516121542,3.0,0.373,0.0291335035,0.0016518997,,,,,,
2020-10-23,1023,"-87.0902,37.7303",21059,"Kentucky, Daviess",0.118753358409457,2.18586801709131,0.0184067890489001,1861,1.00948471164705,1.0132148067429,0.0145083288554541,27,0.0002670517486944,1.01696850489722,1.00901192236236,0.318536693878483,1.01001589513307,0.4573,0.4769,0.7071,0.0052124545022946,1739.98,4.8,16.4,218.3,8500.6450281,0.1734145221,12.2,0.123,178.80295042,5.0,0.313,0.0489891597,0.0016814369,-22.0,-9.0,,,-28.0,5.0
2020-10-23,1024,"-86.2396,37.2122",21061,"Kentucky, Edmonson",0.149425287356322,2.11829884308294,0.0141763076421704,174,1.01479545554228,1.0132148067429,0.0689655172413793,12,0.0009776763891152,1.0,1.00901192236236,0.318536693878483,1.01001589513307,0.8911,0.1334,0.588,,1264.56,6.3,19.7,32.1,8582.3178322,0.2171038823,11.0,0.167,11.763954551,3.0,0.362,0.0189017435,0.0041551247,,,,,-23.0,
2020-10-23,1025,"-83.0977,38.1162",21063,"Kentucky, Elliott",0.538461538461538,7.45871070857752,0.0138518913159297,104,1.07669244147249,1.0132148067429,0.0,0,0.0,,1.00901192236236,0.318536693878483,1.01001589513307,0.8691,0.0764,0.6775,,945.04,5.1,18.4,29.1,11599.979269,0.2728170266,9.4,0.182,15.770917323,3.0,0.399,0.0360948322,0.0031965903,,,,,,
2020-10-23,1026,"-83.9596,37.6924",21065,"Kentucky, Estill",0.189723320158103,3.38075785321876,0.0178194111846739,253,1.01183390671345,1.0132148067429,0.0,0,0.0,,1.00901192236236,0.318536693878483,1.01001589513307,0.9885,0.0073,0.6119,0.0017608113818847,933.5,6.5,18.2,47.0,14464.705368,0.2515535186,9.8,0.174,23.234062378,4.0,0.4,0.0044372447,0.0030285956,,,,,-22.0,
2020-10-23,1027,"-84.4558,38.0368",21067,"Kentucky, Fayette",0.113488463813843,3.55488294520971,0.0313237383408487,10142,1.00852345484254,1.0132148067429,0.0084795898244922,86,0.0002656124529001,1.00682720684153,1.00901192236236,0.318536693878483,1.01001589513307,0.3841,0.8029,0.7701,0.0080054357897337,2085.53,6.8,12.6,1249.9,7528.930619,0.1962875584,10.8,0.099,481.34412162,5.0,0.267,0.1476465501,0.0028414355,-22.0,-13.0,27.0,-25.0,-32.0,9.0
2020-10-23,1028,"-83.6966,38.3676",21069,"Kentucky, Fleming",0.406451612903226,4.36529933481153,0.010740022172949,155,1.05158310506627,1.0132148067429,0.0,0,0.0,,1.00901192236236,0.318536693878483,1.01001589513307,0.807,0.3238,0.4989,0.0036031042128603,1446.46,9.1,17.0,34.3,10775.218327,0.2211863337,10.1,0.128,7.2849914631,3.7,0.34,0.0138580931,0.0014550998,,,,,-15.0,
2020-10-23,1029,"-82.7475,37.5621",21071,"Kentucky, Floyd",0.306451612903226,2.65029990235737,0.0086483470497977,310,1.02887150540054,1.0132148067429,0.0129032258064516,4,0.0001115915748361,1.0,1.00901192236236,0.318536693878483,1.01001589513307,0.9866,0.0261,0.9048,0.0062491281908215,1040.9,4.8,17.1,109.8,14451.871516,0.2481965808,10.0,0.168,47.382165575,4.0,0.413,0.0105454038,0.0017296694,,-8.0,,,-15.0,
2020-10-23,1030,"-84.8796,38.2379",21073,"Kentucky, Franklin",0.0787207872078721,1.25947062875135,0.015999212830857,813,1.00760631587398,1.0132148067429,0.017220172201722,14,0.0002755092000393,1.01064309218431,1.00901192236236,0.318536693878483,1.01001589513307,0.3898,0.6215,0.7332,0.0034045065433435,1738.28,8.4,16.8,295.1,10071.73732,0.1908310593,11.0,0.126,174.35327868,5.0,0.371,0.104004723,0.0037784119,-16.0,,,,-33.0,10.0
2020-10-23,1031,"-89.2014,36.5524",21075,"Kentucky, Fulton",0.213973799126638,8.00653594771242,0.0374183006535948,229,1.01314098680947,1.0132148067429,0.0131004366812227,3,0.0004901960784313,1.0,1.00901192236236,0.318536693878483,1.01001589513307,0.9271,0.4101,0.4839,,996.33,5.3,19.8,28.5,12226.197725,0.2464168229,10.9,0.129,21.46276057,3.3,0.396,0.2383986928,0.0047385621,,,,,,
2020-10-23,1032,"-84.8558,38.754",21077,"Kentucky, Gallatin",0.165289256198347,2.26449275362319,0.0137001811594203,121,1.01370885629547,1.0132148067429,0.0661157024793388,8,0.0009057971014492,1.0,1.00901192236236,0.318536693878483,1.01001589513307,0.7048,0.3801,0.6813,,1529.14,8.7,13.4,71.5,13620.126978,0.2113826854,11.1,0.138,50.95863195,4.0,0.304,0.0142663043,0.0027173913,,,,2.0,-24.0,
2020-10-23,1033,"-84.5329,37.6389",21079,"Kentucky, Garrard",0.287272727272727,4.49886104783599,0.0156605922551253,275,1.03239118471,1.0132148067429,0.0109090909090909,3,0.0001708428246013,1.0,1.00901192236236,0.318536693878483,1.01001589513307,0.699,0.1293,0.148,,1495.13,6.7,17.4,54.2,9618.227903,0.204146597,10.4,0.171,40.19564175,3.0,0.389,0.0198177677,0.0029612756,,,,,-25.0,
2020-10-23,1034,"-84.6242,38.6496",21081,"Kentucky, Grant",0.133333333333333,1.19421997531945,0.0089566498148959,225,1.00786048070537,1.0132148067429,0.0266666666666667,6,0.0002388439950638,1.0,1.00901192236236,0.318536693878483,1.01001589513307,0.5975,0.1057,0.6087,0.0009951833127662,1453.15,4.9,13.3,76.1,11768.335751,0.2313007571,10.9,0.136,88.051613758,5.0,0.336,0.0088770351,0.0026272839,20.0,,,,-21.0,4.0
2020-10-23,1035,"-88.6514,36.7229",21083,"Kentucky, Graves",0.0628637951105937,1.44706166090522,0.0230189993836589,859,1.00405637593125,1.0132148067429,0.0337601862630966,29,0.0007771257067824,1.0,1.00901192236236,0.318536693878483,1.01001589513307,0.7678,0.6358,0.5801,0.0028673258836455,1346.67,5.7,17.9,60.0,9211.1550448,0.2213156973,11.0,0.12,29.283491137,5.0,0.35,0.0407589034,0.0050915133,-7.0,-6.0,,,-15.0,3.0
2020-10-23,1036,"-86.3425,37.4623",21085,"Kentucky, Grayson",0.132505175983437,2.43151855932525,0.0183503666274078,483,1.01242612543271,1.0132148067429,0.031055900621118,15,0.0005698871623418,1.0,1.00901192236236,0.318536693878483,1.01001589513307,0.7946,0.1016,0.5501,0.0028494358117092,1284.24,5.0,16.8,47.5,11886.493927,0.2425628987,11.3,0.147,10.326304289,4.0,0.374,0.0117016831,0.0026214809,-5.0,10.0,,,-23.0,
2020-10-23,1037,"-85.5541,37.2648",21087,"Kentucky, Green",0.109034267912773,3.16770748484026,0.0290524029323921,321,1.00780363685057,1.0132148067429,0.0249221183800623,8,0.0007240474251063,1.0,1.00901192236236,0.318536693878483,1.01001589513307,0.6949,0.2381,0.3238,0.0031677074848402,1233.05,5.7,19.8,31.1,8796.0201204,0.2110902975,10.7,0.121,17.458480625,3.3,0.346,0.020092316,0.0042537786,,,,,-21.0,
2020-10-23,1038,"-82.9216,38.5433",21089,"Kentucky, Greenup",0.176369863013699,2.92049449926279,0.0165589202676647,584,1.01286854529763,1.0132148067429,0.0171232876712329,10,0.0002835431552682,1.05227402814137,1.00901192236236,0.318536693878483,1.01001589513307,0.6217,0.0153,0.1544,0.0053873199500964,1493.08,4.9,20.1,87.8,9398.3838009,0.2024295715,10.4,0.18,79.048453871,4.3,0.404,0.0077407281,0.0035159351,0.0,-8.0,,,-18.0,4.0
2020-10-23,1039,"-86.7828,37.8377",21091,"Kentucky, Hancock",0.192,2.7403516784654,0.0142726649920073,125,1.01711386918938,1.0132148067429,0.016,2,0.0002283626398721,1.10408951367381,1.00901192236236,0.318536693878483,1.01001589513307,0.5946,0.2811,0.127,,1503.44,3.0,16.6,51.1,8006.6341779,0.213141852,12.1,0.16,16.765731398,3.3,0.308,0.014272665,0.0035396209,,,,,-26.0,
2020-10-23,1040,"-85.9632,37.6976",21093,"Kentucky, Hardin",0.194627192982456,3.21686179274348,0.0165283265069412,1824,1.01708803575771,1.0132148067429,0.0071271929824561,13,0.000117800572692,1.01150029829051,1.00901192236236,0.318536693878483,1.01001589513307,0.4185,0.4995,0.6625,0.0042136358693682,1769.33,4.6,13.2,188.9,8104.2916673,0.2119897401,11.8,0.132,106.04371771,5.0,0.378,0.1210355576,0.0046485918,-13.0,0.0,,5.0,-29.0,7.0
2020-10-23,1041,"-83.219,36.857",21095,"Kentucky, Harlan",0.113636363636364,2.46128213866485,0.0216592828202507,572,1.00906093207345,1.0132148067429,0.0227272727272727,13,0.0004922564277329,1.0,1.00901192236236,0.318536693878483,1.01001589513307,0.9889,0.1016,0.8873,0.0056798818584573,912.36,5.8,17.3,67.3,14335.991989,0.2670855187,9.6,0.18,34.348404336,3.7,0.324,0.0201825135,0.0025370139,,,,,-16.0,
2020-10-23,1042,"-84.3287,38.4419",21097,"Kentucky, Harrison",0.21011673151751,2.87570561295133,0.0136862285653424,257,1.01661568467983,1.0132148067429,0.0038910505836575,1,5.32538076472468e-05,1.0,1.00901192236236,0.318536693878483,1.01001589513307,0.6631,0.1102,0.5575,0.003248482266482,1492.98,6.3,17.6,53.2,10750.601475,0.2002531707,10.5,0.1,4.0810428886,4.0,0.358,0.0191181169,0.0029822132,,-59.0,,,-28.0,
2020-10-23,1043,"-85.8846,37.2994",21099,"Kentucky, Hart",0.368421052631579,6.29429810642124,0.0170845234317148,323,1.03966959921214,1.0132148067429,0.0030959752321981,1,5.28932613984978e-05,1.0,1.00901192236236,0.318536693878483,1.01001589513307,0.9048,0.2006,0.6479,0.0013223315349624,1223.7,6.9,16.3,41.2,9405.2887675,0.2303942561,11.0,0.075,12.0834709,4.0,0.307,0.0453824183,0.0024859833,,,,-9.0,-22.0,
2020-10-23,1044,"-87.5739,37.7934",21101,"Kentucky, Henderson",0.194711538461538,5.32999934197539,0.0273738237810094,1248,1.01263427293238,1.0132148067429,0.0192307692307692,24,0.0005264196880963,1.05049651792412,1.00901192236236,0.318536693878483,1.01001589513307,0.5796,0.3158,0.7714,0.0042113575047706,1568.28,4.7,16.8,94.8,9445.3212868,0.2149657937,12.0,0.166,193.23084784,4.3,0.358,0.0806957514,0.0033120572,-21.0,21.0,,,-15.0,6.0
2020-10-23,1045,"-85.1159,38.4494",21103,"Kentucky, Henry",0.157258064516129,2.42145784179809,0.0153979883273314,248,1.01594744806228,1.0132148067429,0.0080645161290322,2,0.0001241773252204,1.0,1.00901192236236,0.318536693878483,1.01001589513307,0.679,0.1987,0.2391,,1570.8,8.6,16.4,43.6,8931.9001416,0.2079678682,11.2,0.104,33.973769057,4.0,0.287,0.0284986961,0.0036011424,,,,2.0,-24.0,
2020-10-23,1046,"-88.9788,36.6795",21105,"Kentucky, Hickman",0.201834862385321,4.97624971725854,0.0246550554173264,109,1.01830839364771,1.0132148067429,0.0091743119266055,1,0.0002261931689662,1.0,1.00901192236236,0.318536693878483,1.01001589513307,0.6994,0.2728,0.496,,1167.11,4.6,23.9,18.1,7989.8113131,0.2249380453,10.7,0.133,20.744001094,3.0,0.296,0.0945487446,0.002714318,,,,,,
2020-10-23,1047,"-87.5467,37.3094",21107,"Kentucky, Hopkins",0.220618556701031,4.74838022543712,0.0215230318629626,970,1.0145025967087,1.0132148067429,0.0432989690721649,42,0.0009319250909736,1.0069943706001,1.00901192236236,0.318536693878483,1.01001589513307,0.6535,0.2085,0.433,0.0086535901304695,1423.43,6.7,17.4,82.2,10402.172443,0.2044477119,11.6,0.148,30.981282821,4.3,0.359,0.0664995118,0.0029510961,-17.0,-5.0,,-4.0,-19.0,6.0
2020-10-23,1048,"-83.9983,37.4187",21109,"Kentucky, Jackson",0.0881670533642691,2.82696027376878,0.0320636809998512,431,1.00716136802653,1.0132148067429,0.0394431554524362,17,0.0012646927540544,1.0,1.00901192236236,0.318536693878483,1.01001589513307,0.9828,0.001,0.3276,,1004.92,4.6,16.2,35.6,11764.508413,0.2650872282,9.8,0.175,8.3396411429,3.0,0.435,0.003124535,0.0023062044,,,,,-13.0,
2020-10-23,1049,"-85.6593,38.1866",21111,"Kentucky, Jefferson",0.152927938946236,4.05701626310646,0.0265289409578244,20441,1.01354318587802,1.0132148067429,0.0166821584071229,341,0.0004425599954316,1.00644713615958,1.00901192236236,0.318536693878483,1.01001589513307,0.3812,0.8001,0.7128,0.0059752088532764,2053.75,5.2,15.3,2172.1,9908.826528,0.198269563,12.9,0.121,697.75405449,5.0,0.322,0.217707072,0.0019856797,-22.0,-3.0,58.0,-21.0,-32.0,10.0
2020-10-23,1050,"-84.5825,37.8712",21113,"Kentucky, Jessamine",0.222591362126246,3.72774480712166,0.0167470326409496,903,1.01983621775143,1.0132148067429,0.0077519379844961,7,0.0001298219584569,1.32046924775612,1.00901192236236,0.318536693878483,1.01001589513307,0.5471,0.5514,0.2703,,2262.0,5.8,14.4,282.9,8622.2099422,0.202406048,10.8,0.122,73.627547669,5.0,0.336,0.0427299703,0.003041543,-9.0,-8.0,,-9.0,-25.0,8.0
2020-10-23,1051,"-82.8264,37.8511",21115,"Kentucky, Johnson",0.338235294117647,4.1097114267846,0.0121504511748414,272,1.03835554935525,1.0132148067429,0.0073529411764705,2,8.93415527561869e-05,1.0,1.00901192236236,0.318536693878483,1.01001589513307,0.9264,0.1258,0.9459,0.0032162958992227,1165.17,4.4,17.2,90.4,12365.782555,0.2200653314,9.8,0.179,13.717207936,5.0,0.436,0.0044224069,0.0019655142,,,,,-17.0,
2020-10-23,1052,"-84.5324,38.9395",21117,"Kentucky, Kenton",0.118170781060299,1.75849588379474,0.0148809703043041,2471,1.00979647122571,1.0132148067429,0.0198300283286119,49,0.0002950900626915,1.0,1.00901192236236,0.318536693878483,1.01001589513307,0.2879,0.4731,0.4343,0.0046792852798236,2081.89,5.6,13.6,922.7,9674.9765149,0.2100643326,12.2,0.111,583.24330907,5.0,0.332,0.0471963433,0.002420943,-15.0,-14.0,87.0,-15.0,-33.0,8.0
2020-10-23,1053,"-82.9498,37.3539",21119,"Kentucky, Knott",0.194805194805195,3.96667988893296,0.0203622900965225,308,1.01114892006449,1.0132148067429,0.0097402597402597,3,0.0001983339944466,1.05963402266705,1.00901192236236,0.318536693878483,1.01001589513307,0.9904,0.0261,0.9876,,1036.62,6.1,16.9,42.6,14323.450773,0.2495956767,9.7,0.168,8.1312200635,3.0,0.411,0.0093216977,0.0016527833,,,,,,
2020-10-23,1054,"-83.854,36.8923",21121,"Kentucky, Knox",0.263835263835264,6.54868387426527,0.0248211091234347,777,1.01398873182427,1.0132148067429,0.0115830115830116,9,0.0002875031944799,1.0,1.00901192236236,0.318536693878483,1.01001589513307,0.9653,0.0408,0.8173,0.0007986199846664,869.38,5.2,17.0,82.9,12635.068648,0.2805771658,9.9,0.125,66.372482749,4.3,0.394,0.0121390238,0.0027472527,-5.0,,,,-21.0,8.0
2020-10-23,1055,"-85.7014,37.5457",21123,"Kentucky, Larue",0.313559322033898,5.17229328300832,0.016495421821486,236,1.01890694510422,1.0132148067429,0.0042372881355932,1,6.98958551757881e-05,1.0,1.00901192236236,0.318536693878483,1.01001589513307,0.7131,0.3391,0.1515,,1412.12,4.2,17.3,44.8,7734.9287998,0.2133617304,11.2,0.102,33.676005701,4.0,0.361,0.0297057384,0.0035646886,,,,,-21.0,
2020-10-23,1056,"-84.1132,37.1098",21125,"Kentucky, Laurel",0.179294823705926,3.9394089238326,0.0219716824078195,1333,1.01597785927704,1.0132148067429,0.005251312828207,7,0.0001153801776854,1.0,1.00901192236236,0.318536693878483,1.01001589513307,0.9067,0.043,0.7447,0.0024724323789744,1273.31,6.5,15.7,142.7,10370.009506,0.2145202018,10.0,0.158,85.867408155,5.0,0.391,0.0071041224,0.0036591999,-9.0,-2.0,54.0,4.0,-20.0,5.0
2020-10-23,1057,"-82.7288,38.0714",21127,"Kentucky, Lawrence",0.437956204379562,3.8533170637724,0.0087984072956136,137,1.03185403991141,1.0132148067429,0.0,0,0.0,,1.00901192236236,0.318536693878483,1.01001589513307,0.9729,0.2022,0.5727,0.0057799755956586,1072.67,8.6,16.9,34.6,11900.651327,0.2297247082,9.9,0.198,22.276990042,3.7,0.397,0.0038533171,0.0017339927,,,,,-8.0,
2020-10-23,1058,"-83.7151,37.5965",21129,"Kentucky, Lee",0.689655172413793,5.68747333996872,0.0082468363429546,58,1.09875524870417,1.0132148067429,0.0172413793103448,1,0.0001421868334992,,1.00901192236236,0.318536693878483,1.01001589513307,0.9796,0.0341,0.7997,,772.79,2.7,17.3,32.5,15122.866748,0.2661471406,9.6,0.116,17.978097783,3.0,0.398,0.0214702119,0.0055452865,,,,,,
2020-10-23,1059,"-83.38,37.0925",21131,"Kentucky, Leslie",0.178861788617886,2.16898353544316,0.0121265897663413,123,1.01741220877116,1.0132148067429,0.0,0,0.0,,1.00901192236236,0.318536693878483,1.01001589513307,0.9933,0.0064,0.8911,0.002464754017549,916.29,4.5,16.8,26.5,12967.637521,0.2568166175,9.5,0.158,7.1977559588,3.0,0.414,0.0036478359,0.0018732131,,,,,,
2020-10-23,1060,"-82.8535,37.1231",21133,"Kentucky, Letcher",0.213058419243986,2.83117950591351,0.0132882780035618,291,1.01455769379275,1.0132148067429,0.0068728522336769,2,9.13283711585004e-05,1.0,1.00901192236236,0.318536693878483,1.01001589513307,0.985,0.0541,0.8131,0.0041097767021325,985.94,4.8,17.9,72.2,13612.001714,0.2600692573,9.5,0.194,45.410207529,3.3,0.389,0.0059363441,0.0019178958,,,,,-24.0,
2020-10-23,1061,"-83.3774,38.5318",21135,"Kentucky, Lewis",0.114391143911439,2.33838726710417,0.02044203062533,271,1.00816765713662,1.0132148067429,0.0553505535055351,15,0.0011314777098891,1.0,1.00901192236236,0.318536693878483,1.01001589513307,0.9404,0.0051,0.3986,,1021.86,5.1,17.7,25.4,14194.027326,0.2518728124,10.0,0.135,15.835887632,2.3,0.433,0.0037715924,0.0028664102,,,,,-5.0,
2020-10-23,1062,"-84.6565,37.4548",21137,"Kentucky, Lincoln",0.178451178451178,2.15062489855543,0.0120516149975653,297,1.01807391066723,1.0132148067429,0.0606060606060606,18,0.0007304009089433,1.01696850489722,1.00901192236236,0.318536693878483,1.01001589513307,0.9061,0.1751,0.4623,0.0010144457068657,1197.39,9.2,17.4,60.8,11302.001142,0.2306488204,10.3,0.171,39.624784569,4.0,0.38,0.0220337608,0.0022317806,,,,,-17.0,
2020-10-23,1063,"-88.348,37.2114",21139,"Kentucky, Livingston",0.211382113821138,2.81324388660463,0.0133088076173988,123,1.01741220877116,1.0132148067429,0.008130081300813,1,0.0001082016879463,1.0,1.00901192236236,0.318536693878483,1.01001589513307,0.5191,0.0201,0.2079,0.0027050421986583,1360.76,4.0,20.4,24.1,11396.276483,0.1992290794,11.1,0.094,7.5943667361,3.0,0.323,0.0054100844,0.0049772776,,,,,-11.0,
2020-10-23,1064,"-86.8776,36.8595",21141,"Kentucky, Logan",0.156424581005587,4.14983882322428,0.0265293267627552,716,1.01236093667112,1.0132148067429,0.0418994413407821,30,0.0011115639705065,1.0,1.00901192236236,0.318536693878483,1.01001589513307,0.6955,0.3598,0.2534,0.0027789099262662,1322.88,7.1,17.8,46.3,9106.5953989,0.2222617072,11.0,0.087,18.313278651,4.0,0.384,0.0627292601,0.0048538293,-1.0,,,,-18.0,4.0
2020-10-23,1065,"-88.0789,37.0208",21143,"Kentucky, Lyon",0.201923076923077,2.62205019353228,0.012985391434636,104,1.01766889775789,1.0132148067429,0.0384615384615385,4,0.0004994381321013,1.0,1.00901192236236,0.318536693878483,1.01001589513307,0.3876,0.2159,0.4906,,1521.83,6.0,24.7,27.1,8562.7304688,0.1893121696,10.9,0.117,50.197578668,4.0,0.265,0.051067549,0.0039955051,,,,,-12.0,
2020-10-23,1066,"-88.7045,37.0535",21145,"Kentucky, McCracken",0.183531746031746,2.83108376947327,0.0154255807547516,1008,1.01235132834742,1.0132148067429,0.0119047619047619,12,0.0001836378661279,1.01250777270301,1.00901192236236,0.318536693878483,1.01001589513307,0.3178,0.3941,0.5473,0.0108346341015517,1767.06,6.1,19.0,292.2,8646.0266554,0.2105077993,11.1,0.115,183.28624468,5.0,0.3,0.1075505769,0.0038257889,-11.0,-5.0,,-4.0,-19.0,6.0
2020-10-23,1067,"-84.481,36.7387",21147,"Kentucky, McCreary",0.136546184738956,1.953125,0.0143037683823529,249,1.01203338163852,1.0132148067429,0.0040160642570281,1,5.74448529411765e-05,1.0,1.00901192236236,0.318536693878483,1.01001589513307,0.9978,0.382,0.9144,,687.61,4.6,15.0,38.5,13012.639642,0.318776999,9.6,0.143,24.694475703,3.0,0.398,0.0535386029,0.0074678309,,,,,-14.0,
2020-10-23,1068,"-87.268,37.5302",21149,"Kentucky, McLean",0.378205128205128,6.37699956766105,0.0168612191958495,156,1.04582727473776,1.0132148067429,0.0192307692307692,3,0.0003242542153047,1.05963402266705,1.00901192236236,0.318536693878483,1.01001589513307,0.6768,0.0153,0.2251,,1441.14,6.5,18.9,31.4,11446.554706,0.2058792239,11.8,0.185,18.355261196,3.0,0.377,0.0083225249,0.0035667964,,,,,-16.0,
2020-10-23,1069,"-84.2722,37.7166",21151,"Kentucky, Madison",0.123830734966592,3.00970032911831,0.0243049540966568,2245,1.00924101610069,1.0132148067429,0.0057906458797327,13,0.0001407413822968,1.05393640495762,1.00901192236236,0.318536693878483,1.01001589513307,0.6946,0.3069,0.5899,0.0014074138229689,1618.49,5.0,13.1,202.2,8838.6182612,0.1881744987,10.1,0.103,236.0891738,5.0,0.352,0.0440520527,0.0034319245,-8.0,-5.0,,42.0,-27.0,6.0
2020-10-23,1070,"-83.0658,37.7082",21153,"Kentucky, Magoffin",0.288590604026846,3.47840155314674,0.0120530658469503,149,1.03018308326933,1.0132148067429,0.0,0,0.0,,1.00901192236236,0.318536693878483,1.01001589513307,0.9869,0.0006,0.8879,,899.32,4.6,16.0,43.4,12154.205352,0.2530576641,9.7,0.161,18.853513233,3.0,0.366,0.0023458987,0.0033975085,,,,,,
2020-10-23,1071,"-85.269,37.5522",21155,"Kentucky, Marion",0.337595907928389,6.80272108843537,0.0201504844361987,391,1.033718174431,1.0132148067429,0.0255754475703325,10,0.0005153576582148,1.03239118471,1.00901192236236,0.318536693878483,1.01001589513307,0.9124,0.3731,0.8379,0.003865182436611,1417.95,4.7,16.2,59.0,9326.5631835,0.2330720998,10.9,0.129,6.518977141,4.0,0.369,0.0677695321,0.0021645022,,,,,-22.0,
2020-10-23,1072,"-88.328,36.8801",21157,"Kentucky, Marshall",0.179545454545455,2.5327818922125,0.0141066333237152,440,1.01191147754528,1.0132148067429,0.0136363636363636,6,0.000192363181687,1.05963402266705,1.00901192236236,0.318536693878483,1.01001589513307,0.4013,0.014,0.4263,0.0008015132570292,1682.64,4.6,21.4,91.5,10002.773808,0.190526559,11.1,0.107,49.748144335,5.0,0.382,0.0046167164,0.002596903,-8.0,6.0,,-9.0,-17.0,5.0
2020-10-23,1073,"-82.5125,37.7999",21159,"Kentucky, Martin",0.379084967320261,5.1223174070476,0.0135123200565221,153,1.05241446242711,1.0132148067429,0.0196078431372549,3,0.0002649474520886,1.0,1.00901192236236,0.318536693878483,1.01001589513307,0.9901,0.177,0.9799,,912.44,6.2,14.9,49.3,12927.094182,0.2528783013,9.8,0.155,7.7363140068,3.0,0.405,0.065265389,0.0041508434,,,,,,
2020-10-23,1074,"-83.8215,38.5947",21161,"Kentucky, Mason",0.161490683229814,1.51603498542274,0.0093877551020408,161,1.0150653006911,1.0132148067429,0.0124223602484472,2,0.0001166180758017,1.0,1.00901192236236,0.318536693878483,1.01001589513307,0.6261,0.4645,0.7237,0.0058309037900874,1532.55,7.9,17.4,78.9,10719.227507,0.2234554945,10.3,0.123,21.028949636,5.0,0.343,0.0595918367,0.0037317784,2.0,,,,-13.0,
2020-10-23,1075,"-86.2103,37.9616",21163,"Kentucky, Meade",0.270422535211268,3.34320041790005,0.0123628765453596,355,1.02482809672388,1.0132148067429,0.0084507042253521,3,0.0001044750130593,1.0,1.00901192236236,0.318536693878483,1.01001589513307,0.4752,0.1936,0.426,,1544.35,4.4,13.5,68.8,8594.7692148,0.2133439998,12.1,0.136,42.748032036,4.3,0.366,0.0367055546,0.0065819258,-12.0,,,,-30.0,7.0
2020-10-23,1076,"-83.5999,37.9409",21165,"Kentucky, Menifee",0.12987012987013,1.55014726399008,0.0119361339327236,77,1.00376669169334,1.0132148067429,0.012987012987013,1,0.000155014726399,1.0,1.00901192236236,0.318536693878483,1.01001589513307,0.8959,0.0016,0.4314,,1059.4,3.5,19.8,26.4,12852.812311,0.2125887611,9.5,0.229,7.1444959529,3.0,0.329,0.0285227097,0.0024802356,,,,,,
2020-10-23,1077,"-84.8749,37.8147",21167,"Kentucky, Mercer",0.151057401812689,2.29631670800037,0.0152016166069624,331,1.01511667391053,1.0132148067429,0.0181268882175227,6,0.00027555800496,1.02638809625704,1.00901192236236,0.318536693878483,1.01001589513307,0.7166,0.3556,0.1369,0.0011481583540001,1629.82,6.2,17.9,80.5,9989.4217709,0.2051097804,10.7,0.146,20.668232185,4.0,0.271,0.034352898,0.0032148434,,,,,-15.0,
2020-10-23,1078,"-85.6312,36.9946",21169,"Kentucky, Metcalfe",0.228571428571429,3.98803589232303,0.0174476570289133,175,1.02129589407516,1.0132148067429,0.0114285714285714,2,0.0001994017946161,1.0,1.00901192236236,0.318536693878483,1.01001589513307,0.8682,0.1455,0.3133,,1130.77,5.9,17.9,31.8,10347.547258,0.240821753,10.5,0.123,4.3286137698,3.0,0.336,0.0159521436,0.002891326,,,,,-18.0,
2020-10-23,1079,"-85.716,36.7123",21171,"Kentucky, Monroe",0.127906976744186,3.07893263668595,0.0240716551595447,258,1.00859359209028,1.0132148067429,0.0155038759689922,4,0.0003732039559619,1.0,1.00901192236236,0.318536693878483,1.01001589513307,0.865,0.2388,0.5979,0.0045717484605336,1058.36,8.8,18.4,30.3,12131.471125,0.2315520744,10.2,0.194,0.0075307457,3.3,0.368,0.0210860235,0.0015861168,,,,,,
2020-10-23,1080,"-83.9145,38.0325",21173,"Kentucky, Montgomery",0.188916876574307,2.65929156472716,0.0140765166826224,397,1.01447720737045,1.0132148067429,0.0100755667506297,4,0.0001418288834521,1.0,1.00901192236236,0.318536693878483,1.01001589513307,0.7971,0.2499,0.7065,0.0014892032762472,1402.02,6.9,15.5,144.8,9577.3274678,0.2321733594,10.1,0.135,25.956168772,4.3,0.327,0.026167429,0.0028011204,-5.0,0.0,,5.0,-22.0,5.0
2020-10-23,1081,"-83.2556,37.9247",21175,"Kentucky, Morgan",0.254385964912281,2.17309853877857,0.0085425252903709,114,1.02035855033694,1.0132148067429,0.0,0,0.0,,1.00901192236236,0.318536693878483,1.01001589513307,0.9111,0.0876,0.9819,0.0018733608092918,1040.87,5.7,15.2,30.7,10302.857632,0.2497010972,9.6,0.109,21.250040126,3.0,0.376,0.0469089547,0.0028475084,,,,,-33.0,
2020-10-23,1082,"-87.1463,37.2143",21177,"Kentucky, Muhlenberg",0.12046908315565,3.67193085071814,0.0304802755572886,938,1.00785615692394,1.0132148067429,0.0138592750533049,13,0.0004224345226489,1.01150029829051,1.00901192236236,0.318536693878483,1.01001589513307,0.8672,0.1407,0.4791,0.0029245466952622,1257.17,5.8,18.2,59.1,9718.8835759,0.2175922284,11.4,0.12,10.983771264,4.0,0.358,0.0477026061,0.0021771625,-16.0,-7.0,,,-21.0,6.0
2020-10-23,1083,"-85.4657,37.8034",21179,"Kentucky, Nelson",0.268041237113402,4.53643322937341,0.0169243855095854,776,1.02952490914783,1.0132148067429,0.0051546391752577,4,8.72391005648732e-05,1.0,1.00901192236236,0.318536693878483,1.01001589513307,0.3185,0.2229,0.2697,0.0008723910056487,1752.83,4.5,14.6,99.5,9307.5522888,0.1851271588,11.5,0.115,18.220763405,5.0,0.352,0.0500752437,0.0022464068,-12.0,1.0,,,-20.0,7.0
2020-10-23,1084,"-84.0189,38.3334",21181,"Kentucky, Nicholas",0.407766990291262,5.861010326542,0.0143734300865197,103,1.02781961100861,1.0132148067429,0.0194174757281553,2,0.0002790957298353,1.10408951367381,1.00901192236236,0.318536693878483,1.01001589513307,0.8981,0.1948,0.8459,,1310.92,9.0,16.6,29.7,10974.863261,0.242784887,10.1,0.157,3.3052039025,3.0,0.332,0.0083728719,0.0018141222,,,,,-19.0,
2020-10-23,1085,"-86.8537,37.4775",21183,"Kentucky, Ohio",0.132758620689655,3.196745132229,0.0240793789180886,580,1.00787796371401,1.0132148067429,0.0155172413793103,9,0.0003736455349358,1.0,1.00901192236236,0.318536693878483,1.01001589513307,0.8389,0.1223,0.2101,0.0010379042637107,1377.72,5.5,17.7,40.0,9822.8553186,0.2256198021,11.7,0.126,8.5532884233,4.0,0.359,0.010212978,0.0031967451,,,,10.0,-19.0,
2020-10-23,1086,"-85.4482,38.3979",21185,"Kentucky, Oldham",0.11353711790393,2.3469234241011,0.0206709793891981,1374,1.01040083624575,1.0132148067429,0.0189228529839884,26,0.0003911539040168,1.0,1.00901192236236,0.318536693878483,1.01001589513307,0.0134,0.3279,0.1563,0.0028132992327365,3469.8,3.5,12.3,249.3,5594.3304566,0.1598312144,11.9,0.087,44.334356597,5.0,0.216,0.0421543553,0.0043026929,-17.0,14.0,,,-44.0,11.0
2020-10-23,1087,"-84.824,38.5168",21187,"Kentucky, Owen",0.0956521739130435,1.01102941176471,0.0105698529411765,115,1.00901192236236,1.0132148067429,0.0260869565217391,3,0.0002757352941176,1.05963402266705,1.00901192236236,0.318536693878483,1.01001589513307,0.6742,0.1503,0.3282,0.002297794117647,1456.72,6.2,17.4,27.5,9583.9992739,0.2078630629,10.9,0.182,7.1027669734,3.0,0.356,0.0102941176,0.0037683824,,,,,-23.0,
2020-10-23,1088,"-83.6881,37.4282",21189,"Kentucky, Owsley",0.342105263157895,5.81395348837209,0.016994633273703,76,1.04195362743721,1.0132148067429,0.0131578947368421,1,0.0002236135957066,1.0,1.00901192236236,0.318536693878483,1.01001589513307,0.9924,0.0051,0.7348,,782.62,3.5,18.1,22.0,19032.596936,0.2614039312,9.5,0.114,1.3858041793,3.0,0.463,0.0055903399,0.0031305903,,,,,,
2020-10-23,1089,"-84.356,38.6961",21191,"Kentucky, Pendleton",0.0884955752212389,0.688278615183426,0.0077775483515727,113,1.0051618389773,1.0132148067429,0.0,0,0.0,,1.00901192236236,0.318536693878483,1.01001589513307,0.6455,0.07,0.3177,,1601.78,2.4,15.3,40.9,10540.047549,0.1988975986,10.7,0.075,14.516262346,3.0,0.332,0.0086723106,0.0033037374,,,,,-18.0,
2020-10-23,1090,"-83.2292,37.2502",21193,"Kentucky, Perry",0.23728813559322,4.29250344933313,0.0180898359650468,472,1.02429288867169,1.0132148067429,0.0190677966101695,9,0.0003449333128928,1.0,1.00901192236236,0.318536693878483,1.01001589513307,0.9742,0.0252,0.9831,0.0137206806684041,1085.67,5.2,15.7,98.1,16130.907352,0.2453343114,9.6,0.16,61.970026717,4.0,0.41,0.0166334509,0.0023378813,-14.0,-13.0,,,-23.0,
2020-10-23,1091,"-82.3949,37.4709",21195,"Kentucky, Pike",0.284584980237154,3.69850347590836,0.0129961302695113,759,1.01884859180495,1.0132148067429,0.0039525691699604,3,5.13681038320605e-05,1.0,1.00901192236236,0.318536693878483,1.01001589513307,0.9487,0.0271,0.8408,0.0077565836786411,1174.01,6.1,17.3,90.3,11917.043872,0.2321184036,9.6,0.179,51.586151903,4.3,0.387,0.0076024794,0.0013355707,-22.0,-1.0,,,-16.0,5.0
2020-10-23,1092,"-83.8255,37.8322",21197,"Kentucky, Powell",0.125,1.36633981674972,0.0109307185339977,136,1.00757749088488,1.0132148067429,0.0,0,0.0,,1.00901192236236,0.318536693878483,1.01001589513307,0.8847,0.0398,0.7927,,1168.76,4.6,15.1,59.1,15859.192877,0.2391649382,9.7,0.176,36.796631831,4.0,0.326,0.0098858704,0.0039382736,,,,,-11.0,
2020-10-23,1093,"-84.5763,37.1047",21199,"Kentucky, Pulaski",0.119170984455959,1.77955217182737,0.0149327638766383,965,1.00622156398421,1.0132148067429,0.0134715025906736,13,0.00020116676725,1.01150029829051,1.00901192236236,0.318536693878483,1.01001589513307,0.8863,0.1789,0.5189,0.0043792457793664,1230.92,6.0,18.3,99.5,11294.615183,0.2438252501,10.0,0.137,60.669098194,5.0,0.367,0.0108475311,0.0036674249,-9.0,-3.0,,,-20.0,5.0
2020-10-23,1094,"-84.0506,38.5192",21201,"Kentucky, Robertson",0.235294117647059,1.87353629976581,0.0079625292740046,17,1.03906724058202,1.0132148067429,0.0588235294117647,1,0.0004683840749414,1.0,1.00901192236236,0.318536693878483,1.01001589513307,0.7755,0.0032,0.2744,,1108.6,7.9,21.9,18.2,11743.95424,0.2313721601,10.1,0.247,0.5028506267,,0.269,0.006557377,0.0046838407,,,,,,
2020-10-23,1095,"-84.3118,37.3664",21203,"Kentucky, Rockcastle",0.308441558441558,5.67164179104478,0.0183880597014925,308,1.02734376818805,1.0132148067429,0.0064935064935064,2,0.0001194029850746,1.10408951367381,1.00901192236236,0.318536693878483,1.01001589513307,0.9303,0.0232,0.702,0.0015522388059701,1022.6,4.6,17.3,47.2,12342.550936,0.2357216496,10.0,0.131,55.911790808,4.0,0.338,0.004238806,0.0039402985,,,,,-25.0,
2020-10-23,1096,"-83.4209,38.1948",21205,"Kentucky, Rowan",0.151515151515152,2.0339258837408,0.0134239108326893,330,1.00943730711766,1.0132148067429,0.003030303030303,1,4.06785176748159e-05,1.0,1.00901192236236,0.318536693878483,1.01001589513307,0.7939,0.3133,0.9742,0.0060610991335475,1280.31,5.3,13.3,93.9,10155.78581,0.2369344843,9.7,0.127,10.781790136,5.0,0.381,0.016027336,0.0022373185,-3.0,-6.0,,,-23.0,
2020-10-23,1097,"-85.0607,36.9931",21207,"Kentucky, Russell",0.230769230769231,4.71354020537568,0.0204253408899613,364,1.02273471886538,1.0132148067429,0.0164835164835165,6,0.0003366814432411,1.0,1.00901192236236,0.318536693878483,1.01001589513307,0.9602,0.3833,0.674,0.001402839346838,1162.03,7.8,19.1,65.8,11990.446019,0.2299451216,10.1,0.122,21.234388018,4.0,0.323,0.0078559003,0.0051063352,,,,,-8.0,
2020-10-23,1098,"-84.5817,38.2962",21209,"Kentucky, Scott",0.162878787878788,3.06972925701844,0.0188467098570434,1056,1.01206028806956,1.0132148067429,0.0170454545454545,18,0.0003212507361996,1.00819891621082,1.00901192236236,0.318536693878483,1.01001589513307,0.2229,0.5279,0.5138,0.001338544734165,2249.74,5.9,11.5,212.9,7843.0519863,0.1833350954,10.9,0.082,219.62582172,5.0,0.34,0.053042066,0.0035694526,-1.0,-10.0,,15.0,-34.0,7.0
2020-10-23,1099,"-85.1942,38.2148",21211,"Kentucky, Shelby",0.144668158090977,3.99851601467497,0.0276392266787584,1341,1.0128907740874,1.0132148067429,0.0178970917225951,24,0.0004946617750113,1.0,1.00901192236236,0.318536693878483,1.01001589513307,0.3729,0.7408,0.384,0.0014427635104497,2293.9,7.7,14.9,111.8,7428.7826844,0.1871562423,11.5,0.119,34.470688712,5.0,0.307,0.0683869904,0.0057916649,-12.0,2.0,,2.0,-27.0,7.0
2020-10-23,1100,"-86.5805,36.7406",21213,"Kentucky, Simpson",0.0972644376899696,1.72702250526202,0.0177559501322252,329,1.01087961062887,1.0132148067429,0.0243161094224924,8,0.0004317556263155,1.0,1.00901192236236,0.318536693878483,1.01001589513307,0.4981,0.5349,0.0758,0.0013492363322359,1341.6,5.4,16.1,82.2,10263.297128,0.2083096679,10.8,0.129,14.747663892,5.0,0.381,0.0937449404,0.0036159534,-11.0,,,-7.0,-17.0,
2020-10-23,1101,"-85.3275,38.0322",21215,"Kentucky, Spencer",0.167857142857143,2.50079812706183,0.0148983718207939,280,1.01632157731989,1.0132148067429,0.0,0,0.0,,1.00901192236236,0.318536693878483,1.01001589513307,0.2006,0.1665,0.0267,,2034.21,3.8,12.9,61.2,7724.9102363,0.1817538765,11.4,0.191,11.702451418,4.0,0.365,0.0169735022,0.0031925082,,,,,-28.0,
2020-10-23,1102,"-85.333,37.3678",21217,"Kentucky, Taylor",0.238839285714286,4.18803084269443,0.0175349328740851,448,1.01668506877098,1.0132148067429,0.015625,7,0.0002739833261575,1.0,1.00901192236236,0.318536693878483,1.01001589513307,0.7857,0.1917,0.5132,0.0035226427648831,1243.64,4.1,17.4,97.7,8667.8484325,0.2206185155,10.7,0.108,69.127474665,5.0,0.357,0.0507651963,0.0022701476,-9.0,,,,-22.0,
2020-10-23,1103,"-87.1788,36.8381",21219,"Kentucky, Todd",0.231884057971014,5.19860287547722,0.0224189749004955,276,1.01423463946292,1.0132148067429,0.0398550724637681,11,0.0008935098692226,1.0465440871019,1.00901192236236,0.318536693878483,1.01001589513307,0.8268,0.6036,0.7612,,1291.28,15.2,15.6,28.0,10367.182478,0.2223114191,10.8,0.115,26.689427734,3.0,0.358,0.0774916741,0.0025180733,,,,,-16.0,
2020-10-23,1104,"-87.8733,36.8077",21221,"Kentucky, Trigg",0.141025641025641,2.25363654988732,0.015980331899201,234,1.01150029829051,1.0132148067429,0.0,0,0.0,,1.00901192236236,0.318536693878483,1.01001589513307,0.551,0.2939,0.1525,0.0017073004165813,1479.92,8.0,22.1,27.2,8002.2405968,0.201497784,10.6,0.133,9.702960385,4.0,0.328,0.069726149,0.0035511849,,,,,-13.0,
2020-10-23,1105,"-85.3378,38.6106",21223,"Kentucky, Trimble",0.130952380952381,1.29183793305931,0.0098649442160892,84,1.00880553496879,1.0132148067429,0.0,0,0.0,,1.00901192236236,0.318536693878483,1.01001589513307,0.7803,0.3015,0.56,,1423.55,5.7,17.2,41.5,11419.399695,0.2051827549,11.2,0.148,15.171878368,3.3,0.369,0.0054022314,0.0076335878,,,,,-25.0,
2020-10-23,1106,"-87.943,37.6617",21225,"Kentucky, Union",0.190669371196755,6.48052395725612,0.0339882799034816,493,1.01376761862055,1.0132148067429,0.0121703853955375,6,0.0004136504653567,1.02638809625704,1.00901192236236,0.318536693878483,1.01001589513307,0.8105,0.2805,0.3792,0.0017235436056532,1461.8,4.8,15.5,41.6,10273.608242,0.22414372,11.6,0.139,12.573632981,4.0,0.314,0.1320923819,0.0028955533,,,,,-19.0,
2020-10-23,1107,"-86.4267,36.999",21227,"Kentucky, Warren",0.0848169633926785,3.23013164310093,0.0380835568015602,4999,1.00608971516936,1.0132148067429,0.0114022804560912,57,0.0004342393954168,1.0,1.00901192236236,0.318536693878483,1.01001589513307,0.5232,0.7606,0.8806,0.0055841662603608,1866.15,5.5,12.4,257.0,7774.2797774,0.1982732519,10.8,0.082,73.380273736,5.0,0.295,0.0951365188,0.0031996587,-13.0,-5.0,23.0,,-23.0,6.0
2020-10-23,1108,"-85.1741,37.756",21229,"Kentucky, Washington",0.261682242990654,4.63422707712678,0.0177093677590202,214,1.02502502143383,1.0132148067429,0.0046728971962616,1,8.27540549486925e-05,1.0,1.00901192236236,0.318536693878483,1.01001589513307,0.6283,0.4693,0.3486,,1367.7,6.9,17.5,35.8,10154.846098,0.2001061564,10.8,0.158,14.92575738,3.0,0.346,0.0546176763,0.0021516054,,,,,-23.0,
2020-10-23,1109,"-84.8252,36.8031",21231,"Kentucky, Wayne",0.252873563218391,3.22454563220637,0.0127516122728161,261,1.02808462403193,1.0132148067429,0.003831417624521,1,4.88567520031268e-05,,1.00901192236236,0.318536693878483,1.01001589513307,0.9146,0.2012,0.7472,0.0012214188000781,976.79,10.3,19.6,40.3,10223.376258,0.24049805,9.7,0.129,4.7414595415,2.3,0.401,0.0164647254,0.0038108267,,-23.0,,,-7.0,
2020-10-23,1110,"-87.6799,37.5217",21233,"Kentucky, Webster",0.225589225589226,5.11021279841355,0.0226527343452063,297,1.01587262857064,1.0132148067429,0.0168350168350168,5,0.0003813591640607,1.0,1.00901192236236,0.318536693878483,1.01001589513307,0.7666,0.4518,0.7112,,1277.86,6.2,16.8,37.3,10378.251209,0.2324251883,11.6,0.125,7.3889602343,3.3,0.358,0.0381359164,0.0038135916,,,,,-19.0,
2020-10-23,1111,"-84.1454,36.757",21235,"Kentucky, Whitley",0.247978436657682,5.07698250648419,0.0204734838033221,742,1.01819816059536,1.0132148067429,0.0080862533692722,6,0.0001655537773853,1.02638809625704,1.00901192236236,0.318536693878483,1.01001589513307,0.9465,0.0783,0.8946,0.0075326968710336,1184.44,5.6,15.8,82.7,15063.24585,0.2399633438,9.9,0.115,81.34907394,4.3,0.333,0.0081673197,0.0031455218,-3.0,13.0,,17.0,-18.0,6.0
2020-10-23,1112,"-83.493,37.7394",21237,"Kentucky, Wolfe",0.0862068965517241,0.69666991779295,0.0080813710463982,58,1.0,1.0132148067429,0.0,0,0.0,,1.00901192236236,0.318536693878483,1.01001589513307,0.9987,0.0032,0.5606,,908.6,2.3,18.7,31.7,14058.943794,0.2907676936,9.5,0.124,21.114611402,3.0,0.361,0.0033440156,0.0040406855,,,,,,
2020-10-23,1113,"-84.7418,38.0418",21239,"Kentucky, Woodford",0.134078212290503,1.80906795311499,0.0134926318169826,358,1.01039515760339,1.0132148067429,0.0,0,0.0,,1.00901192236236,0.318536693878483,1.01001589513307,0.2723,0.6135,0.0637,0.0009422228922473,2177.65,5.0,17.2,128.0,7147.9467162,0.179904218,11.0,0.09,98.035362638,5.0,0.323,0.047827234,0.0026382241,2.0,5.0,,,-28.0,7.0
2020-10-23,1114,"-92.4142,30.2951",22001,"Louisiana, Acadia",0.0314910025706941,1.57581604759608,0.0500401993889693,3112,1.00264434923898,1.00350182173561,0.032133676092545,100,0.0016079755587715,1.00143679346489,1.00221613852142,0.644504974057817,1.00590447336164,0.9159,0.6466,0.759,0.0029104357613764,1366.91,10.6,14.4,83.9,9741.6751956,0.2153408807,9.4,0.114,63.696998784,5.0,0.384,0.1792571153,0.0038430616,-10.0,5.0,,8.0,-18.0,3.0
2020-10-23,1115,"-92.8244,30.6539",22003,"Louisiana, Allen",0.062125340599455,4.4522554188635,0.0716656902948643,1835,1.00419565614556,1.00350182173561,0.0294277929155313,54,0.0021089630931458,1.00540603558491,1.00221613852142,0.644504974057817,1.00590447336164,0.9089,0.7599,0.9296,0.0029681702792423,1238.16,8.5,14.1,30.4,9682.7470701,0.2203898763,9.2,0.192,51.51393996,4.0,0.37,0.2231595392,0.023198594,,,,,-20.0,
2020-10-23,1116,"-90.9133,30.2041",22005,"Louisiana, Ascension",0.0340170085042521,1.09086242299795,0.0320681468172485,3998,1.00410429281436,1.00350182173561,0.024512256128064,98,0.0007860626283367,1.0,1.00221613852142,0.644504974057817,1.00590447336164,0.3395,0.6985,0.2658,0.0006657469199178,2292.94,6.7,11.1,363.5,6933.4941426,0.181554528,10.0,0.132,118.78662219,5.0,0.331,0.2323536961,0.0046602284,-12.0,-8.0,,,-15.0,5.0
2020-10-23,1117,"-91.0646,29.8995",22007,"Louisiana, Assumption",0.0251889168765743,0.896860986547085,0.0356053811659193,794,1.00254459508097,1.00350182173561,0.0302267002518892,24,0.0010762331838565,1.0,1.00221613852142,0.644504974057817,1.00590447336164,0.7854,0.6819,0.3935,0.0002690582959641,1437.61,8.4,16.6,51.2,8969.4080455,0.2103219722,9.3,0.163,26.933937125,4.0,0.421,0.2938116592,0.0075784753,,,,,-15.0,
2020-10-23,1118,"-92.0008,31.078",22009,"Louisiana, Avoyelles",0.0484633569739953,2.02659285255301,0.0418170134941427,1692,1.00342364534357,1.00350182173561,0.0366430260047281,62,0.0015323019129059,1.0,1.00221613852142,0.644504974057817,1.00590447336164,0.914,0.5702,0.9663,0.0013593000840294,1194.6,8.3,16.3,41.9,11511.871548,0.2294656752,9.2,0.131,18.076730066,4.0,0.447,0.2955612674,0.011838268,-6.0,-12.0,,,-16.0,2.0
2020-10-23,1119,"-93.3417,30.6484",22011,"Louisiana, Beauregard",0.0319849482596425,0.912678173569914,0.0285346146619064,1063,1.00299208304682,1.00350182173561,0.0376293508936971,40,0.0010737390277293,1.00362337833333,1.00221613852142,0.644504974057817,1.00590447336164,0.7153,0.3855,0.3871,0.0016106085415939,1556.81,10.2,15.2,28.5,10539.470995,0.2072153813,9.4,0.14,71.93825376,4.0,0.361,0.1201513972,0.0123479988,-15.0,-9.0,,,-25.0,2.0
2020-10-23,1120,"-93.054,32.3457",22013,"Louisiana, Bienville",0.10958904109589,4.80913736098587,0.0438833784189961,584,1.00730265946493,1.00350182173561,0.0565068493150685,33,0.0024797114517583,1.0,1.00221613852142,0.644504974057817,1.00590447336164,0.8223,0.5565,0.9338,0.0015779981965734,1073.36,9.9,19.7,16.4,11198.293946,0.2161238746,9.7,0.239,41.534314841,3.0,0.453,0.4147129546,0.0044334235,,,,,-17.0,
2020-10-23,1121,"-93.6046,32.6793",22015,"Louisiana, Bossier",0.136697697207251,4.38730982427173,0.0320949797539018,4082,1.01176902852001,1.00350182173561,0.0286624203821656,117,0.0009199198018634,1.0075488835911,1.00221613852142,0.644504974057817,1.00590447336164,0.4882,0.6488,0.6635,0.0010535833628179,1639.31,8.5,13.4,143.1,7403.8099247,0.1888651436,10.3,0.117,196.26874007,5.0,0.308,0.2246098203,0.0063215002,-15.0,-8.0,1.0,-27.0,-18.0,6.0
2020-10-23,1122,"-93.8838,32.5799",22017,"Louisiana, Caddo",0.0759005580923389,3.07917767843176,0.0405685775681083,9855,1.00558778476396,1.00350182173561,0.0396752917300862,391,0.0016095701500893,1.00370802705049,1.00221613852142,0.644504974057817,1.00590447336164,0.7328,0.6619,0.8103,0.0076073801467137,1467.25,9.3,16.0,284.5,10846.772719,0.2192398045,10.3,0.13,278.13573377,5.0,0.399,0.4939527914,0.0050263047,-15.0,-14.0,-12.0,-19.0,-24.0,7.0
2020-10-23,1123,"-93.354,30.2293",22019,"Louisiana, Calcasieu",0.0336793819410913,1.37362637362637,0.0407853794950569,8284,1.00310787880482,1.00350182173561,0.0270400772573636,224,0.0011028398125172,1.00192804920655,1.00221613852142,0.644504974057817,1.00590447336164,0.5643,0.6138,0.7829,0.0040716452006774,1845.88,9.2,14.3,195.0,9982.662223,0.2024588838,9.5,0.113,183.36611274,5.0,0.354,0.2537220844,0.0058292962,-17.0,-13.0,-36.0,23.0,-48.0,4.0
2020-10-23,1124,"-92.1175,32.0903",22021,"Louisiana, Caldwell",0.0755813953488372,2.61044176706827,0.0345381526104418,344,1.00682720684153,1.00350182173561,0.0087209302325581,3,0.0003012048192771,1.0,1.00221613852142,0.644504974057817,1.00590447336164,0.9522,0.6855,0.9589,0.0040160642570281,1213.1,12.9,18.0,17.0,11204.908988,0.2344471506,9.2,0.152,47.848979542,4.0,0.397,0.1581325301,0.0040160643,,,,,-11.0,
2020-10-23,1125,"-93.1931,29.8759",22023,"Louisiana, Cameron",0.0454545454545455,1.57864523536165,0.0347301951779564,242,1.00359299956461,1.00350182173561,0.0082644628099173,2,0.0002870264064293,1.0,1.00221613852142,0.644504974057817,1.00590447336164,0.3713,0.6313,0.227,0.00703214695752,1878.47,9.7,15.7,5.4,7132.8002153,0.1868357793,9.1,0.194,0.0571918388,3.0,0.351,0.0398966705,0.0078932262,,,,,-64.0,
2020-10-23,1126,"-91.8453,31.6678",22025,"Louisiana, Catahoula",0.0326797385620915,1.56119900083264,0.0477726894254788,459,1.00188149416131,1.00350182173561,0.0305010893246187,14,0.0014571190674438,1.02226578920968,1.00221613852142,0.644504974057817,1.00590447336164,0.8401,0.3938,0.8469,,1231.84,10.9,16.3,11.9,10576.118864,0.2254061383,9.0,0.129,26.819516052,3.0,0.371,0.3050582848,0.0048917569,,,,,,
2020-10-23,1127,"-92.9953,32.8231",22027,"Louisiana, Claiborne",0.0868113522537563,3.26141495233317,0.0375689914701455,599,1.00387526259646,1.00350182173561,0.0400667779632721,24,0.0015052684395383,1.00609846529734,1.00221613852142,0.644504974057817,1.00590447336164,0.964,0.6246,0.9624,0.0029478173607626,1018.67,10.8,18.5,17.8,9862.1469618,0.2625988,9.6,0.206,35.274270656,3.0,0.379,0.5160561967,0.0053938786,,,,,-16.0,
2020-10-23,1128,"-91.6381,31.4482",22029,"Louisiana, Concordia",0.114671163575042,3.47435111383609,0.0302983854486,593,1.00898716696666,1.00350182173561,0.0269814502529511,16,0.0008174943797261,1.00926242190831,1.00221613852142,0.644504974057817,1.00590447336164,0.9146,0.4976,0.9653,0.001277334968322,1053.3,13.8,16.4,25.0,12780.17908,0.2456815675,9.0,0.165,144.98777407,4.0,0.345,0.3955139996,0.0044451257,,,,,-20.0,
2020-10-23,1129,"-93.7413,32.0546",22031,"Louisiana, De Soto",0.0645481628599801,2.36915002186908,0.0367036011080332,1007,1.00462400382374,1.00350182173561,0.0347567030784508,35,0.0012756961656218,1.0,1.00221613852142,0.644504974057817,1.00590447336164,0.8678,0.5782,0.7128,0.0012392477037469,1413.9,9.5,16.9,29.8,9011.6497907,0.2202719112,9.9,0.172,50.663245883,4.0,0.38,0.3574136171,0.0111167809,,,,-6.0,-20.0,
2020-10-23,1130,"-91.0978,30.5384",22033,"Louisiana, East Baton Rouge",0.0298695569979205,1.07493718194106,0.0359877175954063,15869,1.00299736537788,1.00350182173561,0.0287352700233159,456,0.0010341167826268,1.00125945382984,1.00221613852142,0.644504974057817,1.00590447336164,0.4841,0.8727,0.7593,0.0051388347136675,1995.12,8.5,13.3,1104.8,9983.9194456,0.1826994701,9.0,0.116,401.85711427,5.0,0.319,0.465320803,0.0027032176,-22.0,-13.0,-14.0,-18.0,-28.0,8.0
2020-10-23,1131,"-91.2343,32.7393",22035,"Louisiana, East Carroll",0.046875,3.83686229927526,0.0818530623845389,576,1.00454582940699,1.00350182173561,0.0104166666666667,6,0.0008526360665056,1.0,1.00221613852142,0.644504974057817,1.00590447336164,0.9752,0.532,0.9946,0.0015631661219269,896.95,9.0,13.7,15.4,12206.196663,0.3184808676,9.6,0.135,41.844606137,3.0,0.4,0.680119369,0.0034105443,,,,,,
2020-10-23,1132,"-91.0498,30.8443",22037,"Louisiana, East Feliciana",0.0172798216276477,1.60580160580161,0.0929292929292929,1794,1.00111982644259,1.00350182173561,0.0423634336677815,76,0.0039368039368039,1.00189396654323,1.00221613852142,0.644504974057817,1.00590447336164,0.8096,0.6043,0.9287,0.0005180005180005,1428.35,8.3,16.5,35.5,10913.825182,0.2067579669,9.3,0.17,20.213461748,3.7,0.348,0.4248640249,0.004972805,,,,,-24.0,
2020-10-23,1133,"-92.3992,30.7299",22039,"Louisiana, Evangeline",0.035,1.46517955925007,0.0418622731214305,1400,1.00236923318987,1.00350182173561,0.0278571428571429,39,0.0011661633226684,1.0075488835911,1.00221613852142,0.644504974057817,1.00590447336164,0.9834,0.8255,0.9694,0.0074754059145411,1090.67,11.6,14.7,46.2,11220.105447,0.2447897413,9.3,0.201,37.521624211,4.0,0.393,0.2735101516,0.0044254403,,,,,-14.0,3.0
2020-10-23,1134,"-91.6759,32.1368",22041,"Louisiana, Franklin",0.046189376443418,2.97678110736257,0.0644473109743997,1299,1.00425039035275,1.00350182173561,0.0338722093918399,44,0.0021829728120658,1.0,1.00221613852142,0.644504974057817,1.00590447336164,0.9707,0.4448,0.8854,0.0021333597936098,1072.29,10.1,17.3,30.4,10655.589125,0.2351562547,9.3,0.147,33.650975734,5.0,0.383,0.3151418932,0.0030760071,,,,,-19.0,
2020-10-23,1135,"-92.5612,31.5988",22043,"Louisiana, Grant",0.0473484848484848,1.11200071168046,0.0234854550306912,528,1.0038463810167,1.00350182173561,0.0568181818181818,30,0.0013344008540165,1.0,1.00221613852142,0.644504974057817,1.00590447336164,0.8134,0.6826,0.4849,,1267.22,8.5,14.5,25.3,8678.6151382,0.2253944226,9.5,0.205,16.311974695,4.0,0.474,0.1522551374,0.0116982475,,,,,-14.0,
2020-10-23,1136,"-91.7587,29.868",22045,"Louisiana, Iberia",0.0150326797385621,0.648426156947322,0.0431344356578001,3060,1.00155018399845,1.00350182173561,0.0303921568627451,93,0.0013109485346978,1.0,1.00221613852142,0.644504974057817,1.00590447336164,0.9045,0.8268,0.901,0.0026359932901989,1314.41,11.1,14.0,119.3,10382.974859,0.212427822,9.4,0.133,76.271226965,5.0,0.413,0.3211260061,0.0061882409,-16.0,-10.0,,,-15.0,6.0
2020-10-23,1137,"-91.35,30.2573",22047,"Louisiana, Iberville",0.0225718194254446,1.00852663427157,0.0446807860395465,1462,1.00306638616664,1.00350182173561,0.0410396716826265,60,0.0018336847895846,1.00485482547268,1.00221613852142,0.644504974057817,1.00590447336164,0.7987,0.5791,0.9564,,1514.63,9.9,14.7,56.0,10156.786385,0.2099325181,9.5,0.152,88.439802199,4.0,0.381,0.4825952752,0.0029338957,,-15.0,,-19.0,-22.0,2.0
2020-10-23,1138,"-92.5569,32.3025",22049,"Louisiana, Jackson",0.152302243211334,8.11218714627091,0.0532637404100113,847,1.01184196380642,1.00350182173561,0.025974025974026,22,0.0013834737768834,1.0,1.00221613852142,0.644504974057817,1.00590447336164,0.8704,0.6154,0.8395,0.0015721292919129,1200.76,9.1,19.3,23.7,9036.0374563,0.2181700724,9.5,0.134,46.664754699,4.0,0.342,0.284240976,0.00364734,,,,,-11.0,
2020-10-23,1139,"-90.1112,29.7408",22051,"Louisiana, Jefferson",0.0294197177005029,1.25330894295832,0.0426009846769158,18491,1.00241033355531,1.00350182173561,0.0314206911470445,581,0.0013385523820933,1.00073982899278,1.00221613852142,0.644504974057817,1.00590447336164,0.5054,0.9296,0.461,0.0037576229521415,1831.38,11.4,16.1,823.2,8901.4448034,0.1874366959,8.0,0.142,551.59037544,5.0,0.334,0.2681873789,0.006372523,-19.0,-11.0,-32.0,-53.0,-24.0,9.0
2020-10-23,1140,"-92.8121,30.269",22053,"Louisiana, Jefferson Davis",0.0353649360421369,1.48818947501741,0.0420809321765563,1329,1.00249707664076,1.00350182173561,0.0323551542513168,43,0.0013615350516116,1.00336715580588,1.00221613852142,0.644504974057817,1.00590447336164,0.8264,0.3098,0.6683,0.002406434044709,1414.92,8.1,15.7,44.6,10885.679886,0.2103167682,9.0,0.115,72.783817172,5.0,0.408,0.1642074599,0.0076625926,5.0,12.0,,,-21.0,6.0
2020-10-23,1141,"-92.0696,30.2049",22055,"Louisiana, Lafayette",0.0275111964171465,1.06268174741126,0.0386272458419487,9378,1.00255462016821,1.00350182173561,0.0146086585625933,137,0.0005642922457183,1.00104712500899,1.00221613852142,0.644504974057817,1.00590447336164,0.4283,0.7911,0.8376,0.0041971810101243,1915.05,9.2,12.3,1037.7,7234.3031777,0.1779862664,9.4,0.1,246.06728841,5.0,0.312,0.2636851167,0.0037729321,-15.0,-6.0,-22.0,-20.0,-22.0,6.0
2020-10-23,1142,"-90.4098,29.5247",22057,"Louisiana, Lafourche",0.0302951838425686,1.19247821434031,0.0393619731947205,3862,1.00205120178575,1.00350182173561,0.0326255825996893,126,0.0012842073077511,1.00344843960223,1.00221613852142,0.644504974057817,1.00590447336164,0.7019,0.6915,0.6727,0.0020690006624879,1745.48,9.0,14.6,85.6,8413.4019833,0.1922475825,9.3,0.134,37.081076011,5.0,0.396,0.1337206339,0.0301686796,-18.0,-13.0,,-33.0,-18.0,5.0
2020-10-23,1143,"-92.1591,31.6788",22059,"Louisiana, LaSalle",0.0948453608247423,3.08372997251458,0.0325132399275994,485,1.0057253642942,1.00350182173561,0.0206185567010309,10,0.0006703760809814,1.0,1.00221613852142,0.644504974057817,1.00590447336164,0.7732,0.5266,0.6039,0.005631159080244,1296.9,10.1,17.0,20.6,9322.6040899,0.2266483009,9.1,0.18,20.195288549,4.0,0.344,0.1197291681,0.0132734464,,,,,-12.0,
2020-10-23,1144,"-92.666,32.6003",22061,"Louisiana, Lincoln",0.0975460122699387,3.36892957030257,0.0345368251546741,1630,1.00427915031043,1.00350182173561,0.0294478527607362,48,0.0010170353419781,1.0,1.00221613852142,0.644504974057817,1.00590447336164,0.793,0.7338,0.9755,0.0033689295703025,1483.39,8.6,13.0,104.6,7494.8203642,0.2097949762,9.6,0.101,102.35778721,5.0,0.358,0.4029578778,0.0048521061,-14.0,-2.0,,,-26.0,7.0
2020-10-23,1145,"-90.7306,30.4414",22063,"Louisiana, Livingston",0.0498547918683446,1.47599360880437,0.0296058523863091,4132,1.0050082596664,1.00350182173561,0.0191190706679574,79,0.0005660363839589,1.00366992210678,1.00221613852142,0.644504974057817,1.00590447336164,0.386,0.4295,0.5215,,1836.73,8.6,12.5,154.0,9131.8361055,0.216043162,9.7,0.104,71.003486379,5.0,0.365,0.0654667651,0.0047504066,-8.0,-4.0,,-4.0,-15.0,4.0
2020-10-23,1146,"-91.2397,32.3692",22065,"Louisiana, Madison",0.0044843049327354,0.358390825194875,0.0799211540184571,892,1.00016025642672,1.00350182173561,0.0089686098654708,8,0.0007167816503897,1.0,1.00221613852142,0.644504974057817,1.00590447336164,0.9876,0.5692,0.9917,0.0022399426574679,882.11,11.0,13.5,16.2,12804.641142,0.2763817016,9.6,0.192,64.064959421,3.7,0.412,0.6244064152,0.0034047128,,,,-12.0,-8.0,
2020-10-23,1147,"-91.8042,32.8169",22067,"Louisiana, Morehouse",0.0521541950113379,1.8111662335617,0.034727143869596,882,1.00361504238327,1.00350182173561,0.0294784580498866,26,0.0010237026537522,1.01766889775789,1.00221613852142,0.644504974057817,1.00590447336164,0.8685,0.4862,0.9023,0.0008662099377903,1071.25,9.2,17.7,31.2,13711.675179,0.226412886,9.8,0.138,70.198528183,4.0,0.432,0.4773997953,0.0022836444,-7.0,-14.0,,,-21.0,4.0
2020-10-23,1148,"-93.0982,31.7232",22069,"Louisiana, Natchitoches",0.130132219902575,4.83716598980832,0.0371711632478854,1437,1.0116596134604,1.00350182173561,0.0194850382741823,28,0.0007242815385809,1.01064309218431,1.00221613852142,0.644504974057817,1.00590447336164,0.9287,0.5651,0.8147,0.005380377143744,1126.58,11.1,15.7,30.7,11468.493486,0.2370099409,9.6,0.157,72.243736423,4.0,0.364,0.4098140148,0.0109159575,-20.0,10.0,,,-14.0,5.0
2020-10-23,1149,"-89.9266,30.0697",22071,"Louisiana, Orleans",0.0316721705193636,1.07926732582109,0.0340762034342184,13324,1.00235946197602,1.00350182173561,0.0444311017712399,592,0.0015140432627632,1.00072604218861,1.00221613852142,0.644504974057817,1.00590447336164,0.6997,0.8797,0.7771,0.0036776929254282,1606.91,9.2,13.5,1254.8,10077.548545,0.2260962413,9.0,0.106,751.74722889,4.3,0.296,0.5911597264,0.0033810223,-42.0,-22.0,-49.0,-38.0,-33.0,12.0
2020-10-23,1150,"-92.157,32.4765",22073,"Louisiana, Ouachita",0.0501453488372093,2.23337109564654,0.0445379511247775,6880,1.00398725835383,1.00350182173561,0.0232558139534884,160,0.0010357663052273,1.0064113069809,1.00221613852142,0.644504974057817,1.00590447336164,0.7697,0.5352,0.9516,0.0081760802718886,1529.14,9.6,14.0,260.0,10098.453476,0.2143165679,9.5,0.141,191.43628684,5.0,0.401,0.3731542321,0.0030749312,-15.0,-11.0,-9.0,-34.0,-22.0,6.0
2020-10-23,1151,"-89.6032,29.4225",22075,"Louisiana, Plaquemines",0.106334841628959,4.01537804357112,0.0377616403246476,884,1.01132333880448,1.00350182173561,0.0214932126696833,19,0.0008116189662537,1.0,1.00221613852142,0.644504974057817,1.00590447336164,0.5624,0.8141,0.6504,,1769.86,6.4,12.3,35.1,7542.1377785,0.1950308214,8.9,0.165,333.99147559,4.3,0.375,0.2072191371,0.0181973516,,,,,-27.0,6.0
2020-10-23,1152,"-91.6021,30.7141",22077,"Louisiana, Pointe Coupee",0.0461401952085182,2.37010027347311,0.0513673655423883,1127,1.00412345984647,1.00350182173561,0.0354924578527063,40,0.0018231540565177,1.0,1.00221613852142,0.644504974057817,1.00590447336164,0.771,0.6387,0.6024,0.0011394712853236,1656.92,9.4,19.6,35.6,10914.957051,0.1959360247,9.3,0.112,21.082803358,4.0,0.312,0.3532816773,0.0029170465,,,,,-16.0,
2020-10-23,1153,"-92.53,31.1978",22079,"Louisiana, Rapides",0.0523356401384083,1.85352552810159,0.0354161241402552,4624,1.00472215271653,1.00350182173561,0.0333044982698962,154,0.0011795162451555,1.00186918497631,1.00221613852142,0.644504974057817,1.00590447336164,0.749,0.6918,0.9335,0.0059665139933518,1486.8,9.9,15.6,103.6,10883.274125,0.2243795674,9.3,0.145,159.608428,5.0,0.397,0.3174277355,0.0089918966,-16.0,-3.0,15.0,-64.0,-17.0,3.0
2020-10-23,1154,"-93.3421,32.0953",22081,"Louisiana, Red River",0.0933660933660934,4.4827179426684,0.0480122684912115,407,1.00947515202872,1.00350182173561,0.058968058968059,24,0.00283119027958,1.0,1.00221613852142,0.644504974057817,1.00590447336164,0.7723,0.687,0.5712,0.0029491565412292,1332.38,10.9,18.2,19.9,12992.042186,0.218837617,9.4,0.156,35.76647459,3.7,0.312,0.3936534151,0.0062522119,,,,,-13.0,
2020-10-23,1155,"-91.7663,32.4139",22083,"Louisiana, Richland",0.0725806451612903,3.12004754358162,0.0429873217115689,868,1.00589704415087,1.00350182173561,0.0184331797235023,16,0.0007923930269413,1.00926242190831,1.00221613852142,0.644504974057817,1.00590447336164,0.8299,0.483,0.8513,0.0027733755942947,1172.44,13.2,16.6,35.5,10286.929682,0.2322691861,9.6,0.188,39.713438849,5.0,0.356,0.3537044374,0.0035162441,,,,6.0,-17.0,
2020-10-23,1156,"-93.5543,31.5639",22085,"Louisiana, Sabine",0.0751028806584362,3.03761651131824,0.0404460719041278,972,1.00525267894532,1.00350182173561,0.01440329218107,14,0.0005825565912117,1.0,1.00221613852142,0.644504974057817,1.00590447336164,0.8354,0.4804,0.7176,0.0018308921438082,1324.13,11.9,19.7,23.1,9347.6066465,0.2095449574,9.4,0.114,30.638674531,3.7,0.458,0.1666527963,0.0917526631,,-7.0,,,-16.0,
2020-10-23,1157,"-89.5189,29.8776",22087,"Louisiana, St. Bernard",0.0340983606557377,1.11298987607286,0.0326405684809829,1525,1.00226869208307,1.00350182173561,0.020983606557377,32,0.000684916846814,1.0,1.00221613852142,0.644504974057817,1.00590447336164,0.8908,0.8071,0.1888,0.0051368763511055,1437.54,11.2,10.7,62.7,11364.939908,0.2251784204,9.0,0.134,270.53038968,5.0,0.425,0.2291260889,0.008411635,-22.0,-4.0,,,-23.0,7.0
2020-10-23,1158,"-90.3556,29.9071",22089,"Louisiana, St. Charles",0.0321576763485477,1.17248813328543,0.0364605987253919,1928,1.00262061696657,1.00350182173561,0.0326763485477178,63,0.0011913992322093,1.0,1.00221613852142,0.644504974057817,1.00590447336164,0.322,0.6584,0.2436,0.0011157548365135,1982.62,7.2,12.5,137.5,7418.7092681,0.1872447371,9.0,0.109,113.84149333,5.0,0.373,0.2598952325,0.0043306417,-24.0,-11.0,,,-22.0,6.0
2020-10-23,1159,"-90.7101,30.8221",22091,"Louisiana, St. Helena",0.0207852193995381,0.877022022997466,0.0421945039953225,433,1.00266763168247,1.00350182173561,0.0092378752886836,4,0.0003897875657766,1.0,1.00221613852142,0.644504974057817,1.00590447336164,0.9194,0.4989,0.7647,0.002436172286104,1119.53,12.7,18.3,23.7,12394.442184,0.2391719357,8.8,0.114,10.872626774,3.0,0.324,0.5193919314,0.0052621321,,,,,-17.0,
2020-10-23,1160,"-90.8021,30.0253",22093,"Louisiana, St. James",0.0215827338129496,0.855635309217094,0.0396444359937253,834,1.00137789540357,1.00350182173561,0.0479616306954436,40,0.0019014117982602,1.0,1.00221613852142,0.644504974057817,1.00590447336164,0.6589,0.4893,0.6027,0.0009507058991301,1758.28,9.2,16.0,95.8,9974.3091051,0.1900695547,9.5,0.087,4.7194889955,5.0,0.381,0.4884251557,0.0025193706,,,,-15.0,-18.0,
2020-10-23,1161,"-90.4754,30.126",22095,"Louisiana, St. John the Baptist",0.0147510755992624,0.555761393108559,0.0376759911078177,1627,1.00105811248677,1.00350182173561,0.0651505838967425,106,0.0024546128195628,1.00135502349508,1.00221613852142,0.644504974057817,1.00590447336164,0.7022,0.8042,0.4916,,1697.55,10.5,13.2,124.7,10641.81589,0.2051601554,9.2,0.1,84.121268372,4.3,0.433,0.5704195999,0.0048165987,-23.0,-14.0,-59.0,-16.0,-23.0,8.0
2020-10-23,1162,"-92.0014,30.5972",22097,"Louisiana, St. Landry",0.0455935501807061,1.98153786670533,0.0434609250398724,3597,1.00379008147643,1.00350182173561,0.0375312760633862,135,0.0016311439756415,1.0043060237115,1.00221613852142,0.644504974057817,1.00590447336164,0.9134,0.7284,0.8418,0.0073582717123387,1154.75,10.0,15.4,83.6,12667.485639,0.2439896934,9.5,0.14,118.6225269,4.3,0.337,0.4128002513,0.004168479,-6.0,0.0,,13.0,-17.0,4.0
2020-10-23,1163,"-91.614,30.1311",22099,"Louisiana, St. Martin",0.0273847558192606,1.11896458477089,0.0408608567538837,2191,1.00323638132246,1.00350182173561,0.0287539936102236,63,0.0011749128140094,1.00461933096922,1.00221613852142,0.644504974057817,1.00590447336164,0.7548,0.7654,0.5053,0.0008019246190858,1550.54,11.1,14.1,56.8,9841.1882732,0.2150437653,9.6,0.151,73.000629296,4.0,0.369,0.2974953843,0.0070308275,-9.0,-3.0,,-12.0,-18.0,4.0
2020-10-23,1164,"-91.447,29.6926",22101,"Louisiana, St. Mary",0.0243659870711089,0.98444971270141,0.0404026198416844,2011,1.00186075715707,1.00350182173561,0.0417702635504724,84,0.0016876280789167,1.00171234883304,1.00221613852142,0.644504974057817,1.00590447336164,0.8659,0.8672,0.7908,0.0037569815566359,1292.78,8.0,15.7,86.7,9743.9522595,0.2157765947,9.0,0.155,139.82689559,4.3,0.38,0.313657733,0.0228633423,-18.0,-13.0,,-10.0,-17.0,4.0
2020-10-23,1165,"-89.9564,30.4094",22103,"Louisiana, St. Tammany",0.0332807156011576,0.980198441755679,0.0294524448783663,7602,1.00277416850122,1.00350182173561,0.0353854248881873,269,0.0010421872760169,1.0,1.00221613852142,0.644504974057817,1.00590447336164,0.2748,0.6893,0.1818,0.0042074921254809,2360.76,7.9,15.9,219.6,6977.0936819,0.1770928057,9.3,0.112,144.43430278,5.0,0.302,0.1225286795,0.0055441264,-14.0,-2.0,-7.0,-24.0,-19.0,6.0
2020-10-23,1166,"-90.4066,30.6289",22105,"Louisiana, Tangipahoa",0.0334278768233387,1.23339587522519,0.0368972244855244,4936,1.00361146228302,1.00350182173561,0.0247163695299838,122,0.0009119654350149,1.0,1.00221613852142,0.644504974057817,1.00590447336164,0.8363,0.7001,0.717,0.0027284211785284,1523.72,9.6,13.6,153.8,10665.20435,0.2202475615,8.9,0.104,111.10971607,5.0,0.387,0.3006421134,0.0041636455,-8.0,-4.0,27.0,9.0,-15.0,7.0
2020-10-23,1167,"-91.3292,32.0076",22107,"Louisiana, Tensas",0.129032258064516,5.37875392200807,0.0416853428955625,186,1.00077041785305,1.00350182173561,0.010752688172043,2,0.0004482294935006,1.0,1.00221613852142,0.644504974057817,1.00590447336164,0.992,0.5059,0.425,,848.16,18.0,22.7,7.9,12380.774642,0.2847731875,9.2,0.194,6.6383704677,3.0,0.307,0.5389959659,0.0020170327,,,,,,
2020-10-23,1168,"-90.8263,29.3734",22109,"Louisiana, Terrebonne",0.0320229107003385,1.10789850568811,0.0345970582142117,3841,1.00270694791065,1.00350182173561,0.0320229107003385,123,0.0011078985056881,1.0023447173856,1.00221613852142,0.644504974057817,1.00590447336164,0.8041,0.7749,0.8507,0.002945388710244,1542.84,11.1,13.5,84.7,9721.4469923,0.2229123562,8.7,0.114,172.08497568,5.0,0.416,0.1895587321,0.0606191621,-20.0,-13.0,15.0,-18.0,-18.0,4.0
2020-10-23,1169,"-92.3749,32.8312",22111,"Louisiana, Union",0.0711030082041933,3.49305866547246,0.0491267353336319,1097,1.00586512548167,1.00350182173561,0.0464904284412033,51,0.0022839229735781,1.00573140984274,1.00221613852142,0.644504974057817,1.00590447336164,0.7306,0.68,0.8647,0.0016121809225257,1308.27,9.7,19.4,22.2,10166.440592,0.1936931099,9.8,0.163,32.131359197,4.0,0.381,0.2484997761,0.005463502,,,,,-17.0,
2020-10-23,1170,"-92.3029,29.8352",22113,"Louisiana, Vermilion",0.0180608365019011,0.63513287648337,0.0351663045295003,2104,1.00122817334462,1.00350182173561,0.0332699619771863,70,0.0011699816145746,1.0041496628021,1.00221613852142,0.644504974057817,1.00590447336164,0.8115,0.702,0.6224,0.0015878321912084,1546.32,9.2,14.7,39.6,8479.5731835,0.2042132765,9.4,0.098,66.241624807,5.0,0.388,0.1415677754,0.004312218,0.0,-7.0,,,-17.0,4.0
2020-10-23,1171,"-93.1815,31.1088",22115,"Louisiana, Vernon",0.0215633423180593,0.49119934506754,0.0227793696275072,1113,1.00090171618656,1.00350182173561,0.0494159928122192,55,0.0011256651657797,1.0,1.00221613852142,0.644504974057817,1.00590447336164,0.7468,0.5769,0.6476,0.0018829308227589,1437.91,8.9,11.2,43.8,9194.9081677,0.2029266779,9.5,0.13,53.766285694,4.0,0.354,0.1382726156,0.0161686451,-16.0,-11.0,,,-18.0,2.0
2020-10-23,1172,"-90.0387,30.8529",22117,"Louisiana, Washington",0.0288683602771363,1.07337598213902,0.0371817440212958,1732,1.00182787418991,1.00350182173561,0.0404157043879908,70,0.0015027263749946,1.0041496628021,1.00221613852142,0.644504974057817,1.00590447336164,0.9736,0.8109,0.964,0.002640504916062,1126.51,11.8,17.2,65.3,13484.273929,0.2323606837,9.1,0.23,39.414357776,4.3,0.428,0.3011034305,0.0045725817,-14.0,-5.0,,,-19.0,6.0
2020-10-23,1173,"-93.3312,32.7085",22119,"Louisiana, Webster",0.0643598615916955,2.39703077478221,0.0372441878447343,1445,1.00391629560464,1.00350182173561,0.0262975778546713,38,0.0009794319294809,1.01601628385513,1.00221613852142,0.644504974057817,1.00590447336164,0.8424,0.4218,0.9134,0.0050518067941646,1116.97,9.4,18.9,62.0,11659.978824,0.22964288,9.9,0.144,57.348298132,5.0,0.329,0.3400948503,0.0055672973,-11.0,-14.0,,10.0,-18.0,7.0
2020-10-23,1174,"-91.3099,30.4606",22121,"Louisiana, West Baton Rouge",0.0282722513089005,1.0216823703031,0.0361372838384985,955,1.00211197005869,1.00350182173561,0.043979057591623,42,0.0015892836871381,1.0,1.00221613852142,0.644504974057817,1.00590447336164,0.5561,0.5489,0.9424,,1975.74,8.2,12.9,133.8,8586.9171419,0.2002215404,9.0,0.091,217.59807976,5.0,0.379,0.3937639535,0.0023839255,-4.0,-6.0,,-11.0,-22.0,6.0
2020-10-23,1175,"-91.4612,32.7855",22123,"Louisiana, West Carroll",0.045822102425876,1.54798761609907,0.0337825532689856,371,1.00430897579018,1.00350182173561,0.032345013477089,12,0.0010926971407758,1.02638809625704,1.00221613852142,0.644504974057817,1.00590447336164,0.9207,0.305,0.2521,0.0019122199963576,1214.99,13.7,18.6,28.8,10912.195935,0.2127797866,9.6,0.248,31.840905212,4.3,0.468,0.156164633,0.0085594609,,,,,-13.0,
2020-10-23,1176,"-91.4149,30.8788",22125,"Louisiana, West Feliciana",0.004054054054054,0.19404915912031,0.0478654592496766,740,,1.00350182173561,0.0337837837837838,25,0.0016170763260025,1.0,1.00221613852142,0.644504974057817,1.00590447336164,0.7439,0.6425,0.8453,0.0014230271668822,1906.31,7.5,13.3,27.5,8675.3486368,0.2189836709,9.0,0.084,36.925339433,3.3,0.218,0.4427554981,0.0017464424,,,,,-29.0,
2020-10-23,1177,"-92.6379,31.9445",22127,"Louisiana, Winn",0.0443786982248521,2.1225413895571,0.0478279326446866,676,1.00386289105058,1.00350182173561,0.0281065088757396,19,0.0013442762133861,1.0,1.00221613852142,0.644504974057817,1.00590447336164,0.7917,0.4448,0.6651,0.0042450827791141,1177.36,10.8,17.5,13.8,11545.087442,0.2292733809,9.4,0.221,44.070297745,3.0,0.373,0.3061412198,0.0087024197,,,,,-23.0,
2020-10-23,1178,"-70.2038,44.1665",23001,"Maine, Androscoggin",0.0642857142857143,0.501490541331179,0.0078009639762627,840,1.00240390165174,1.0055154193214,0.0119047619047619,10,9.28686187650331e-05,1.0,1.00197241725117,0.302276442688456,1.00907799894356,0.3452,0.4339,0.8806,0.0044855542863511,1594.24,8.0,16.8,217.8,7292.7171213,0.1644920619,7.6,0.122,175.26220068,4.3,0.339,0.0418465996,0.0043091039,-14.0,-2.0,,,-21.0,7.0
2020-10-23,1179,"-68.5984,46.6593",23003,"Maine, Aroostook",0.135593220338983,0.119205495373337,0.0008791405283783,59,1.01273084121353,1.0055154193214,0.0169491525423729,1,1.49006869216671e-05,1.0,1.00197241725117,0.302276442688456,1.00907799894356,0.5825,0.2989,0.7542,0.0033973566181401,1427.21,8.4,22.7,10.1,7924.7663485,0.1859272146,8.1,0.132,33.884997475,3.7,0.359,0.0103559774,0.0193261909,-10.0,-5.0,32.0,,-14.0,5.0
2020-10-23,1180,"-70.3723,43.8371",23005,"Maine, Cumberland",0.0254515599343186,0.211202594385417,0.0082982180632722,2436,1.0021888729481,1.0055154193214,0.028735632183908,70,0.000238454542048,1.0,1.00197241725117,0.302276442688456,1.00907799894356,0.0373,0.4791,0.5925,0.0036926389082869,2400.16,5.8,17.3,363.3,5625.799522,0.1139152239,8.0,0.086,153.14807862,5.0,0.233,0.0302292229,0.0035802246,-14.0,1.0,86.0,-13.0,-28.0,11.0
2020-10-23,1181,"-70.4438,44.9733",23007,"Maine, Franklin",0.135135135135135,0.334481720573971,0.0024751647322473,74,1.0019455547198,1.0055154193214,0.0135135135135135,1,3.34481720573971e-05,1.0,1.00197241725117,0.302276442688456,1.00907799894356,0.3611,0.1213,0.3677,0.0021741311837308,1621.33,10.0,21.0,16.5,7014.3554422,0.1619735643,6.9,0.092,43.959112848,3.0,0.341,0.005452052,0.0047496404,-10.0,1.0,,,-19.0,5.0
2020-10-23,1182,"-68.384,44.5982",23009,"Maine, Hancock",0.112903225806452,0.127711590739085,0.001131159803689,62,1.01464661052734,1.0055154193214,0.0161290322580645,1,1.82445129627265e-05,1.0,1.00197241725117,0.302276442688456,1.00907799894356,0.1525,0.1095,0.5403,0.0020798744777508,1989.39,10.2,23.3,31.8,6156.2265725,0.1439473471,6.3,0.09,36.773739159,3.7,0.249,0.0085201876,0.0047435734,9.0,10.0,,,-11.0,4.0
2020-10-23,1183,"-69.7674,44.4076",23011,"Maine, Kennebec",0.159468438538206,0.393175134949174,0.0024655357420771,301,1.00884796632702,1.0055154193214,0.0365448504983389,11,9.0102635092519e-05,1.0,1.00197241725117,0.302276442688456,1.00907799894356,0.2968,0.1999,0.8122,0.0027440347959994,1761.28,7.4,18.9,134.9,7287.6626511,0.1646310733,7.7,0.105,32.773063111,4.0,0.335,0.0069624763,0.0054061581,-10.0,3.0,29.0,-13.0,-20.0,6.0
2020-10-23,1184,"-69.1053,44.1149",23013,"Maine, Knox",0.180327868852459,0.276583440195117,0.0015337808956274,61,1.01756531822202,1.0055154193214,0.0163934426229508,1,2.5143949108647e-05,1.0,1.00197241725117,0.302276442688456,1.00907799894356,0.1357,0.0602,0.4677,0.0027406904528425,1980.61,9.4,23.5,113.4,6808.9170799,0.1369764642,7.2,0.083,75.887121942,3.7,0.272,0.007417465,0.0046516306,-1.0,,,,-8.0,4.0
2020-10-23,1185,"-69.5423,44.06",23015,"Maine, Lincoln",0.166666666666667,0.291188631995807,0.0017471317919748,60,1.02065336654354,1.0055154193214,0.0166666666666667,1,2.91188631995807e-05,1.0,1.00197241725117,0.302276442688456,1.00907799894356,0.1471,0.0783,0.1796,0.0007279715799895,2025.17,10.0,26.4,64.8,7081.3132493,0.1452458874,7.5,0.087,28.691027932,3.7,0.245,0.0056490595,0.0037563334,15.0,,,,-12.0,4.0
2020-10-23,1186,"-70.7568,44.4995",23017,"Maine, Oxford",0.0382165605095541,0.104134124752681,0.0027248429310285,157,,1.0055154193214,0.0127388535031847,2,3.47113749175605e-05,1.0,1.00197241725117,0.302276442688456,1.00907799894356,0.5417,0.0933,0.4145,0.0013016765594085,1576.77,8.8,20.5,25.0,7698.8039832,0.1803092353,7.4,0.096,49.285333511,3.7,0.332,0.0059009337,0.0049810823,-15.0,1.0,,,-15.0,5.0
2020-10-23,1187,"-68.6502,45.4019",23019,"Maine, Penobscot",0.0563380281690141,0.1058929422354,0.0018795997246783,284,1.00724789391981,1.0055154193214,0.0211267605633803,6,3.9709853338275e-05,1.0,1.00197241725117,0.302276442688456,1.00907799894356,0.4191,0.1385,0.8612,0.0044541218827765,1660.37,8.8,17.4,45.4,7774.1658079,0.1685807633,7.2,0.115,77.761898999,4.0,0.337,0.0090604649,0.0127534812,-11.0,5.0,43.0,2.0,-18.0,6.0
2020-10-23,1188,"-69.286,45.8384",23021,"Maine, Piscataquis",0.0,0.0,0.000595238095238,10,1.0,1.0055154193214,0.0,0,0.0,,1.00197241725117,0.302276442688456,1.00907799894356,0.6838,0.0618,0.297,0.0028571428571428,1399.35,10.2,25.2,3.8,8743.3449571,0.1890087176,6.7,0.114,28.245694167,3.0,0.366,0.005,0.0076785714,,16.0,,,0.0,
2020-10-23,1189,"-69.8507,43.9542",23023,"Maine, Sagadahoc",0.113924050632911,0.252567772352248,0.0022169837795364,79,1.01134796389442,1.0055154193214,0.0,0,0.0,,1.00197241725117,0.302276442688456,1.00907799894356,0.0376,0.2362,0.1541,,1828.4,6.5,21.2,132.5,6570.9410467,0.1359092194,7.7,0.084,77.176204172,4.0,0.251,0.0085592412,0.0046865353,-10.0,0.0,,,-21.0,7.0
2020-10-23,1190,"-69.96,45.5123",23025,"Maine, Somerset",0.232558139534884,0.592979127134725,0.0025498102466793,129,1.00450994892571,1.0055154193214,0.062015503875969,8,0.0001581277672359,1.0,1.00197241725117,0.302276442688456,1.00907799894356,0.7576,0.1579,0.5648,0.0009882985452245,1412.46,9.4,20.2,11.6,9067.7224386,0.1909450339,7.3,0.12,65.817916133,3.7,0.339,0.0054949399,0.0057123656,-5.0,-6.0,,,-15.0,4.0
2020-10-23,1191,"-69.1206,44.4858",23027,"Maine, Waldo",0.427536231884058,1.48637073613141,0.003476595959087,138,1.07349486530183,1.0055154193214,0.101449275362319,14,0.0003526981407769,1.0,1.00197241725117,0.302276442688456,1.00907799894356,0.3334,0.049,0.2986,0.0006298181085302,1509.46,11.1,21.1,48.0,6519.0116511,0.175107616,7.1,0.105,22.48815611,3.7,0.307,0.0056935557,0.0049629667,-2.0,-5.0,,,-24.0,6.0
2020-10-23,1192,"-67.6281,45.0161",23029,"Maine, Washington",0.310344827586207,0.285805017465862,0.0009209272785011,29,1.05451453862363,1.0055154193214,0.0,0,0.0,,1.00197241725117,0.302276442688456,1.00907799894356,0.6777,0.341,0.5231,0.0015878056525881,1415.47,12.1,23.2,11.7,9684.4259517,0.1822978957,6.5,0.126,21.78821775,3.0,0.326,0.0059701493,0.0540489044,0.0,3.0,,,-15.0,2.0
2020-10-23,1193,"-70.7105,43.4781",23031,"Maine, York",0.0639880952380952,0.417012156389257,0.0065170271882228,1344,1.00531974944818,1.0055154193214,0.0148809523809524,20,9.69795712533155e-05,1.01516534655549,1.00197241725117,0.302276442688456,1.00907799894356,0.0748,0.2451,0.2811,0.0011104160908504,2251.33,6.7,19.3,178.7,7166.8968123,0.1403691369,7.7,0.098,66.644374116,4.0,0.302,0.0090869858,0.0037385625,1.0,10.0,110.0,-4.0,-23.0,7.0
2020-10-23,1194,"-78.6928,39.6236",24001,"Maryland, Allegany",0.165562913907285,1.40894681225784,0.0085100387460373,604,1.01666819517017,1.0046738220906,0.0380794701986755,23,0.0003240577668193,1.0,1.00138054149076,0.571026647280247,1.00858855815045,0.6803,0.3448,0.752,0.0063543501232828,1402.53,4.8,19.6,169.1,9202.0602631,0.1605171062,9.0,0.152,250.0090129,5.0,0.369,0.0805776682,0.0020711518,-13.0,-9.0,54.0,-2.0,-20.0,5.0
2020-10-23,1195,"-76.6033,39.0067",24003,"Maryland, Anne Arundel",0.081813444502345,1.63532865418701,0.019988507562961,11514,1.0058544710962,1.0046738220906,0.0231023102310231,266,0.0004617807027746,1.00216688788997,1.00138054149076,0.571026647280247,1.00858855815045,0.0803,0.7549,0.3645,0.0011683398983735,3328.47,4.4,14.1,1395.7,6809.3863006,0.1367542123,10.6,0.096,386.70917497,5.0,0.294,0.1713345289,0.004414693,-20.0,-14.0,81.0,-44.0,-36.0,12.0
2020-10-23,1196,"-76.6291,39.4578",24005,"Maryland, Baltimore",0.0617681057445846,1.4835272943673,0.024017691274228,19897,1.00454745804017,1.0046738220906,0.0330703121073529,658,0.0007942725465367,1.00196939594945,1.00138054149076,0.571026647280247,1.00858855815045,0.1707,0.865,0.618,0.0022922850545187,2614.13,5.2,16.5,1274.1,8090.8558084,0.1327783031,10.9,0.107,717.77082683,5.0,0.309,0.2899493138,0.0043902268,-19.0,-11.0,92.0,-40.0,-37.0,12.0
2020-10-23,1197,"-76.5682,38.5396",24009,"Maryland, Calvert",0.0908296943231441,1.1303979218069,0.0124452463506625,1145,1.00811754959501,1.0046738220906,0.0253275109170306,29,0.0003152071128115,1.00502563202403,1.00138054149076,0.571026647280247,1.00858855815045,0.129,0.4413,0.0146,0.0008260600197819,3495.46,3.9,14.0,331.0,7016.687479,0.1448291607,9.3,0.115,69.833583894,5.0,0.323,0.1274523657,0.0045541993,-10.0,4.0,,,-36.0,11.0
2020-10-23,1198,"-75.829,38.8717",24011,"Maryland, Caroline",0.0651872399445215,1.41124189286572,0.0216490511650252,721,1.00671534741365,1.0046738220906,0.0110957004160888,8,0.0002402113860196,1.0,1.00138054149076,0.571026647280247,1.00858855815045,0.5226,0.7138,0.2786,,1848.65,5.6,15.9,82.4,9121.859698,0.1860242512,9.4,0.129,49.864973812,4.0,0.402,0.1376711506,0.0085275042,-5.0,-3.0,,,-19.0,7.0
2020-10-23,1199,"-77.0237,39.5645",24013,"Maryland, Carroll",0.0576568265682657,0.742152479679865,0.0128718926075676,2168,1.00401739861183,1.0046738220906,0.0595018450184502,129,0.0007659013590296,1.00111235255457,1.00138054149076,0.571026647280247,1.00858855815045,0.036,0.3429,0.1831,0.0024283229135125,3193.15,2.9,16.0,309.6,6692.2695536,0.1263010268,10.5,0.099,128.43292189,5.0,0.33,0.0362289154,0.0027192467,-9.0,-15.0,73.0,-35.0,-34.0,10.0
2020-10-23,1200,"-75.9463,39.5665",24015,"Maryland, Cecil",0.123171670515781,1.55602668585766,0.0126329916558069,1299,1.01235602247615,1.0046738220906,0.0277136258660508,36,0.0003501060043179,1.0,1.00138054149076,0.571026647280247,1.00858855815045,0.2736,0.4967,0.4454,0.0021589870266275,2570.14,4.1,14.9,245.8,9240.5407326,0.1691593935,10.7,0.114,150.33784875,5.0,0.326,0.0663353627,0.0041040204,-5.0,-5.0,,-9.0,-32.0,7.0
2020-10-23,1201,"-76.9858,38.5109",24017,"Maryland, Charles",0.0583632213889795,1.10833854479483,0.0189903593122109,3067,1.00397507682872,1.0046738220906,0.0329312031300946,101,0.0006253753800239,1.0,1.00138054149076,0.571026647280247,1.00858855815045,0.0398,0.8325,0.1283,0.0005510733546745,3073.78,3.8,11.8,277.5,7351.2539887,0.1416024778,9.3,0.118,106.18323276,4.3,0.362,0.4786846065,0.0076407249,-13.0,-11.0,,,-40.0,14.0
2020-10-23,1202,"-76.0275,38.4541",24019,"Maryland, Dorchester",0.153741496598639,3.53147071691981,0.0229701856366023,735,1.01704264958419,1.0046738220906,0.0136054421768707,10,0.0003125195324707,1.0,1.00138054149076,0.571026647280247,1.00858855815045,0.5726,0.7861,0.5228,0.0127820488780549,1684.22,5.4,20.5,54.2,9920.1412588,0.1815662641,9.4,0.187,87.063949534,3.7,0.394,0.2794549659,0.0050940684,-1.0,,,,-19.0,7.0
2020-10-23,1203,"-77.4,39.473",24021,"Maryland, Frederick",0.0659244706395983,1.18131180373013,0.0179191701088997,4581,1.00460546490681,1.0046738220906,0.0301244269810085,138,0.0005398047315058,1.00103950553019,1.00138054149076,0.571026647280247,1.00858855815045,0.085,0.766,0.206,0.0012047815746651,3069.76,4.5,13.8,359.5,6002.1796656,0.1161305226,10.3,0.09,272.88476002,5.0,0.291,0.0961439166,0.0048934472,-13.0,-3.0,100.0,-18.0,-39.0,12.0
2020-10-23,1204,"-79.2736,39.5279",24023,"Maryland, Garrett",0.339130434782609,1.33731097623701,0.0039433528786476,115,1.03896798876442,1.0046738220906,0.008695652173913,1,3.42900250317183e-05,1.0,1.00138054149076,0.571026647280247,1.00858855815045,0.2615,0.0653,0.3582,0.0018859513767445,1644.65,7.0,21.2,45.3,6883.7332998,0.1536434652,8.7,0.131,39.314605358,3.7,0.372,0.0101155574,0.0022288516,4.0,4.0,,7.0,-24.0,5.0
2020-10-23,1205,"-76.3078,39.5501",24025,"Maryland, Harford",0.0789775990809879,1.0828647482241,0.0137110365575139,3482,1.00618104746039,1.0046738220906,0.0229753015508329,80,0.0003150151994833,1.00547510717426,1.00138054149076,0.571026647280247,1.00858855815045,0.0933,0.5562,0.1394,0.0010041109483532,2795.52,3.4,15.4,516.7,6834.252848,0.1460993774,10.9,0.109,222.06786346,5.0,0.323,0.1395005434,0.0032446566,-16.0,-7.0,143.0,-25.0,-33.0,10.0
2020-10-23,1206,"-76.9313,39.2531",24027,"Maryland, Howard",0.0636875439831105,1.12006336712088,0.0175868513224174,5684,1.00450348597384,1.0046738220906,0.0218156228008445,124,0.0003836681147043,1.0011574136057,1.00138054149076,0.571026647280247,1.00858855815045,0.0127,0.9124,0.1745,0.001797670763252,4120.75,3.9,13.0,1266.1,4160.221959,0.0901910114,11.0,0.088,527.39540768,5.0,0.253,0.1929541207,0.0041832201,-24.0,-15.0,98.0,,-46.0,17.0
2020-10-23,1207,"-76.0474,39.2498",24029,"Maryland, Kent",0.0595238095238095,1.03183201774751,0.0173347778981582,336,1.00432558252636,1.0046738220906,0.0714285714285714,24,0.001238198421297,1.0,1.00138054149076,0.571026647280247,1.00858855815045,0.2726,0.6807,0.6396,0.0013413816230717,2210.0,5.2,25.7,69.8,6887.5217687,0.1301831191,9.7,0.115,73.137560012,3.7,0.297,0.1451787649,0.0032502709,-11.0,,,,-18.0,
2020-10-23,1208,"-77.2036,39.1368",24031,"Maryland, Montgomery",0.0597045050863879,1.40513620510618,0.023534843862671,24772,1.00444346417659,1.0046738220906,0.0348377200064589,863,0.0008199003008834,1.0004975954504,1.00138054149076,0.571026647280247,1.00858855815045,0.1083,0.9554,0.5804,0.0017357564886605,3957.71,7.1,14.6,2016.7,4104.5526232,0.0817571344,10.8,0.078,843.88611219,5.0,0.212,0.1845697234,0.0073220992,-24.0,-6.0,50.0,-44.0,-44.0,16.0
2020-10-23,1209,"-76.8496,38.8307",24033,"Maryland, Prince George's",0.0467277980153247,1.63640922547696,0.035020037215113,31844,1.00337380070097,1.0046738220906,0.0267554327345811,852,0.0009369762500714,1.00185813374589,1.00138054149076,0.571026647280247,1.00858855815045,0.3408,0.9819,0.8641,0.000919380451948,2731.5,10.1,12.3,1616.9,6864.4374901,0.1197912293,9.9,0.127,696.65319619,5.0,0.373,0.6187276478,0.0118441716,-15.0,-8.0,68.0,-49.0,-37.0,13.0
2020-10-23,1210,"-76.0353,39.062",24035,"Maryland, Queen Anne's",0.0699865410497981,1.03480527750692,0.0147857754074546,743,1.00570378820607,1.0046738220906,0.0349932705248991,26,0.0005174026387534,1.0,1.00138054149076,0.571026647280247,1.00858855815045,0.0255,0.5339,0.0296,,3105.35,4.8,18.0,107.2,7136.180585,0.1198178945,9.7,0.104,128.233328,4.0,0.292,0.0619490159,0.0046566237,-10.0,18.0,,,-25.0,8.0
2020-10-23,1211,"-76.6063,38.3006",24037,"Maryland, St. Mary's",0.0401408450704225,0.505929134417383,0.0126038486118015,1420,1.003882538496,1.0046738220906,0.0415492957746479,59,0.0005236810338706,1.0,1.00138054149076,0.571026647280247,1.00858855815045,0.1105,0.5718,0.3333,0.0008432152240289,2841.72,5.1,12.3,303.5,6761.0800567,0.1501389498,9.0,0.119,95.595796414,4.3,0.364,0.1430625577,0.0045799901,-15.0,-10.0,39.0,,-31.0,10.0
2020-10-23,1212,"-75.7512,38.1164",24039,"Maryland, Somerset",0.179551122194514,2.80428432327166,0.015618305744888,401,1.0143242793351,1.0046738220906,0.0149625935162095,6,0.0002336903602726,1.02638809625704,1.00138054149076,0.571026647280247,1.00858855815045,0.9086,0.8067,0.9395,0.0034664070107108,1428.47,5.8,15.8,67.2,9953.3893474,0.1976016012,9.0,0.133,69.898116082,3.7,0.444,0.4137098345,0.0049074976,,,,,-21.0,
2020-10-23,1213,"-76.1088,38.7662",24041,"Maryland, Talbot",0.0744849445324881,1.2713698333694,0.0170688162735339,631,1.00818549020683,1.0046738220906,0.0095087163232963,6,0.0001623025319194,1.0,1.00138054149076,0.571026647280247,1.00858855815045,0.0908,0.6807,0.0414,0.0035706557022289,2517.16,4.3,27.9,158.7,6532.8437992,0.1281530982,9.3,0.116,203.94086793,4.0,0.284,0.1238368319,0.0040305129,-8.0,-2.0,,,-18.0,6.0
2020-10-23,1214,"-77.82,39.6084",24043,"Maryland, Washington",0.107506950880445,1.53717715966765,0.0142983978903569,2158,1.0070810608894,1.0046738220906,0.0194624652455978,42,0.0002782820720087,1.0,1.00138054149076,0.571026647280247,1.00858855815045,0.4627,0.5801,0.8007,0.0024647840663636,2049.2,5.7,16.4,320.9,8547.2746086,0.1546402323,10.1,0.137,237.82676294,5.0,0.363,0.1159707406,0.0032532499,-13.0,1.0,124.0,,-19.0,7.0
2020-10-23,1215,"-75.6271,38.373",24045,"Maryland, Wicomico",0.100125156445557,2.32569407432531,0.023227869567324,2397,1.00850679573985,1.0046738220906,0.0204422194409679,49,0.0004748292068414,1.0,1.00138054149076,0.571026647280247,1.00858855815045,0.5771,0.8599,0.9421,0.003246281312079,1862.26,6.6,15.1,275.5,9178.6720127,0.1530895535,9.3,0.117,208.37930408,5.0,0.361,0.2646736761,0.0038373952,-14.0,-5.0,,-7.0,-23.0,8.0
2020-10-23,1216,"-75.332,38.2127",24047,"Maryland, Worcester",0.0623946037099494,1.42793740231172,0.0228855913397526,1186,1.00428847944174,1.0046738220906,0.0252951096121417,30,0.0005788935414777,1.0,1.00138054149076,0.571026647280247,1.00858855815045,0.1955,0.4648,0.5193,0.0008683403122165,2249.87,4.9,26.8,113.4,8845.6631968,0.1375386636,9.0,0.126,173.72076875,4.3,0.347,0.1284371804,0.0041294406,23.0,35.0,,,-13.0,5.0
2020-10-23,1217,"-76.6115,39.3021",24510,"Maryland, Baltimore City",0.0477779729492359,1.35436808604221,0.0283471232126408,17079,1.00366665129691,1.0046738220906,0.029158615844019,498,0.0008265628760404,1.00115274387574,1.00138054149076,0.571026647280247,1.00858855815045,0.7178,0.9045,0.873,0.0077527614337048,1794.4,6.6,13.2,8825.8,13652.312174,0.2026259525,9.5,0.125,1094.6949643,5.0,0.349,0.619025884,0.0045195396,-25.0,-15.0,4.0,-32.0,-36.0,11.0
2020-10-23,1218,"-70.2885,41.7298",25001,"Massachusetts, Barnstable",0.0344666977177457,0.346745512222779,0.0100603056046258,2147,1.00269023851096,1.00498786294015,0.0847694457382394,182,0.0008528065300614,1.00317977863105,1.00202697098615,0.806255558957073,1.01353411497897,0.0468,0.4301,0.0942,0.0016259553073149,2647.81,3.3,29.1,532.5,7302.6933802,0.1185390632,6.7,0.088,65.380734788,4.3,0.214,0.0310712093,0.007614344,7.0,12.0,148.0,-10.0,-11.0,5.0
2020-10-23,1219,"-73.2052,42.3743",25003,"Massachusetts, Berkshire",0.0228716645489199,0.1424636717637,0.0062288283154462,787,1.00164445409685,1.00498786294015,0.0648030495552732,51,0.0004036470699971,1.0,1.00202697098615,0.806255558957073,1.01353411497897,0.272,0.5533,0.6004,0.0025564314433152,2159.17,3.0,22.0,139.9,7541.4213332,0.1378295409,7.7,0.1,91.271056819,3.3,0.257,0.0312391174,0.0032054326,-13.0,-5.0,,20.0,-28.0,8.0
2020-10-23,1220,"-71.1087,41.7923",25005,"Massachusetts, Bristol",0.0739498616584221,1.56376878916071,0.0211463382634011,11927,1.00621221218012,1.00498786294015,0.0616248847153517,735,0.0013031406576339,1.00156465446493,1.00202697098615,0.806255558957073,1.01353411497897,0.3831,0.7682,0.6466,0.0020584303449156,2413.51,2.8,16.3,896.2,7289.8446574,0.1501321279,6.9,0.107,104.68737798,5.0,0.291,0.0459538812,0.0062781239,-11.0,-7.0,25.0,-34.0,-27.0,8.0
2020-10-23,1221,"-70.6876,41.4067",25007,"Massachusetts, Dukes",0.0344827586206897,0.172890733056708,0.0050138312586445,87,1.00165291061059,1.00498786294015,0.0,0,0.0,,1.00202697098615,0.806255558957073,1.01353411497897,0.015,0.4887,0.008,0.0014407561088059,2423.64,5.3,22.2,160.1,4820.1341763,0.1201852924,6.0,0.066,28.743654834,3.7,0.268,0.0407445828,0.0125633933,,,,25.0,0.0,
2020-10-23,1222,"-70.9469,42.6688",25009,"Massachusetts, Essex",0.0755696691413123,2.22731515560851,0.0294736655713487,23303,1.00613735529565,1.00498786294015,0.0572029352443891,1333,0.0016859801830926,1.00161796536959,1.00202697098615,0.806255558957073,1.01353411497897,0.2513,0.8663,0.8045,0.0016328585269111,2854.61,3.0,16.3,1390.7,5995.8365475,0.1174006476,7.8,0.097,206.8554659,5.0,0.248,0.0338334358,0.008868787,-15.0,-9.0,85.0,-25.0,-31.0,11.0
2020-10-23,1223,"-72.586,42.5812",25011,"Massachusetts, Franklin",0.0645161290322581,0.450939221848005,0.006989557938644,496,1.00895273709639,1.00498786294015,0.145161290322581,72,0.001014613249158,1.00200003196896,1.00202697098615,0.806255558957073,1.01353411497897,0.1634,0.4855,0.3706,0.0012541747107647,2008.16,2.1,20.3,89.4,6315.107787,0.1361118012,7.7,0.117,36.294062263,3.7,0.288,0.0131617885,0.0047771374,-8.0,-11.0,,-40.0,-27.0,10.0
2020-10-23,1224,"-72.6324,42.1344",25013,"Massachusetts, Hampden",0.0713019910351298,1.45406308593003,0.0203930221978461,9593,1.00585311997185,1.00498786294015,0.0838111122693631,804,0.0017091618729352,1.0017895719377,1.00202697098615,0.806255558957073,1.01353411497897,0.6076,0.8911,0.843,0.0030888211459887,1975.33,3.1,16.0,739.6,7418.7461269,0.1544052525,8.2,0.107,202.8811403,5.0,0.312,0.0773310715,0.0079420756,-19.0,-12.0,24.0,-20.0,-29.0,9.0
2020-10-23,1225,"-72.659,42.34",25015,"Massachusetts, Hampshire",0.0542784163473819,0.526788757708159,0.0097053081714232,1566,1.00502563202403,1.00498786294015,0.0977011494252874,153,0.0009482197638746,1.00093721041406,1.00202697098615,0.806255558957073,1.01353411497897,0.2471,0.5734,0.687,0.0019212295869356,2447.05,2.2,16.0,292.0,5480.2369085,0.1338615691,8.0,0.068,66.174302786,4.0,0.204,0.0290601469,0.0029624121,-28.0,-9.0,,,-28.0,13.0
2020-10-23,1226,"-71.3905,42.4861",25017,"Massachusetts, Middlesex",0.0613131589341598,1.2497569228978,0.0203831762157261,32913,1.00472810456107,1.00498786294015,0.068058214079543,2240,0.0013872425705109,1.00225229790198,1.00202697098615,0.806255558957073,1.01353411497897,0.051,0.8341,0.8195,0.0017061845007846,3701.11,2.5,14.7,1991.0,4384.1157441,0.0995444314,8.5,0.074,305.01257653,5.0,0.221,0.0524396271,0.0026202783,-25.0,-10.0,18.0,-53.0,-45.0,17.0
2020-10-23,1227,"-70.0877,41.2942",25019,"Massachusetts, Nantucket",0.0845070422535211,1.05941555575174,0.012536417409729,142,1.00618651102204,1.00498786294015,0.0140845070422535,2,0.0001765692592919,1.0,1.00202697098615,0.806255558957073,1.01353411497897,0.0102,0.5928,0.0716,0.0016774079632735,3665.98,4.4,14.3,236.8,4173.3728594,0.1394875843,6.0,0.076,0.0,3.0,0.249,0.0948176922,0.0041493776,,,,,10.0,
2020-10-23,1228,"-71.2053,42.1607",25021,"Massachusetts, Norfolk",0.0523928683140444,0.949831865583197,0.0181290296971312,12788,1.00371885754577,1.00498786294015,0.0857835470753832,1097,0.0015551724724548,1.00144074541807,1.00202697098615,0.806255558957073,1.01353411497897,0.0656,0.7994,0.6603,0.0010363090951362,3806.73,1.8,16.2,1677.1,4740.4408526,0.1223898028,8.1,0.085,228.48928738,4.3,0.232,0.070753968,0.0021094773,-16.0,-5.0,67.0,-53.0,-41.0,15.0
2020-10-23,1229,"-70.808,41.9407",25023,"Massachusetts, Plymouth",0.0734468234468234,1.61541846479276,0.0219943952506311,11396,1.00523503529214,1.00498786294015,0.0714285714285714,814,0.0015710282321879,1.0037408573727,1.00202697098615,0.806255558957073,1.01353411497897,0.1159,0.7195,0.3515,0.0021191511043517,3144.04,2.2,17.1,672.7,6455.2063514,0.1451245733,7.2,0.109,70.694952914,5.0,0.282,0.1063918075,0.0032983873,-13.0,-5.0,99.0,-34.0,-28.0,9.0
2020-10-23,1230,"-71.0785,42.328",25025,"Massachusetts, Suffolk",0.0600171171813708,2.08485082725097,0.0347376036231561,28042,1.00490390811614,1.00498786294015,0.0415804864132373,1166,0.001444406455481,1.00160297577169,1.00202697098615,0.806255558957073,1.01353411497897,0.5608,0.9656,0.9774,0.006800850292102,2487.34,3.8,11.5,17939.0,5646.4394352,0.1447541092,7.6,0.082,1040.7277936,3.7,0.212,0.2034395703,0.0073669684,-37.0,-15.0,1.0,-59.0,-44.0,16.0
2020-10-23,1231,"-71.9049,42.3503",25027,"Massachusetts, Worcester",0.152461966301325,3.36527293494889,0.0220728685100242,18339,1.00394071001945,1.00498786294015,0.0630350618899613,1156,0.0013913646326183,1.00237031268585,1.00202697098615,0.806255558957073,1.01353411497897,0.2322,0.7899,0.7931,0.0020557532807198,2565.26,2.5,14.9,495.1,6481.1001034,0.1380474759,7.9,0.09,140.29097083,4.3,0.27,0.0473160263,0.0040152184,-17.0,-8.0,24.0,-11.0,-31.0,11.0
2020-10-23,1232,"-83.5951,44.6847",26001,"Michigan, Alcona",0.0576923076923077,0.289519397799653,0.0050183362285273,52,1.00561868495366,1.01153600114773,0.0384615384615385,2,0.0001930129318664,1.0,1.0031749798487,0.485746527456466,1.0089249895484,0.6624,0.0812,0.0551,,1452.25,4.6,35.5,13.1,9813.5659385,0.1605008806,7.5,0.113,12.143236744,3.0,0.349,0.0045358039,0.0072379849,,,,,3.0,
2020-10-23,1233,"-86.6026,46.4129",26003,"Michigan, Alger",0.650485436893204,7.36506540617786,0.0113224139826316,103,1.0633600646447,1.01153600114773,0.0097087378640776,1,0.0001099263493459,,1.0031749798487,0.485746527456466,1.0089249895484,0.5666,0.3521,0.545,0.0012091898428053,1354.68,8.3,24.3,8.9,5457.0935156,0.1760893388,6.4,0.112,96.558848369,2.3,0.258,0.0723315379,0.0440804661,,,,,-17.0,
2020-10-23,1234,"-85.891,42.5915",26005,"Michigan, Allegan",0.235551663747811,2.29273739207514,0.0097334799321554,1142,1.02076144705659,1.01153600114773,0.0061295971978984,7,5.96623113179405e-05,1.0,1.0031749798487,0.485746527456466,1.0089249895484,0.2064,0.4202,0.2506,0.0002130796832783,1965.57,4.5,15.6,129.4,6180.5699672,0.1627392233,11.0,0.088,132.95660121,4.3,0.335,0.0131427549,0.007415173,-9.0,-7.0,,-5.0,-28.0,9.0
2020-10-23,1235,"-83.6221,45.0348",26007,"Michigan, Alpena",0.0764331210191083,0.423131170662906,0.0055359661495063,157,1.00846902262608,1.01153600114773,0.089171974522293,14,0.00049365303244,1.0,1.0031749798487,0.485746527456466,1.0089249895484,0.4682,0.1194,0.3222,0.0043723554301833,1443.63,5.4,22.4,50.7,7178.7260559,0.1735694339,7.5,0.137,103.93842462,3.7,0.336,0.0050423131,0.0064174894,-10.0,-19.0,,,-16.0,8.0
2020-10-23,1236,"-85.155,44.9969",26009,"Michigan, Antrim",0.261682242990654,1.19837363578001,0.0045794992510164,107,1.02832105792115,1.01153600114773,0.0,0,0.0,,1.0031749798487,0.485746527456466,1.0089249895484,0.2726,0.2283,0.0739,,1928.64,6.1,26.1,39.6,6080.2947443,0.1638555403,7.4,0.074,48.498837166,3.0,0.319,0.0028675369,0.0119409373,,,,,-14.0,8.0
2020-10-23,1237,"-83.8928,44.0636",26011,"Michigan, Arenac",0.134831460674157,0.797819293929925,0.0059171597633136,89,1.0082941461109,1.01153600114773,0.0337078651685393,3,0.0001994548234824,1.0,1.0031749798487,0.485746527456466,1.0089249895484,0.7717,0.1503,0.2709,0.0016621235290206,1361.42,6.0,23.6,39.3,8498.6315613,0.184857836,8.3,0.164,73.378817157,3.7,0.356,0.0047204308,0.0122997141,,,,,-14.0,
2020-10-23,1238,"-88.3636,46.6721",26013,"Michigan, Baraga",0.333333333333333,3.125,0.009375,78,1.03098080370314,1.01153600114773,0.0512820512820513,4,0.0004807692307692,1.04195362743721,1.0031749798487,0.485746527456466,1.0089249895484,0.686,0.3512,0.7396,0.0018028846153846,1469.12,5.5,20.8,9.2,10471.266801,0.1933834262,6.0,0.185,43.640044504,2.3,0.359,0.0792067308,0.1421875,,,,,,
2020-10-23,1239,"-85.3083,42.5951",26015,"Michigan, Barry",0.315424610051993,2.97594715241101,0.0094347335546217,577,1.02243463319362,1.01153600114773,0.0103986135181976,6,9.81081478816816e-05,1.02638809625704,1.0031749798487,0.485746527456466,1.0089249895484,0.2121,0.1697,0.1102,0.0008012165410337,1859.4,4.2,17.7,82.3,6021.9837627,0.1599710256,11.2,0.171,7.7098376516,4.3,0.372,0.0059191916,0.0057229753,-13.0,8.0,,,-17.0,8.0
2020-10-23,1240,"-83.9873,43.7064",26017,"Michigan, Bay",0.152950310559006,1.89563426767895,0.0123937915572106,1288,1.01173424264224,1.01153600114773,0.0458074534161491,59,0.0005677280294063,1.01007964058662,1.0031749798487,0.485746527456466,1.0089249895484,0.558,0.2671,0.3241,0.0034448582123302,1539.48,5.1,19.1,214.7,7743.3678333,0.1779181258,9.5,0.089,291.11479816,5.0,0.359,0.0166854306,0.0066010412,-15.0,-9.0,,,-23.0,8.0
2020-10-23,1241,"-86.0161,44.639",26019,"Michigan, Benzie",0.207207207207207,1.29555568073002,0.0062524643722187,111,1.01357845895518,1.01153600114773,0.018018018018018,2,0.0001126570157156,1.0,1.0031749798487,0.485746527456466,1.0089249895484,0.2497,0.1897,0.0767,0.0004506280628626,1773.71,5.3,24.9,44.3,6654.8336767,0.1568194619,7.5,0.136,42.426687117,3.7,0.365,0.0063651214,0.0153213541,,,,,-11.0,
2020-10-23,1242,"-86.4131,41.9545",26021,"Michigan, Berrien",0.178384893531539,2.88047956092149,0.0161475532142649,2489,1.01647333158615,1.01153600114773,0.0325431900361591,81,0.0005254928928708,1.0072610535061,1.0031749798487,0.485746527456466,1.0089249895484,0.4914,0.6527,0.7364,0.0021344094043765,1711.72,6.9,18.8,267.4,8080.9868164,0.165930279,11.8,0.117,210.82760928,5.0,0.326,0.1457950837,0.0065524422,-7.0,-7.0,53.0,11.0,-20.0,7.0
2020-10-23,1243,"-85.0593,41.916",26023,"Michigan, Branch",0.171497584541063,3.25523818256843,0.0189812479941314,828,1.01578963243863,1.01153600114773,0.0120772946859903,10,0.0002292421255329,1.0,1.0031749798487,0.485746527456466,1.0089249895484,0.4879,0.5193,0.7896,0.0022007244051166,1591.43,10.4,17.7,75.1,8566.2724806,0.1840061945,11.8,0.102,139.17790022,4.0,0.38,0.0215258356,0.0052725689,-7.0,-15.0,,,-15.0,6.0
2020-10-23,1244,"-85.0049,42.2463",26025,"Michigan, Calhoun",0.302045728038508,5.59905418367575,0.0185371076758348,2493,1.02571934666152,1.01153600114773,0.0252707581227437,63,0.0004684467643712,1.03064726076059,1.0031749798487,0.485746527456466,1.0089249895484,0.5682,0.6262,0.7214,0.0019778863384565,1560.59,5.5,16.9,197.6,9414.3303637,0.1879289397,11.5,0.138,215.90814761,5.0,0.338,0.1076312209,0.0077851391,-18.0,-10.0,3.0,4.0,-24.0,8.0
2020-10-23,1245,"-85.9941,41.9152",26027,"Michigan, Cass",0.250279329608939,4.33663097980756,0.017327163959499,895,1.02498685114161,1.01153600114773,0.0268156424581006,24,0.0004646390335508,1.00609846529734,1.0031749798487,0.485746527456466,1.0089249895484,0.4392,0.3184,0.1633,0.000483998993282,1580.31,6.2,19.8,82.2,7669.271637,0.1649171852,12.9,0.187,11.434732663,4.0,0.398,0.0502584555,0.0123903742,-15.0,,,,-18.0,7.0
2020-10-23,1246,"-85.1961,45.3779",26029,"Michigan, Charlevoix",0.183098591549296,0.990702636793172,0.0054107605547934,142,1.0138108801378,1.01153600114773,0.028169014084507,4,0.0001524157902758,1.0,1.0031749798487,0.485746527456466,1.0089249895484,0.1427,0.1897,0.1687,0.0009525986892242,1952.29,6.7,23.0,56.8,6382.0312357,0.1542215283,7.4,0.125,74.24990221,3.0,0.349,0.0048392013,0.0161941777,-1.0,0.0,,,-10.0,8.0
2020-10-23,1247,"-84.5012,45.4479",26031,"Michigan, Cheboygan",0.203252032520325,0.983748475189863,0.0048400424979341,123,1.0187526821158,1.01153600114773,0.016260162601626,2,7.86998780151891e-05,1.0,1.0031749798487,0.485746527456466,1.0089249895484,0.5646,0.1843,0.1143,,1500.49,7.2,26.1,28.5,7142.6147332,0.1753184286,7.1,0.177,55.086978757,3.0,0.303,0.0062172904,0.0295518042,28.0,,,,-10.0,5.0
2020-10-23,1248,"-84.5435,46.2955",26033,"Michigan, Chippewa",0.264957264957265,0.826292080923315,0.0031185862409041,117,1.02714224049796,1.01153600114773,0.0,0,0.0,,1.0031749798487,0.485746527456466,1.0089249895484,0.7287,0.5435,0.7727,0.0021856758269584,1505.4,6.5,17.0,21.8,6397.9212136,0.2161063282,6.9,0.125,10.024638199,3.7,0.405,0.0661566756,0.1608337554,-1.0,27.0,,,-11.0,6.0
2020-10-23,1249,"-84.8482,43.9879",26035,"Michigan, Clare",0.45531914893617,3.47888285593523,0.0076405371135026,235,1.03160906837995,1.01153600114773,0.0382978723404255,9,0.0002926163149852,1.05963402266705,1.0031749798487,0.485746527456466,1.0089249895484,0.8869,0.2614,0.674,0.001593133270475,1174.2,11.3,23.0,50.2,10043.07225,0.2022478546,8.3,0.167,14.422365513,3.7,0.373,0.0070878174,0.008550899,5.0,5.0,,,-11.0,7.0
2020-10-23,1250,"-84.6015,42.944",26037,"Michigan, Clinton",0.207818930041152,2.54626128170221,0.0122523067614582,972,1.02037672914917,1.01153600114773,0.01440329218107,14,0.0001764735541773,1.0,1.0031749798487,0.485746527456466,1.0089249895484,0.0774,0.3349,0.0831,0.0003151313467453,2223.87,4.2,16.0,111.8,4613.0630293,0.1527811499,10.6,0.114,86.71751647,4.3,0.341,0.0190465386,0.0050294963,-6.0,-8.0,,38.0,-34.0,11.0
2020-10-23,1251,"-84.6101,44.6826",26039,"Michigan, Crawford",0.111111111111111,1.15099633119919,0.0103589669807927,144,1.01250777270301,1.01153600114773,0.0347222222222222,5,0.0003596863534997,1.0,1.0031749798487,0.485746527456466,1.0089249895484,0.6389,0.1159,0.2022,0.0051075462196964,1383.52,5.6,24.6,23.9,11390.120851,0.17845258,7.4,0.15,89.235990289,3.0,0.324,0.0081289116,0.0075534134,,10.0,,,-9.0,
2020-10-23,1252,"-86.9081,45.9048",26041,"Michigan, Delta",0.288058340929809,8.81278411467775,0.0305937473854478,1097,1.02673608810394,1.01153600114773,0.0200546946216955,22,0.0006135482611484,1.0465440871019,1.0031749798487,0.485746527456466,1.0089249895484,0.3223,0.121,0.4807,0.0006972139331232,1388.91,5.8,22.7,30.5,7382.2727365,0.173991833,7.1,0.144,126.16343326,3.7,0.358,0.0035139582,0.0264662409,-7.0,-1.0,,,-15.0,8.0
2020-10-23,1253,"-87.8696,46.01",26043,"Michigan, Dickinson",0.510396975425331,10.6370405389434,0.0208407201670409,529,1.04760822933317,1.01153600114773,0.0283553875236295,15,0.0005909466966079,1.16993081275869,1.0031749798487,0.485746527456466,1.0089249895484,0.2404,0.099,0.3824,0.00445179844778,1608.89,4.3,21.4,36.0,7501.9408913,0.1776838109,7.0,0.117,189.01539616,3.3,0.244,0.0049639523,0.0097703187,-15.0,,,,-25.0,9.0
2020-10-23,1254,"-84.8374,42.596",26045,"Michigan, Eaton",0.242483026188167,2.27632800976089,0.0093875767122539,1031,1.02321360739405,1.01153600114773,0.0106692531522793,11,0.0001001584324294,1.01370885629547,1.0031749798487,0.485746527456466,1.0089249895484,0.1924,0.5855,0.4126,0.0004097390417569,1996.91,4.9,17.4,184.1,6381.6964262,0.1717663553,10.9,0.098,161.94803285,5.0,0.37,0.0666873054,0.0053357129,-16.0,-12.0,,,-28.0,12.0
2020-10-23,1255,"-84.8908,45.5263",26047,"Michigan, Emmet",0.102564102564103,0.600456346823586,0.0058544493815299,195,1.01070005870847,1.01153600114773,0.0205128205128205,4,0.0001200912693647,1.0,1.0031749798487,0.485746527456466,1.0089249895484,0.1439,0.2073,0.2993,0.0053440614867299,2027.32,7.0,20.9,77.4,5953.2259966,0.1652907545,7.1,0.085,152.15267599,4.0,0.273,0.0073255674,0.0381590008,-2.0,-7.0,,,-13.0,8.0
2020-10-23,1256,"-83.7059,43.0224",26049,"Michigan, Genesee",0.179094964945825,2.76240378282198,0.0154242403389597,6276,1.01399992899567,1.01153600114773,0.052899936265137,332,0.0008159413308691,1.0052729925644,1.0031749798487,0.485746527456466,1.0089249895484,0.6707,0.4897,0.4585,0.0028090992204319,1616.67,5.5,16.6,613.3,10378.568306,0.1898688776,10.2,0.135,344.2168164,5.0,0.349,0.1998097775,0.0056526056,-18.0,-16.0,59.0,-27.0,-26.0,8.0
2020-10-23,1257,"-84.3877,43.989",26051,"Michigan, Gladwin",0.323863636363636,2.24967438923314,0.006946363026404,176,1.0260552854503,1.01153600114773,0.0113636363636364,2,7.89359434818645e-05,1.0,1.0031749798487,0.485746527456466,1.0089249895484,0.7057,0.15,0.4788,0.0009866992935233,1469.13,9.3,25.9,43.5,8457.920741,0.1769133121,8.4,0.194,16.099440282,3.0,0.425,0.0050913684,0.0062754075,3.0,6.0,,,-11.0,6.0
2020-10-23,1258,"-89.6938,46.4086",26053,"Michigan, Gogebic",0.449404761904762,10.0026497085321,0.0222575516693164,336,1.05963402266705,1.01153600114773,0.0059523809523809,2,0.000132485426603,1.0,1.0031749798487,0.485746527456466,1.0089249895484,0.4987,0.2334,0.6186,0.0016560678325384,1310.63,7.7,24.6,12.8,7444.0520435,0.1942120717,6.4,0.141,105.64053009,2.3,0.312,0.03881823,0.0292792793,,,,,-23.0,
2020-10-23,1259,"-85.5559,44.6957",26055,"Michigan, Grand Traverse",0.199146514935989,1.51232000691346,0.0075940068918583,703,1.01834504298841,1.01153600114773,0.0184921763869132,13,0.0001404297149276,1.01150029829051,1.0031749798487,0.485746527456466,1.0089249895484,0.122,0.2884,0.5415,0.0040724617329026,2161.2,6.5,18.4,213.4,5894.8461653,0.1717848829,7.7,0.065,112.69508112,5.0,0.309,0.0070862995,0.0133084161,-4.0,-5.0,-8.0,-48.0,-15.0,8.0
2020-10-23,1260,"-84.6051,43.2927",26057,"Michigan, Gratiot",0.26036866359447,2.78331978620163,0.0106899184708983,434,1.01576079592462,1.01153600114773,0.0368663594470046,16,0.0003940983768073,1.0,1.0031749798487,0.485746527456466,1.0089249895484,0.6682,0.3569,0.7001,0.0016502869528806,1497.62,4.5,16.7,67.5,6604.4558124,0.198229122,9.7,0.111,104.09671779,4.0,0.378,0.0580802483,0.00729082,-8.0,-4.0,,,-15.0,7.0
2020-10-23,1261,"-84.5931,41.8875",26059,"Michigan, Hillsdale",0.20746887966805,2.18584012765306,0.0105357494152878,482,1.01678026103443,1.01153600114773,0.0580912863070539,28,0.0006120352357428,1.00520889711624,1.0031749798487,0.485746527456466,1.0089249895484,0.5344,0.2283,0.7504,0.0014207960829744,1567.07,6.6,18.6,72.2,8106.5512744,0.185874179,11.3,0.122,23.186794493,4.0,0.386,0.00642637,0.0060766356,-6.0,6.0,,,-11.0,5.0
2020-10-23,1262,"-88.685,46.8999",26061,"Michigan, Houghton",0.133333333333333,3.25795853005329,0.0244346889753997,885,1.00886120207849,1.01153600114773,0.0090395480225988,8,0.0002208785444103,1.04195362743721,1.0031749798487,0.485746527456466,1.0089249895484,0.6268,0.3607,0.9306,0.0016841989011292,1519.11,7.0,16.6,35.7,6869.0148271,0.185452658,6.1,0.083,264.16343364,3.3,0.313,0.0090836301,0.0070681134,-26.0,-4.0,-37.0,,-24.0,13.0
2020-10-23,1263,"-83.0408,43.8335",26063,"Michigan, Huron",0.0846153846153846,0.705897452351922,0.0083424244368863,260,1.00504535542527,1.01153600114773,0.0192307692307692,5,0.0001604312391708,1.0,1.0031749798487,0.485746527456466,1.0089249895484,0.4236,0.1334,0.2897,0.0028235898094076,1418.86,6.0,24.3,38.6,8589.2485409,0.1602026502,9.0,0.13,75.803459891,3.0,0.342,0.0055188346,0.004010781,-2.0,,,,-11.0,5.0
2020-10-23,1264,"-84.3747,42.5972",26065,"Michigan, Ingham",0.12234762979684,1.85150391992758,0.015133140895349,4430,1.0084707805177,1.01153600114773,0.0139954853273138,62,0.000211795651357,1.01208430616964,1.0031749798487,0.485746527456466,1.0089249895484,0.5236,0.7571,0.8574,0.0036312706031052,1799.05,5.6,12.7,589.1,7206.2677655,0.1775110513,10.6,0.093,556.18014068,5.0,0.315,0.1149367175,0.0063641177,-28.0,-12.0,20.0,-47.0,-38.0,14.0
2020-10-23,1265,"-85.0741,42.945",26067,"Michigan, Ionia",0.329635499207607,3.23937081451487,0.0098271297305715,631,1.02915978657196,1.01153600114773,0.0110935023771791,7,0.0001090172870269,1.0,1.0031749798487,0.485746527456466,1.0089249895484,0.4513,0.2919,0.8306,0.0003426257592275,1694.46,6.0,13.9,88.9,6014.8872624,0.1816754544,10.6,0.127,50.85722085,4.3,0.348,0.0449151223,0.0068369413,-11.0,-4.0,,4.0,-20.0,7.0
2020-10-23,1266,"-83.6348,44.3549",26069,"Michigan, Iosco",0.10989010989011,1.19612455643714,0.010884733463578,273,1.01092818200486,1.01153600114773,0.0549450549450549,15,0.0005980622782185,1.00990485606307,1.0031749798487,0.485746527456466,1.0089249895484,0.6573,0.135,0.2977,0.0019536701088473,1458.95,6.6,28.7,45.5,10248.435287,0.1697238186,7.9,0.177,72.839497655,3.0,0.305,0.0069773932,0.0096487381,-3.0,17.0,,,-13.0,6.0
2020-10-23,1267,"-88.5314,46.2097",26071,"Michigan, Iron",0.329145728643216,11.7837546100567,0.0358010254565081,398,1.03397576537061,1.01153600114773,0.0527638190954774,21,0.0018889988306197,1.03064726076059,1.0031749798487,0.485746527456466,1.0089249895484,0.4538,0.0793,0.3594,0.0022488081316902,1331.06,6.7,29.5,9.4,9999.2845548,0.167290662,6.6,0.077,83.149390842,3.0,0.275,0.004137807,0.014932086,,,,,-20.0,
2020-10-23,1268,"-84.8466,43.6406",26073,"Michigan, Isabella",0.16875,2.29585329214025,0.0136050565460163,960,1.0128369366174,1.01153600114773,0.015625,15,0.0002125790085315,1.0,1.0031749798487,0.485746527456466,1.0089249895484,0.7188,0.4712,0.9086,0.0016722882004478,1549.9,8.4,11.7,133.4,6659.6347587,0.1992928351,9.1,0.08,80.952037813,5.0,0.334,0.0260763584,0.0404892152,-13.0,-5.0,,,-20.0,9.0
2020-10-23,1269,"-84.4226,42.2481",26075,"Michigan, Jackson",0.223926380368098,2.29815580866751,0.0102629971729535,1630,1.01847025672022,1.01153600114773,0.0380368098159509,62,0.0003903716716092,1.0046952487017,1.0031749798487,0.485746527456466,1.0089249895484,0.4812,0.3795,0.7599,0.0020463031173066,1698.91,5.8,16.7,205.2,8495.5177139,0.1932563761,11.0,0.123,211.72805631,5.0,0.362,0.0792643383,0.0041996436,-13.0,-16.0,,-6.0,-23.0,8.0
2020-10-23,1270,"-85.5304,42.2454",26077,"Michigan, Kalamazoo",0.220631013649586,3.72258088873787,0.0168724279835391,4469,1.01845631759884,1.01153600114773,0.0228238979637503,102,0.000385094574697,1.00427381583427,1.0031749798487,0.485746527456466,1.0089249895484,0.3481,0.5737,0.6947,0.0030996337826103,2054.84,5.4,14.2,468.8,6792.2097588,0.1800141065,11.7,0.101,430.67411064,5.0,0.314,0.1140295239,0.0051912259,-18.0,-13.0,25.0,-23.0,-30.0,11.0
2020-10-23,1271,"-85.0909,44.6851",26079,"Michigan, Kalkaska",0.194915254237288,1.29039497307002,0.0066202872531418,118,1.01961207236812,1.01153600114773,0.0338983050847458,4,0.0002244165170556,1.0,1.0031749798487,0.485746527456466,1.0089249895484,0.7213,0.1261,0.3123,0.0004488330341113,1458.3,9.7,19.4,26.8,8161.1918063,0.1862356365,7.4,0.149,79.226363788,3.7,0.344,0.0059470377,0.0100426391,,,,,-14.0,6.0
2020-10-23,1272,"-85.5493,43.032",26081,"Michigan, Kent",0.166160158030694,3.34513128148966,0.0201319697882793,13162,1.01300226633207,1.01153600114773,0.0138276857620422,182,0.0002783785520032,1.00727132183091,1.0031749798487,0.485746527456466,1.0089249895484,0.2812,0.7988,0.6501,0.0026813055036357,2085.36,5.8,12.9,814.5,5783.5487539,0.1505200548,11.5,0.09,614.53551939,5.0,0.296,0.0965545301,0.007577403,-21.0,-12.0,16.0,-43.0,-31.0,11.0
2020-10-23,1273,"-88.4143,47.632",26083,"Michigan, Keweenaw",0.277777777777778,2.36630383341221,0.0085186938002839,18,1.01696850489722,1.01153600114773,0.0,0,0.0,,1.0031749798487,0.485746527456466,1.0089249895484,0.2296,0.0248,0.0347,,1628.64,7.3,33.4,3.2,10506.743991,0.1599599852,5.7,0.068,11.791965822,,0.285,0.0033128254,0.0033128254,,,,,,
2020-10-23,1274,"-85.8022,43.9905",26085,"Michigan, Lake",0.309090909090909,1.43085598855315,0.004629239962966,55,1.0465440871019,1.01153600114773,0.0,0,0.0,,1.0031749798487,0.485746527456466,1.0089249895484,0.9395,0.2967,0.6877,,1058.71,6.3,27.3,18.2,7965.3058687,0.204403238,8.1,0.081,23.088365954,3.0,0.274,0.0836629913,0.0095951519,,,,,-8.0,
2020-10-23,1275,"-83.2215,43.0905",26087,"Michigan, Lapeer",0.19952774498229,1.91984368609988,0.0096219384741218,847,1.01617766997216,1.01153600114773,0.0448642266824085,38,0.0004316808288271,1.0,1.0031749798487,0.485746527456466,1.0089249895484,0.3487,0.3875,0.2999,0.0020788839914572,1849.93,7.2,17.0,112.6,6515.9948706,0.163859935,10.3,0.111,46.902892236,5.0,0.335,0.0113941019,0.0051801699,-12.0,-19.0,-12.0,,-23.0,6.0
2020-10-23,1276,"-85.8015,44.9443",26089,"Michigan, Leelanau",0.144927536231884,0.918948722661275,0.0063407461863628,138,1.01423463946292,1.01153600114773,0.0144927536231884,2,9.18948722661275e-05,1.10408951367381,1.0031749798487,0.485746527456466,1.0089249895484,0.0815,0.3983,0.0242,,2437.84,5.2,28.9,53.4,4657.3502954,0.1357926846,7.5,0.097,7.5816950214,3.7,0.277,0.005789377,0.0373552656,,,,,-11.0,
2020-10-23,1277,"-84.066,41.8948",26091,"Michigan, Lenawee",0.143932267168391,1.55699835141351,0.0108175767813893,1063,1.01124002225651,1.01153600114773,0.0178739416745061,19,0.00019335273645,1.00775379492937,1.0031749798487,0.485746527456466,1.0089249895484,0.3446,0.5154,0.4206,0.0011499399588871,1746.96,5.7,17.8,113.6,6870.102479,0.1711459065,10.8,0.13,50.863116375,5.0,0.399,0.0256243258,0.0061465817,-19.0,-15.0,,,-19.0,6.0
2020-10-23,1278,"-83.913,42.603",26093,"Michigan, Livingston",0.189060010621349,1.86169100112957,0.0098470903233903,1883,1.01573999669677,1.01153600114773,0.0175252257036644,33,0.0001725724804417,1.0044056276055,1.0031749798487,0.485746527456466,1.0089249895484,0.029,0.1665,0.0516,0.0007112077981843,2799.92,3.6,15.9,268.8,5201.5195941,0.1375293633,10.8,0.087,187.73124239,5.0,0.276,0.0059459064,0.0048634063,-19.0,-4.0,12.0,,-30.0,11.0
2020-10-23,1279,"-85.5447,46.4723",26095,"Michigan, Luce",0.553191489361702,4.13815056501671,0.0074805029444532,47,1.03476636803244,1.01153600114773,0.0,0,0.0,,1.0031749798487,0.485746527456466,1.0089249895484,0.6748,0.4037,0.5075,0.0039789909279006,1273.18,4.7,20.8,6.5,6121.3988076,0.1991970698,6.3,0.071,23.985647577,2.3,0.307,0.1150724176,0.0542734363,,,,,,
2020-10-23,1280,"-85.0498,46.0703",26097,"Michigan, Mackinac",0.414965986394558,5.65495503847224,0.0136275146009085,147,1.02579101104119,1.01153600114773,0.0,0,0.0,,1.0031749798487,0.485746527456466,1.0089249895484,0.5554,0.5508,0.7953,0.0013905627143784,1580.27,10.4,26.6,9.8,9529.7030822,0.1878896244,7.0,0.158,85.952957446,3.0,0.349,0.0308704923,0.1663113006,,,,,28.0,
2020-10-23,1281,"-82.9275,42.6916",26099,"Michigan, Macomb",0.112775531127186,2.26348057007702,0.0200706708933546,17557,1.0084912020721,1.01153600114773,0.0611721820356553,1074,0.001227766733466,1.00255314361397,1.0031749798487,0.485746527456466,1.0089249895484,0.3166,0.7386,0.313,0.0012632050656237,2042.32,5.2,16.2,1661.2,7697.504363,0.1855809616,11.0,0.11,798.90743048,5.0,0.321,0.1205760672,0.0032946217,-18.0,-14.0,126.0,-36.0,-33.0,10.0
2020-10-23,1282,"-86.0563,44.3335",26101,"Michigan, Manistee",0.222222222222222,1.06001304631442,0.0047700587084148,117,1.01837316823998,1.01153600114773,0.0256410256410256,3,0.0001223091976516,1.0,1.0031749798487,0.485746527456466,1.0089249895484,0.499,0.2795,0.5011,0.0018346379647749,1583.92,5.8,24.4,42.9,8339.5024425,0.1613663451,7.7,0.096,103.15943624,3.0,0.3,0.0342058056,0.0225456621,,,,,-14.0,9.0
2020-10-23,1283,"-87.6404,46.4339",26103,"Michigan, Marquette",0.473047304730473,6.46461001864213,0.0136658848998737,909,1.04815760730954,1.01153600114773,0.0132013201320132,12,0.0001804077214504,1.0,1.0031749798487,0.485746527456466,1.0089249895484,0.4287,0.3276,0.5804,0.004344819291599,1628.0,4.1,17.8,35.5,6543.2941438,0.173155782,6.6,0.098,105.315931,3.3,0.357,0.0150039088,0.0197095436,-20.0,-10.0,1.0,,-23.0,10.0
2020-10-23,1284,"-86.2499,43.9951",26105,"Michigan, Mason",0.269035532994924,1.8213058419244,0.0067697594501718,197,1.0292480432621,1.01153600114773,0.0050761421319797,1,3.43642611683849e-05,1.0,1.0031749798487,0.485746527456466,1.0089249895484,0.392,0.2426,0.327,0.0016838487972508,1587.51,6.2,22.4,57.8,7345.9721335,0.1764429208,8.4,0.145,89.71755052,4.0,0.283,0.0078006873,0.0108934708,1.0,14.0,,,-13.0,6.0
2020-10-23,1285,"-85.3246,43.6406",26107,"Michigan, Mecosta",0.342789598108747,3.32988862096682,0.009714088873579,423,1.03882452451863,1.01153600114773,0.0094562647754137,4,9.18589964404639e-05,1.0,1.0031749798487,0.485746527456466,1.0089249895484,0.7156,0.1573,0.9258,0.001584567688598,1373.08,6.6,17.7,76.6,6056.0361013,0.1883352994,8.9,0.068,152.07825602,4.0,0.34,0.0273739809,0.0081754507,-10.0,-1.0,,,-23.0,8.0
2020-10-23,1286,"-87.5537,45.5804",26109,"Michigan, Menominee",0.204580152671756,5.83039637993299,0.0284993255884784,655,1.01827832175243,1.01153600114773,0.0045801526717557,3,0.0001305312622373,1.0,1.0031749798487,0.485746527456466,1.0089249895484,0.2768,0.1611,0.4193,,1274.75,4.6,22.9,19.6,5758.4664362,0.173902704,7.9,0.144,170.54604084,3.7,0.309,0.0062219902,0.0308053779,,,,,-11.0,
2020-10-23,1287,"-84.388,43.6433",26111,"Michigan, Midland",0.215730337078652,2.30744270451514,0.0106959583698879,890,1.02147515077231,1.01153600114773,0.0157303370786517,14,0.0001682510305375,1.01064309218431,1.0031749798487,0.485746527456466,1.0089249895484,0.1987,0.1987,0.3999,0.0037015226718263,2292.91,4.3,17.6,167.2,5663.6618748,0.1545459736,9.4,0.123,122.60532542,4.3,0.38,0.0131355983,0.0053359613,-16.0,-10.0,16.0,,-22.0,10.0
2020-10-23,1288,"-85.0926,44.3377",26113,"Michigan, Missaukee",0.146341463414634,0.794018394759479,0.0054257923641897,82,1.0228608224892,1.01153600114773,0.0121951219512195,1,6.61681995632899e-05,1.0,1.0031749798487,0.485746527456466,1.0089249895484,0.6271,0.2209,0.2802,,1418.6,8.5,19.9,23.2,6190.4305281,0.1798887075,7.3,0.141,10.083557695,3.0,0.373,0.004962615,0.0089327069,,,,,-6.0,
2020-10-23,1289,"-83.5375,41.9273",26115,"Michigan, Monroe",0.137677351550184,1.74156967275773,0.0126496453712136,1903,1.01179805188866,1.01153600114773,0.0162900683131897,31,0.0002060635872346,1.00957286878737,1.0031749798487,0.485746527456466,1.0089249895484,0.2389,0.2455,0.2187,0.0014424451106428,1939.11,4.2,16.9,234.9,8230.7124999,0.1660699645,11.0,0.107,95.112781208,5.0,0.375,0.0248805164,0.0037556751,-11.0,-13.0,97.0,33.0,-23.0,7.0
2020-10-23,1290,"-85.1525,43.3108",26117,"Michigan, Montcalm",0.3125,2.73574287143572,0.0087543771885943,560,1.03043091998762,1.01153600114773,0.0160714285714286,9,0.0001406953476738,1.03655432261531,1.0031749798487,0.485746527456466,1.0089249895484,0.5971,0.2751,0.7233,0.0023136568284142,1437.47,7.6,16.6,76.9,7647.3358061,0.1966211771,10.0,0.127,23.49522637,4.3,0.359,0.0243715608,0.0061905953,-8.0,-6.0,,,-16.0,7.0
2020-10-23,1291,"-84.127,45.0276",26119,"Michigan, Montmorency",0.227272727272727,0.539665407447383,0.0023745277927684,22,1.02116420457606,1.01153600114773,0.0,0,0.0,,1.0031749798487,0.485746527456466,1.0089249895484,0.7554,0.0401,0.1671,,1237.09,7.7,30.7,15.3,10297.225025,0.1662248436,7.2,0.199,12.908977141,3.0,0.357,0.0045331894,0.0074473826,,,,,-9.0,
2020-10-23,1292,"-86.1518,43.2912",26121,"Michigan, Muskegon",0.133895624670532,1.46323478581469,0.0109281747586239,1897,1.01076609634092,1.01153600114773,0.040590405904059,77,0.000443579049243,1.00569333558889,1.0031749798487,0.485746527456466,1.0089249895484,0.6293,0.418,0.788,0.0022006129455953,1610.8,4.9,16.0,310.2,8556.7609773,0.197675499,10.3,0.123,225.45829909,5.0,0.355,0.1383275342,0.009908519,-12.0,-9.0,6.0,,-22.0,8.0
2020-10-23,1293,"-85.8007,43.5544",26123,"Michigan, Newaygo",0.213768115942029,2.41348277836865,0.011290190624233,552,1.01627950057963,1.01153600114773,0.0054347826086956,3,6.13597316534402e-05,1.05963402266705,1.0031749798487,0.485746527456466,1.0089249895484,0.6723,0.4132,0.4963,0.000511331097112,1508.68,6.3,18.4,52.6,7126.2177328,0.1906539037,9.6,0.099,21.284929979,4.0,0.347,0.0104516076,0.0082835638,-7.0,-11.0,,,-20.0,6.0
2020-10-23,1294,"-83.386,42.6609",26125,"Michigan, Oakland",0.0938011499559323,1.77493505802489,0.0189223166118833,23827,1.00776621538898,1.01153600114773,0.0517480169555546,1233,0.0009791923608701,1.00104712500899,1.0031749798487,0.485746527456466,1.0089249895484,0.0834,0.7593,0.184,0.0034744254491538,2879.54,4.4,15.9,1473.0,5874.2136834,0.1230826608,11.1,0.088,830.4403212,5.0,0.247,0.1377341663,0.0031631169,-23.0,-14.0,67.0,-35.0,-40.0,15.0
2020-10-23,1295,"-86.2673,43.6412",26127,"Michigan, Oceana",0.0787671232876712,1.72769953051643,0.0219342723004695,584,1.0065272129305,1.01153600114773,0.0102739726027397,6,0.000225352112676,1.0,1.0031749798487,0.485746527456466,1.0089249895484,0.7436,0.7348,0.7281,0.0009014084507042,1473.19,9.0,20.0,44.0,7446.0158982,0.1841723424,9.0,0.141,9.4780790906,3.0,0.307,0.0102535211,0.0160751174,8.0,,-16.0,,-11.0,5.0
2020-10-23,1296,"-84.1273,44.3348",26129,"Michigan, Ogemaw",0.2,0.906834669721268,0.0045341733486063,95,1.02303673047209,1.01153600114773,0.0526315789473684,5,0.0002386407025582,1.0,1.0031749798487,0.485746527456466,1.0089249895484,0.7729,0.1111,0.5632,0.0042000763650248,1368.28,6.5,24.9,37.3,9993.9735512,0.1905592199,7.9,0.166,16.46212202,4.0,0.387,0.0031977854,0.0097365407,8.0,19.0,,,-6.0,4.0
2020-10-23,1297,"-89.3139,46.6652",26131,"Michigan, Ontonagon",0.358974358974359,4.83175150992235,0.0134598792062123,78,1.03819186552583,1.01153600114773,0.0,0,0.0,,1.0031749798487,0.485746527456466,1.0089249895484,0.5462,0.1455,0.1952,0.0043140638481449,1283.26,7.1,34.3,4.6,9236.7552098,0.1663726442,6.0,0.095,11.138436449,3.0,0.303,0.0032786885,0.0150129422,,,,,,
2020-10-23,1298,"-85.3257,43.9899",26133,"Michigan, Osceola",0.237037037037037,1.37097810719335,0.0057838138897219,135,1.02065336654354,1.01153600114773,0.0,0,0.0,,1.0031749798487,0.485746527456466,1.0089249895484,0.7411,0.155,0.7724,0.0010710766462448,1228.52,9.6,20.2,39.9,7846.8908276,0.1922127378,8.2,0.111,22.837460445,3.7,0.403,0.0078831241,0.0069834197,,8.0,,,-14.0,9.0
2020-10-23,1299,"-84.1294,44.6819",26135,"Michigan, Oscoda",0.0740740740740741,0.483325277912035,0.0065248912518124,54,1.01105509534937,1.01153600114773,0.0185185185185185,1,0.000120831319478,1.0,1.0031749798487,0.485746527456466,1.0089249895484,0.8239,0.1611,0.4976,,1176.62,13.4,26.8,13.5,11248.19135,0.1733866018,7.4,0.193,26.129312363,3.0,0.387,0.0045915901,0.0099081682,,,,,-3.0,
2020-10-23,1300,"-84.599,45.0209",26137,"Michigan, Otsego",0.146017699115044,1.33792823839449,0.0091627812690046,226,1.01545086636079,1.01153600114773,0.0530973451327434,12,0.0004865193594161,1.01250777270301,1.0031749798487,0.485746527456466,1.0089249895484,0.4083,0.0837,0.4508,0.001864990877762,1695.73,6.7,20.2,51.1,8584.8521483,0.1757540031,7.2,0.12,101.83893514,4.0,0.274,0.00506791,0.0092033245,-3.0,10.0,,,-14.0,6.0
2020-10-23,1301,"-85.9969,42.96",26139,"Michigan, Ottawa",0.171583514099783,2.7229478061509,0.0158695188196658,4610,1.01481628840237,1.01153600114773,0.0156182212581345,72,0.0002478536561856,1.00403251981126,1.0031749798487,0.485746527456466,1.0089249895484,0.1182,0.6469,0.4877,0.0010705900982464,2182.9,3.8,14.1,479.5,4599.8492011,0.1363563215,11.4,0.08,159.40499593,5.0,0.272,0.0155975683,0.0058796395,-11.0,-3.0,21.0,-12.0,-19.0,9.0
2020-10-23,1302,"-83.915,45.3402",26141,"Michigan, Presque Isle",0.325581395348837,1.09907363793374,0.0033757261736536,43,1.03853723888745,1.01153600114773,0.0232558139534884,1,7.85052598524101e-05,1.0,1.0031749798487,0.485746527456466,1.0089249895484,0.5955,0.2579,0.072,,1436.97,6.9,29.9,17.5,9050.1978248,0.1600851033,7.2,0.152,19.0343076,3.0,0.333,0.006044905,0.009656147,,,,,-4.0,
2020-10-23,1303,"-84.6107,44.3347",26143,"Michigan, Roscommon",0.264900662251656,1.67476134650812,0.0063222240830681,151,1.0273628273085,1.01153600114773,0.033112582781457,5,0.0002093451683135,1.03239118471,1.0031749798487,0.485746527456466,1.0089249895484,0.7239,0.1414,0.2101,,1341.45,6.7,31.2,41.5,10353.470531,0.1727128562,7.7,0.139,5.6093311639,3.7,0.342,0.0054429744,0.0096717468,9.0,11.0,,,-8.0,4.0
2020-10-23,1304,"-84.0513,43.3343",26145,"Michigan, Saginaw",0.117152466367713,2.19077568134172,0.0187002096436059,3568,1.01069290455072,1.01153600114773,0.0426008968609865,152,0.000796645702306,1.0038170159038,1.0031749798487,0.485746527456466,1.0089249895484,0.6178,0.6065,0.6399,0.0047117400419287,1553.25,4.5,18.2,252.4,8880.3626022,0.1820973383,10.0,0.106,343.02209482,5.0,0.373,0.1850262055,0.0058438155,-14.0,-8.0,,-5.0,-29.0,8.0
2020-10-23,1305,"-82.6794,42.9266",26147,"Michigan, St. Clair",0.202279202279202,1.78238576099713,0.0088115127057745,1404,1.02027048970168,1.01153600114773,0.0455840455840456,64,0.0004016643968444,1.00454582940699,1.0031749798487,0.485746527456466,1.0089249895484,0.4108,0.2483,0.2289,0.0024978504678762,1889.98,4.9,17.7,196.4,8208.2680292,0.1814869618,11.0,0.099,127.91645244,5.0,0.335,0.0240873118,0.0055479895,-9.0,-12.0,93.0,4.0,-12.0,5.0
2020-10-23,1306,"-85.528,41.9144",26149,"Michigan, St. Joseph",0.207699194270367,3.80059957734712,0.018298576413348,1117,1.01622283013528,1.01153600114773,0.0134288272157565,15,0.0002457284209491,1.03239118471,1.0031749798487,0.485746527456466,1.0089249895484,0.5478,0.5858,0.5756,0.002358992841112,1573.08,8.3,16.9,112.9,8115.1584055,0.1846893804,12.6,0.142,71.686701689,4.3,0.335,0.0241796766,0.0057500451,-2.0,-11.0,,,-14.0,5.0
2020-10-23,1307,"-82.8206,43.4241",26151,"Michigan, Sanilac",0.102857142857143,0.437084162983828,0.0042494293623427,175,1.01019963282903,1.01153600114773,0.04,7,0.0001699771744937,1.0,1.0031749798487,0.485746527456466,1.0089249895484,0.6331,0.2814,0.3002,0.0015783594774416,1531.77,8.9,20.5,40.1,7805.4017186,0.1789733922,9.8,0.128,80.899657643,4.0,0.326,0.005463552,0.0059734836,-1.0,7.0,,,-14.0,5.0
2020-10-23,1308,"-86.1997,46.1924",26153,"Michigan, Schoolcraft",0.333333333333333,2.47892910262766,0.0074367873078829,60,1.01787976992376,1.01153600114773,0.0166666666666667,1,0.0001239464551313,,1.0031749798487,0.485746527456466,1.0089249895484,0.7573,0.2076,0.2833,0.0014873574615766,1372.31,5.9,25.7,6.7,5626.6571369,0.1877069698,6.6,0.168,44.200436656,2.0,0.289,0.0044620724,0.0930837878,,,,,-11.0,
2020-10-23,1309,"-84.1459,42.9539",26155,"Michigan, Shiawassee",0.147812971342383,1.43711872360394,0.0097225480994838,663,1.01484978368978,1.01153600114773,0.0497737556561086,33,0.0004839277334584,1.0,1.0031749798487,0.485746527456466,1.0089249895484,0.2822,0.0926,0.1401,0.0015690990145471,1692.04,4.8,17.4,107.7,7268.7415383,0.178803876,10.3,0.121,21.626071092,5.0,0.381,0.0063497184,0.005689817,-14.0,0.0,,,-24.0,5.0
2020-10-23,1310,"-83.419,43.4661",26157,"Michigan, Tuscola",0.122749590834697,1.4281361870668,0.0116345494706375,611,1.01330657184206,1.01153600114773,0.0572831423895254,35,0.0006664635539645,1.0041496628021,1.0031749798487,0.485746527456466,1.0089249895484,0.5688,0.1971,0.382,0.0009520907913778,1407.52,5.2,19.3,55.9,7596.540196,0.1819131657,9.7,0.076,15.194021508,4.0,0.306,0.0121677203,0.0063409247,-15.0,-6.0,,,-19.0,5.0
2020-10-23,1311,"-86.0194,42.2519",26159,"Michigan, Van Buren",0.171686746987952,2.26646166896405,0.0132011451595801,996,1.01394170551339,1.01153600114773,0.0180722891566265,18,0.0002385749125225,1.0,1.0031749798487,0.485746527456466,1.0089249895484,0.5621,0.6762,0.6842,0.0011133495917718,1741.06,8.1,17.0,108.9,7780.8985038,0.1845721968,11.8,0.152,51.48420088,4.0,0.336,0.0369128406,0.0119154915,1.0,1.0,,,-6.0,7.0
2020-10-23,1312,"-83.8385,42.2531",26161,"Michigan, Washtenaw",0.195505171042164,2.64985995907948,0.0135539123847931,5028,1.01707690522883,1.01153600114773,0.0230708035003978,116,0.0003126996492911,1.0,1.0031749798487,0.485746527456466,1.0089249895484,0.1694,0.7402,0.7873,0.0048118006377994,2612.17,3.5,12.9,564.4,5154.7043743,0.1213139277,11.0,0.069,587.03801419,5.0,0.245,0.1200389257,0.0039249197,-30.0,-20.0,62.0,-43.0,-45.0,17.0
2020-10-23,1313,"-83.2813,42.281",26163,"Michigan, Wayne",0.0655242966751918,1.46075045627071,0.0222932641843031,39100,1.00521488234539,1.01153600114773,0.0777493606138107,3040,0.0017332870363243,1.0010855252195,1.0031749798487,0.485746527456466,1.0089249895484,0.7936,0.9019,0.6587,0.00303952407587,1667.02,6.3,14.7,2993.9,10587.283795,0.2105552973,11.4,0.117,1337.3870795,5.0,0.347,0.3830239359,0.004797328,-23.0,-18.0,26.0,-28.0,-34.0,10.0
2020-10-23,1314,"-85.5771,44.3385",26165,"Michigan, Wexford",0.13125,0.627502539891233,0.0047809717325046,160,1.01416221482281,1.01153600114773,0.025,4,0.0001195242933126,1.0,1.0031749798487,0.485746527456466,1.0089249895484,0.6191,0.1197,0.3945,0.0014641725930795,1421.77,6.8,18.1,62.2,7584.2751125,0.1945162405,7.7,0.133,104.26537251,4.0,0.363,0.0058865714,0.0070220522,-6.0,5.0,,,-12.0,6.0
2020-10-23,1315,"-93.4117,46.6096",27001,"Minnesota, Aitkin",0.345454545454545,3.58445478556156,0.0103760533266256,165,1.02374949660693,1.01210637663832,0.0121212121212121,2,0.000125770343353,1.10408951367381,1.01048960250726,0.562075100437894,1.01328441539872,0.3882,0.135,0.4266,0.0015721292919129,1522.47,4.1,32.0,7.6,10287.669345,0.1517175861,6.1,0.145,58.242783047,3.0,0.295,0.0040875362,0.0264746573,,,-52.0,,-10.0,
2020-10-23,1316,"-93.246,45.2748",27003,"Minnesota, Anoka",0.173044925124792,4.11516818206228,0.0237809238213407,8414,1.01246714626237,1.01210637663832,0.0178274304730212,150,0.0004239527660091,1.00584875104734,1.01048960250726,0.562075100437894,1.01328441539872,0.0322,0.6663,0.2136,0.0015431880682733,2537.85,3.9,13.0,659.7,5128.849931,0.1452069185,7.9,0.089,156.55749357,5.0,0.304,0.0667556025,0.0087221216,-10.0,-7.0,10.0,,-33.0,13.0
2020-10-23,1317,"-95.6716,46.9348",27005,"Minnesota, Becker",0.364312267657993,5.70248174333013,0.015652730499549,538,1.02262823072825,1.01210637663832,0.0055762081784386,3,8.72828838264816e-05,1.05963402266705,1.01048960250726,0.562075100437894,1.01328441539872,0.1908,0.3158,0.439,0.0025312036309679,1896.46,6.3,19.8,23.5,6588.8149907,0.1662331734,6.8,0.091,34.938195785,3.3,0.3,0.006226179,0.0810567048,-4.0,-16.0,,,-15.0,11.0
2020-10-23,1318,"-94.9373,47.9737",27007,"Minnesota, Beltrami",0.318025258323766,5.91286528486349,0.0185924392170256,871,1.02880110125815,1.01210637663832,0.0080367393800229,7,0.0001494225884261,1.02226578920968,1.01048960250726,0.562075100437894,1.01328441539872,0.6306,0.4015,0.9522,0.0030097978525839,1637.86,8.8,15.2,16.0,8713.651916,0.1942066409,6.6,0.098,96.318335489,3.3,0.338,0.0074284373,0.2196725511,-10.0,20.0,-31.0,,-21.0,9.0
2020-10-23,1319,"-93.9951,45.698",27009,"Minnesota, Benton",0.28021978021978,6.28930817610063,0.0224441978049081,910,1.02040709953805,1.01210637663832,0.0076923076923076,7,0.0001726476754223,1.08322761045516,1.01048960250726,0.562075100437894,1.01328441539872,0.2344,0.3247,0.8755,,1681.11,3.5,13.5,90.4,5952.3489976,0.168366963,6.8,0.11,107.50286844,3.7,0.304,0.0451103712,0.0065359477,10.0,-11.0,,,-21.0,8.0
2020-10-23,1320,"-96.414,45.4271",27011,"Minnesota, Big Stone",0.242424242424242,6.41411104429745,0.026458208057727,132,1.01250777270301,1.01210637663832,0.0,0,0.0,,1.01048960250726,0.562075100437894,1.01328441539872,0.1713,0.1589,0.4804,0.0080176388053718,1721.98,4.8,25.5,9.5,4035.8809528,0.1460011495,5.9,0.091,52.208962087,2.0,0.345,0.0044097013,0.006614552,,,,,,
2020-10-23,1321,"-94.067,44.0355",27013,"Minnesota, Blue Earth",0.0861386138613861,2.58056861494653,0.029958325299954,2020,1.0063090057765,1.01210637663832,0.0034653465346534,7,0.0001038159787622,1.0,1.01048960250726,0.562075100437894,1.01328441539872,0.3035,0.4247,0.7549,0.0040339923176175,1931.26,3.8,13.1,98.5,5371.0888958,0.1597410631,8.0,0.076,93.183351476,5.0,0.334,0.040562386,0.0039450072,-12.0,2.0,,,-26.0,9.0
2020-10-23,1322,"-94.7256,44.2421",27015,"Minnesota, Brown",0.243670886075949,3.06638524949225,0.0125841264784357,316,1.01485975783949,1.01210637663832,0.0094936708860759,3,0.000119469555175,1.0,1.01048960250726,0.562075100437894,1.01328441539872,0.0608,0.2674,0.3228,0.0040619648759507,1812.11,3.6,20.4,45.7,5543.0181031,0.1262882474,7.5,0.104,173.16632246,4.0,0.327,0.0050177213,0.0029070925,8.0,-2.0,,,-14.0,6.0
2020-10-23,1323,"-92.676,46.5918",27017,"Minnesota, Carlton",0.206812652068127,2.3718503222926,0.0114685939113207,411,1.01591245827865,1.01210637663832,0.0024330900243309,1,2.79041214387365e-05,1.0,1.01048960250726,0.562075100437894,1.01328441539872,0.2073,0.2152,0.6641,0.0017021514077629,1716.16,4.1,16.7,38.7,6375.4383833,0.1958695725,6.6,0.098,66.087889375,3.0,0.304,0.016547144,0.0596032034,-16.0,-8.0,,,-18.0,10.0
2020-10-23,1324,"-93.801,44.8202",27019,"Minnesota, Carver",0.113597246127367,1.91210128342556,0.0168322855404583,1743,1.00821349925728,1.01210637663832,0.0040160642570281,7,6.75995403231258e-05,1.0,1.01048960250726,0.562075100437894,1.01328441539872,0.0003,0.3499,0.0809,0.0010526214136029,3447.58,3.0,10.9,247.2,3593.1929777,0.1180574992,7.5,0.071,96.771177154,5.0,0.239,0.0197100945,0.0031868355,-10.0,-11.0,-5.0,,-30.0,14.0
2020-10-23,1325,"-94.326,46.9504",27021,"Minnesota, Cass",0.333333333333333,4.03130187336969,0.0120939056201091,357,1.03064726076059,1.01210637663832,0.0140056022408964,5,0.0001693824316541,1.03239118471,1.01048960250726,0.562075100437894,1.01328441539872,0.3471,0.2773,0.3158,0.0001693824316541,1748.28,7.4,24.8,12.4,10442.998663,0.1647927041,6.6,0.119,30.082165031,3.0,0.308,0.0044378197,0.1252074935,,,,,-11.0,10.0
2020-10-23,1326,"-95.564,45.0234",27023,"Minnesota, Chippewa",0.330188679245283,11.7410265011741,0.0355585374035559,424,1.02487545327492,1.01210637663832,0.0070754716981132,3,0.0002515934250251,1.05963402266705,1.01048960250726,0.562075100437894,1.01328441539872,0.1449,0.6106,0.4575,0.0025159342502515,1625.68,7.8,20.5,20.7,5339.7146065,0.154172239,6.5,0.106,61.719512469,3.0,0.339,0.0075478028,0.0138376384,,,,,-20.0,
2020-10-23,1327,"-92.9086,45.5021",27025,"Minnesota, Chisago",0.336842105263158,5.72225599942777,0.0169879474983012,950,1.02725534680724,1.01210637663832,0.0021052631578947,2,3.57640999964236e-05,1.0,1.01048960250726,0.562075100437894,1.01328441539872,0.0449,0.1086,0.2862,0.0010908050498909,2381.0,3.6,14.4,105.7,4892.5113787,0.1462280109,7.4,0.09,95.230478685,3.7,0.29,0.0130181324,0.0073316405,-12.0,16.0,,,-26.0,11.0
2020-10-23,1328,"-96.4876,46.8929",27027,"Minnesota, Clay",0.25609756097561,8.86560863106872,0.0346180908451255,2214,1.0206381696559,1.01210637663832,0.0194218608852755,43,0.0006723477445078,1.00336715580588,1.01048960250726,0.562075100437894,1.01328441539872,0.107,0.4062,0.7157,,1996.03,4.1,12.9,53.8,5389.0055454,0.1547502796,7.0,0.07,205.44200604,3.3,0.281,0.0378547416,0.018356657,-8.0,-4.0,,,-26.0,12.0
2020-10-23,1329,"-95.3779,47.5799",27029,"Minnesota, Clearwater",0.613861386138614,7.03745743473326,0.0114642451759364,101,1.06734768938901,1.01210637663832,0.0,0,0.0,,1.01048960250726,0.562075100437894,1.01328441539872,0.6949,0.411,0.8332,0.0028376844494892,1554.61,8.6,20.1,8.1,8071.6453087,0.1898725355,6.1,0.08,55.182477937,3.0,0.307,0.0069239501,0.0933030647,,,,,-29.0,
2020-10-23,1330,"-90.5263,47.905",27031,"Minnesota, Cook",0.416666666666667,0.927127758205081,0.0022251066196921,12,1.05963402266705,1.01210637663832,0.0,0,0.0,,1.01048960250726,0.562075100437894,1.01328441539872,0.0949,0.2442,0.6969,0.0029668088262562,1724.84,6.6,26.6,3.6,5560.8115233,0.1545754506,5.6,0.089,2.1764420681,3.0,0.219,0.0081587243,0.0852957538,,,,,,
2020-10-23,1331,"-95.1814,44.0072",27033,"Minnesota, Cottonwood",0.106617647058824,2.57160592356123,0.0241198900416777,272,1.01039834484916,1.01210637663832,0.0,0,0.0,,1.01048960250726,0.562075100437894,1.01328441539872,0.3051,0.6253,0.4413,0.0023055777245721,1641.21,5.3,22.5,18.3,5006.8366408,0.1443639753,7.4,0.151,61.981373114,2.3,0.352,0.0101977476,0.0083355502,,,,,-16.0,
2020-10-23,1332,"-94.0676,46.481",27035,"Minnesota, Crow Wing",0.293877551020408,4.43834856447164,0.015102713865216,980,1.02759066653112,1.01210637663832,0.0214285714285714,21,0.000323629582826,1.0069943706001,1.01048960250726,0.562075100437894,1.01328441539872,0.0898,0.0675,0.2528,0.0032671176932916,1842.62,4.6,21.5,60.4,6001.8396254,0.1740466516,6.2,0.096,84.325212334,3.3,0.295,0.0079212193,0.0098938187,-11.0,-16.0,,,-20.0,10.0
2020-10-23,1333,"-93.063,44.6717",27037,"Minnesota, Dakota",0.140551304894665,3.15215679453156,0.0224270902137402,9541,1.0094993936492,1.01210637663832,0.0143590818572477,137,0.0003220324241989,1.0053254160627,1.01048960250726,0.562075100437894,1.01328441539872,0.0197,0.7068,0.1496,0.0006088058238506,2797.2,3.5,13.1,665.6,4288.1279281,0.1378149964,8.3,0.076,275.21682858,5.0,0.285,0.0676056537,0.0062196919,-10.0,-13.0,-3.0,-40.0,-36.0,14.0
2020-10-23,1334,"-92.8624,44.0224",27039,"Minnesota, Dodge",0.209844559585492,3.89011622322543,0.0185380847180866,386,1.01449917177359,1.01210637663832,0.0,0,0.0,,1.01048960250726,0.562075100437894,1.01328441539872,0.0178,0.3244,0.0653,,2240.65,4.4,14.0,38.4,5116.1467609,0.1387893484,7.8,0.106,33.729590085,3.7,0.369,0.0057631351,0.0043223514,,,,,-22.0,10.0
2020-10-23,1335,"-95.4534,45.9335",27041,"Minnesota, Douglas",0.275115919629057,4.68865240754399,0.0170424612791065,647,1.02189014933997,1.01210637663832,0.0046367851622874,3,7.902223158782e-05,1.0,1.01048960250726,0.562075100437894,1.01328441539872,0.0258,0.0764,0.2098,0.003345274470551,1998.88,3.0,22.0,56.9,5697.8416727,0.1339330317,6.3,0.089,67.92032597,3.7,0.328,0.0056105784,0.0038720893,-5.0,28.0,,,-15.0,8.0
2020-10-23,1336,"-93.9479,43.6738",27043,"Minnesota, Faribault",0.230769230769231,3.70693414740515,0.0160633813054223,221,1.01582326428171,1.01210637663832,0.0,0,0.0,,1.01048960250726,0.562075100437894,1.01328441539872,0.1812,0.2849,0.1894,0.0031254542811455,1686.01,4.9,22.6,18.8,7799.2114345,0.1449127375,8.0,0.085,41.496727372,3.0,0.327,0.0053060038,0.0079953482,,,,,-6.0,
2020-10-23,1337,"-92.0898,43.6739",27045,"Minnesota, Fillmore",0.248,2.94424921644981,0.011871972646975,250,1.01646103507782,1.01210637663832,0.0,0,0.0,,1.01048960250726,0.562075100437894,1.01328441539872,0.1589,0.306,0.4161,,1869.78,9.2,20.3,21.1,5634.5900944,0.1535490022,8.4,0.086,68.902421816,3.7,0.286,0.0047962769,0.0018995156,,,,,-19.0,
2020-10-23,1338,"-93.3488,43.6739",27047,"Minnesota, Freeborn",0.125948406676783,2.72631717251347,0.0216463014058599,659,1.0092186721823,1.01210637663832,0.0060698027314112,4,0.0001313887793982,1.0,1.01048960250726,0.562075100437894,1.01328441539872,0.3025,0.6431,0.3343,0.00522270398108,1645.02,5.3,21.8,40.9,6753.5988652,0.1516287098,8.1,0.105,93.680370982,4.0,0.357,0.0122520037,0.0055511759,-12.0,-9.0,,3.0,-23.0,9.0
2020-10-23,1339,"-92.7234,44.4085",27049,"Minnesota, Goodhue",0.227598566308244,2.73689201129237,0.0120250845850484,558,1.02265896859198,1.01210637663832,0.0197132616487455,11,0.0002370536387733,1.0,1.01048960250726,0.562075100437894,1.01328441539872,0.0758,0.3827,0.432,0.0017886774561989,2137.53,5.0,18.6,60.5,5377.325514,0.1476979072,8.2,0.078,122.90565992,3.7,0.324,0.0126931448,0.0153653859,-5.0,-3.0,,,-21.0,9.0
2020-10-23,1340,"-96.0114,45.9342",27051,"Minnesota, Grant",0.228260869565217,3.48779272546089,0.0152798538448763,92,1.01308078292908,1.01210637663832,0.0434782608695652,4,0.0006643414715163,1.0,1.01048960250726,0.562075100437894,1.01328441539872,0.1191,0.0965,0.121,0.0016608536787909,1828.82,5.0,23.1,10.0,8481.5234971,0.1507952898,6.2,0.114,38.746329899,2.3,0.331,0.006311244,0.0054808171,,,,,-16.0,
2020-10-23,1341,"-93.4769,45.0076",27053,"Minnesota, Hennepin",0.117262083458421,3.1014079407477,0.0264485147225566,33310,1.00814144715744,1.01210637663832,0.0294506154308016,981,0.0007789250358099,1.00384467459884,1.01048960250726,0.562075100437894,1.01328441539872,0.1,0.8418,0.822,0.0037064445129058,2824.67,4.9,13.3,2484.9,5091.1461175,0.1188958778,8.5,0.066,896.95204492,4.3,0.226,0.1331517165,0.0111256856,-27.0,-21.0,-16.0,-50.0,-45.0,17.0
2020-10-23,1342,"-91.4914,43.6713",27055,"Minnesota, Houston",0.2,2.09925718591883,0.0104962859295941,195,1.01641095570427,1.01210637663832,0.0051282051282051,1,5.3827107331252e-05,1.0,1.01048960250726,0.562075100437894,1.01328441539872,0.0274,0.1105,0.0872,,1919.61,4.5,20.2,27.0,4474.8384293,0.1399796213,8.7,0.072,54.866023563,3.3,0.289,0.0062439445,0.0025837012,,,,,-21.0,
2020-10-23,1343,"-94.9169,47.1078",27057,"Minnesota, Hubbard",0.501355013550135,8.67241702606413,0.0172979561222576,369,1.04899793721772,1.01210637663832,0.005420054200542,2,9.37558597412338e-05,1.10408951367381,1.01048960250726,0.562075100437894,1.01328441539872,0.1516,0.2477,0.3266,0.0023438964935308,1801.71,5.7,24.5,19.5,6500.2379352,0.1437228944,6.4,0.099,61.268344711,3.0,0.34,0.0042658916,0.0278923683,,,,,-13.0,
2020-10-23,1344,"-93.2949,45.5618",27059,"Minnesota, Isanti",0.279383429672447,3.6280838712906,0.0129860381324126,519,1.01738908769312,1.01210637663832,0.0096339113680154,5,0.0001251063403893,1.25849895064183,1.01048960250726,0.562075100437894,1.01328441539872,0.136,0.0977,0.1977,0.0021518290546964,2119.06,4.2,15.0,73.1,6609.0131695,0.1476542951,7.2,0.11,59.047523126,4.0,0.34,0.0079067207,0.0061552319,-3.0,-6.0,,,-24.0,10.0
2020-10-23,1345,"-93.6309,47.5101",27061,"Minnesota, Itasca",0.297450424929178,4.65549348230912,0.0156513257071916,706,1.01457330638391,1.01210637663832,0.0240793201133144,17,0.0003768732819012,1.00869827228079,1.01048960250726,0.562075100437894,1.01328441539872,0.2818,0.192,0.6921,0.0023499157577369,1672.58,5.3,22.0,15.4,6294.397276,0.1592749731,7.1,0.121,76.788633915,3.7,0.332,0.0046111554,0.0386184269,-11.0,2.0,,,-19.0,8.0
2020-10-23,1346,"-95.154,43.6742",27063,"Minnesota, Jackson",0.202898550724638,4.23771566945818,0.020885884370901,207,1.01776053836399,1.01210637663832,0.0048309178743961,1,0.0001008979921299,1.0,1.01048960250726,0.562075100437894,1.01328441539872,0.0455,0.34,0.0382,0.0020179598425991,1832.81,3.6,20.8,14.7,4832.5381508,0.142401683,7.8,0.105,44.319684697,3.0,0.288,0.0096862072,0.0044395117,,,,,-14.0,
2020-10-23,1347,"-93.2928,45.9459",27065,"Minnesota, Kanabec",0.225641025641026,2.71487628802369,0.0120318380946505,195,1.01311612994377,1.01210637663832,0.0512820512820513,10,0.0006170173381872,1.01516534655549,1.01048960250726,0.562075100437894,1.01328441539872,0.2959,0.0675,0.4534,0.0030233849571173,1585.8,5.6,19.7,25.5,7618.4957442,0.1771806501,6.4,0.09,34.077005457,3.0,0.332,0.0054297526,0.0084531375,,,,,-22.0,
2020-10-23,1348,"-95.0059,45.1526",27067,"Minnesota, Kandiyohi",0.266666666666667,10.2671800256679,0.0385019250962548,1650,1.01723292735688,1.01210637663832,0.003030303030303,5,0.0001166725002916,1.03239118471,1.01048960250726,0.562075100437894,1.01328441539872,0.2143,0.7421,0.5119,0.0031734920079337,1891.86,6.6,17.9,52.3,5688.2722613,0.1547580479,6.6,0.092,121.32455733,4.0,0.279,0.0578928946,0.0054369385,1.0,,,,-21.0,7.0
2020-10-23,1349,"-96.7832,48.7775",27069,"Minnesota, Kittson",0.605263157894737,5.41431261770245,0.0089453860640301,38,1.07436245501267,1.01210637663832,0.0,0,0.0,,1.01048960250726,0.562075100437894,1.01328441539872,0.0955,0.022,0.4607,0.0035310734463276,1757.88,6.3,23.4,4.0,7715.2446415,0.1497997256,6.4,0.12,34.958184934,3.0,0.3,0.0037664783,0.0042372881,,,,,,
2020-10-23,1350,"-93.7835,48.2454",27071,"Minnesota, Koochiching",0.181818181818182,2.41157556270096,0.0132636655948553,165,1.00804496919444,1.01210637663832,0.0242424242424242,4,0.0003215434083601,1.0,1.01048960250726,0.562075100437894,1.01328441539872,0.4481,0.2416,0.5135,0.0039389067524115,1551.01,3.3,23.3,4.1,7399.8948474,0.163817053,6.1,0.106,71.454113792,2.3,0.288,0.006511254,0.0266881029,,,,,-8.0,
2020-10-23,1351,"-96.1749,44.9974",27073,"Minnesota, Lac qui Parle",0.290076335877863,5.7074196455392,0.0196755782517272,131,1.01504240052108,1.01210637663832,0.0229007633587786,3,0.0004505857614899,1.05963402266705,1.01048960250726,0.562075100437894,1.01328441539872,0.057,0.2461,0.2292,0.0048062481225593,1812.93,2.5,26.2,8.5,4801.8347865,0.1339321917,6.2,0.115,25.251432976,3.0,0.351,0.0069089817,0.0028537098,,,,,-16.0,
2020-10-23,1352,"-91.4456,47.6427",27075,"Minnesota, Lake",0.28695652173913,3.09626571589416,0.0107900168887221,115,1.02922422120067,1.01210637663832,0.0,0,0.0,,1.01048960250726,0.562075100437894,1.01328441539872,0.0697,0.2881,0.3095,0.0023456558453743,1856.07,4.2,25.1,4.6,7514.0295848,0.1380463629,6.4,0.1,0.4085329028,2.0,0.275,0.0074122725,0.0067554888,,,,,-20.0,
2020-10-23,1353,"-94.9027,48.7722",27077,"Minnesota, Lake of the Woods",0.227272727272727,2.66098988823842,0.0117083555082491,44,1.01738190700167,1.01210637663832,0.0227272727272727,1,0.0002660989888238,1.0,1.01048960250726,0.562075100437894,1.01328441539872,0.1987,0.1219,0.4706,0.0039914848323576,1368.1,2.9,22.6,2.2,6253.7654938,0.1470340411,5.9,0.148,38.8582923,2.3,0.292,0.0053219798,0.0090473656,,,,,,
2020-10-23,1354,"-93.7284,44.3714",27079,"Minnesota, Le Sueur",0.161237785016287,3.4744156664561,0.0215483961535762,614,1.00967010360506,1.01210637663832,0.00814332247557,5,0.0001754755387099,1.0,1.01048960250726,0.562075100437894,1.01328441539872,0.0863,0.4712,0.1757,0.0005264266161297,2168.42,5.6,16.8,48.0,4553.5408378,0.1367789554,7.7,0.092,25.184132679,4.0,0.348,0.0068786411,0.0052642662,,,,,-20.0,9.0
2020-10-23,1355,"-96.2669,44.4131",27081,"Minnesota, Lincoln",0.227272727272727,7.05094306363476,0.0310241494799929,176,1.01738190700167,1.01210637663832,0.0,0,0.0,,1.01048960250726,0.562075100437894,1.01328441539872,0.158,0.0146,0.1009,0.0077560373699982,1660.37,4.9,24.6,9.6,4610.682307,0.1381872844,6.7,0.116,23.150065619,3.0,0.282,0.0019390093,0.0040542923,,,,,-17.0,
2020-10-23,1356,"-95.8381,44.4133",27083,"Minnesota, Lyon",0.150368033648791,5.5796168402981,0.0371064029029615,951,1.00854683880786,1.01210637663832,0.0063091482649842,6,0.000234109797495,1.02638809625704,1.01048960250726,0.562075100437894,1.01328441539872,0.208,0.6498,0.7978,0.0028873541691053,1892.92,6.0,15.0,39.1,4341.6920446,0.1450652359,6.8,0.097,126.68819035,3.7,0.313,0.0326583168,0.0078036599,1.0,,,,-19.0,8.0
2020-10-23,1357,"-94.2729,44.8237",27085,"Minnesota, McLeod",0.101724137931034,1.6446909932261,0.0161681487469685,580,1.00324364925533,1.01210637663832,0.0068965517241379,4,0.000111504474117,1.04195362743721,1.01048960250726,0.562075100437894,1.01328441539872,0.0621,0.4238,0.1503,0.0032057536308644,1959.98,4.7,17.9,71.7,4406.2017987,0.1374417035,6.9,0.101,83.042627634,4.0,0.349,0.0061606222,0.0054358431,2.0,28.0,,,-20.0,7.0
2020-10-23,1358,"-95.8092,47.3256",27087,"Minnesota, Mahnomen",0.39622641509434,7.61007428882044,0.019206377967023,106,1.04867702485539,1.01210637663832,0.0188679245283019,2,0.0003623844899438,1.10408951367381,1.01048960250726,0.562075100437894,1.01328441539872,0.8111,0.4928,0.7679,0.0032614604094944,1465.81,14.0,17.3,10.6,18046.917193,0.2517680367,6.2,0.112,18.291451159,2.3,0.387,0.0045298061,0.4344990034,,,,,-34.0,
2020-10-23,1359,"-96.3702,48.3583",27089,"Minnesota, Marshall",0.398058252427184,4.36634717784878,0.0109691160809372,103,1.02781961100861,1.01210637663832,0.0097087378640776,1,0.0001064962726304,1.0,1.01048960250726,0.562075100437894,1.01328441539872,0.1615,0.3216,0.2009,0.0012779552715655,1767.3,4.1,20.6,4.4,6906.6531598,0.1391320979,6.5,0.121,31.711980464,3.0,0.381,0.0040468584,0.0095846645,,,,,-14.0,
2020-10-23,1360,"-94.551,43.6743",27091,"Minnesota, Martin",0.123762376237624,3.79075056861259,0.0306292645943897,606,1.01263803229901,1.01210637663832,0.0264026402640264,16,0.0008086934546373,1.0,1.01048960250726,0.562075100437894,1.01328441539872,0.1831,0.2057,0.2315,0.0028809704321455,1880.37,5.7,22.4,27.5,5828.8808999,0.1374482086,7.9,0.12,71.278451202,3.3,0.324,0.0063179176,0.0054081375,10.0,,,,-18.0,6.0
2020-10-23,1361,"-94.5284,45.1233",27093,"Minnesota, Meeker",0.214285714285714,2.98172075536926,0.0139146968583899,322,1.01308078292908,1.01210637663832,0.0093167701863354,3,0.0001296400328421,1.0,1.01048960250726,0.562075100437894,1.01328441539872,0.0557,0.3642,0.4355,0.0015124670498249,1951.79,4.6,18.9,33.1,5103.1839181,0.1413811334,6.5,0.112,75.512034198,3.0,0.329,0.0056609481,0.0033706409,,,,,-14.0,6.0
2020-10-23,1362,"-93.6324,45.9371",27095,"Minnesota, Mille Lacs",0.465116279069767,6.88626190749455,0.0148054631011133,387,1.02346637995598,1.01210637663832,0.0361757105943152,14,0.0005355981483606,1.24615595527271,1.01048960250726,0.562075100437894,1.01328441539872,0.4274,0.2404,0.8042,0.0010711962967213,1697.3,5.9,17.8,38.0,8964.7791773,0.1801955911,6.7,0.124,104.22432066,3.7,0.307,0.0060446077,0.0636596656,2.0,,,,-18.0,9.0
2020-10-23,1363,"-94.2734,46.0127",27097,"Minnesota, Morrison",0.453890489913545,9.49681931924387,0.020923151135096,694,1.03759485963788,1.01210637663832,0.0115273775216138,8,0.000241189062076,1.15041007378781,1.01048960250726,0.562075100437894,1.01328441539872,0.2643,0.1948,0.4935,0.0014772830052157,1779.0,4.9,18.5,27.6,5787.3590406,0.1535348185,6.4,0.105,92.119158801,3.3,0.324,0.0069341855,0.0036479846,-1.0,,,,-18.0,8.0
2020-10-23,1364,"-92.7523,43.6714",27099,"Minnesota, Mower",0.0718562874251497,2.69925770413136,0.0375646697158281,1503,1.00288443389588,1.01210637663832,0.0099800399201596,15,0.0003748969033515,1.1150253613875,1.01048960250726,0.562075100437894,1.01328441539872,0.3656,0.801,0.7116,0.0020494364049886,1820.75,6.5,18.3,54.8,5612.0613452,0.1514974134,8.1,0.112,122.36224298,4.0,0.316,0.0349153983,0.0070730549,-12.0,-5.0,,,-17.0,7.0
2020-10-23,1365,"-95.7633,44.0222",27101,"Minnesota, Murray",0.253676470588235,8.3373610439826,0.0328661188980184,272,1.02173000990531,1.01210637663832,0.0110294117647059,3,0.000362493958434,1.0,1.01048960250726,0.562075100437894,1.01328441539872,0.0959,0.4667,0.1168,0.0030207829869502,1834.29,4.0,25.0,11.1,5015.8983646,0.1380123919,7.3,0.098,24.206686845,3.0,0.324,0.0038666022,0.0039874335,,,,,-16.0,
2020-10-23,1366,"-94.2471,44.3529",27103,"Minnesota, Nicollet",0.141456582633053,2.95149035651666,0.020864991233197,714,1.01328364254971,1.01210637663832,0.0238095238095238,17,0.0004967855055523,1.0,1.01048960250726,0.562075100437894,1.01328441539872,0.0904,0.5138,0.6527,0.0004967855055523,1907.03,3.3,15.1,71.8,3561.5960101,0.1385625096,7.8,0.084,159.11827285,3.7,0.278,0.036528346,0.0052308591,-5.0,-7.0,,,-24.0,11.0
2020-10-23,1367,"-95.7533,43.6743",27105,"Minnesota, Nobles",0.0878774222622803,8.89436234263821,0.101213282247765,2219,1.00838613980511,1.01210637663832,0.0072104551599819,16,0.0007297938332421,1.0,1.01048960250726,0.562075100437894,1.01328441539872,0.6232,0.9325,0.7533,0.0021893814997263,1736.69,8.3,15.6,31.5,4882.378136,0.1443651373,7.9,0.109,55.586621737,3.7,0.334,0.0514048531,0.0128626163,-1.0,,,21.0,-14.0,6.0
2020-10-23,1368,"-96.4562,47.3263",27107,"Minnesota, Norman",0.314814814814815,5.25096525096525,0.0166795366795367,108,1.02968851580259,1.01210637663832,0.0,0,0.0,,1.01048960250726,0.562075100437894,1.01328441539872,0.1917,0.5043,0.6113,0.0021621621621621,1674.03,6.0,21.2,7.2,8711.7039956,0.1513200496,6.3,0.081,38.233708705,2.3,0.36,0.0067953668,0.0211583012,,,,,-12.0,
2020-10-23,1369,"-92.4021,44.0037",27109,"Minnesota, Olmsted",0.135721017907634,2.76432232510222,0.0203676804648157,3183,1.00950726311522,1.01210637663832,0.0094250706880301,30,0.000191966828132,1.00990485606307,1.01048960250726,0.562075100437894,1.01328441539872,0.0385,0.7198,0.5871,0.0135656558546683,2622.15,3.9,14.6,273.6,4420.3809279,0.1213023824,8.1,0.078,269.98166725,5.0,0.271,0.0627091639,0.0040249045,-20.0,16.0,17.0,-48.0,-24.0,11.0
2020-10-23,1370,"-95.7084,46.4085",27111,"Minnesota, Otter Tail",0.330073349633252,4.59089981636401,0.0139087261103176,818,1.02892244958182,1.01210637663832,0.0085574572127139,7,0.0001190233285724,1.02226578920968,1.01048960250726,0.562075100437894,1.01328441539872,0.1108,0.3881,0.4753,0.0022614432428756,1835.52,4.8,22.8,26.2,5698.8813226,0.1297041371,6.8,0.095,48.705076153,3.0,0.312,0.0156600694,0.0078385364,-1.0,-1.0,,,-14.0,8.0
2020-10-23,1371,"-96.0371,48.0664",27113,"Minnesota, Pennington",0.195402298850575,2.39808153477218,0.0122725349132459,174,1.01854375002935,1.01210637663832,0.0057471264367816,1,7.05318098462407e-05,1.0,1.01048960250726,0.562075100437894,1.01328441539872,0.1073,0.2904,0.7135,0.0043024404006206,1720.02,2.5,17.5,28.1,6150.5012811,0.1443809715,6.2,0.084,138.45755194,3.7,0.265,0.0125546622,0.0196783749,,,,,-22.0,
2020-10-23,1372,"-92.7407,46.1211",27115,"Minnesota, Pine",0.160611854684512,2.84909948105688,0.0177390360546756,523,1.00994427006074,1.01210637663832,0.0,0,0.0,,1.01048960250726,0.562075100437894,1.01328441539872,0.4315,0.3101,0.7393,0.0013567140385985,1537.87,5.9,19.4,19.4,7632.4726858,0.2011723559,6.7,0.125,33.396752999,3.7,0.35,0.0208594783,0.0345283723,1.0,-13.0,,,-17.0,7.0
2020-10-23,1373,"-96.2584,44.023",27117,"Minnesota, Pipestone",0.146198830409357,5.52669393169006,0.03780258649276,342,1.00954378871501,1.01210637663832,0.0497076023391813,17,0.0018790759367746,1.01804126125684,1.01048960250726,0.562075100437894,1.01328441539872,0.2551,0.6874,0.5823,0.0048634906598872,1684.45,6.7,20.4,20.6,7400.8011284,0.152140506,7.5,0.108,70.64146647,2.3,0.317,0.0117165911,0.0219962418,,,,,-13.0,
2020-10-23,1374,"-96.4013,47.7737",27119,"Minnesota, Polk",0.369127516778524,6.97770306701767,0.0189032319451933,596,1.03931653700232,1.01210637663832,0.0067114093959731,4,0.0001268673284912,1.0,1.01048960250726,0.562075100437894,1.01328441539872,0.214,0.4409,0.7303,0.0029179485552983,1892.85,3.3,17.8,15.1,6793.6626086,0.151962094,6.9,0.096,98.225917116,3.3,0.394,0.0263249707,0.0178565765,-9.0,,,,-20.0,10.0
2020-10-23,1375,"-95.4445,45.5861",27121,"Minnesota, Pope",0.253246753246753,3.51446336847797,0.0138776245832207,154,1.01791540622859,1.01210637663832,0.0,0,0.0,,1.01048960250726,0.562075100437894,1.01328441539872,0.0315,0.0729,0.1324,0.00306389114175,1884.05,3.6,23.4,15.2,5502.9081889,0.1406902543,6.2,0.089,15.159849358,2.0,0.306,0.0044156078,0.0043254934,,,,,-16.0,
2020-10-23,1376,"-93.0987,45.0163",27123,"Minnesota, Ramsey",0.135393992163692,3.39143236218898,0.0250486178004762,13782,1.00924707931296,1.01210637663832,0.0259033521985198,357,0.0006488431689718,1.00912787151588,1.01048960250726,0.562075100437894,1.01328441539872,0.3038,0.9013,0.944,0.0034659493647879,2268.09,5.3,13.7,3570.2,5977.2220944,0.1364929855,9.0,0.078,699.45002788,5.0,0.262,0.1212700605,0.0095636212,-23.0,-19.0,-23.0,-37.0,-37.0,15.0
2020-10-23,1377,"-96.0956,47.872",27125,"Minnesota, Red Lake",0.333333333333333,5.75143785946487,0.0172543135783946,69,1.0412365210351,1.01210637663832,0.0289855072463768,2,0.0005001250312578,1.0,1.01048960250726,0.562075100437894,1.01328441539872,0.1111,0.1843,0.3225,,1523.28,3.6,19.4,8.1,7075.9868155,0.1455390925,6.2,0.092,17.684389557,2.3,0.367,0.0050012503,0.0215053763,,,,,,
2020-10-23,1378,"-95.2521,44.4056",27127,"Minnesota, Redwood",0.20817843866171,3.67237195881697,0.0176405010164601,269,1.02199463109908,1.01210637663832,0.0408921933085502,11,0.0007213587776247,1.0465440871019,1.01048960250726,0.562075100437894,1.01328441539872,0.2045,0.2665,0.2827,0.001639451767329,1740.26,6.6,21.0,18.1,6784.9266281,0.1504129502,7.0,0.141,83.832837897,3.0,0.347,0.0070824316,0.0495114434,,,,,-13.0,
2020-10-23,1379,"-94.9455,44.7284",27129,"Minnesota, Renville",0.213991769547325,3.55871886120996,0.0166301669860389,243,1.01696850489722,1.01210637663832,0.0452674897119342,11,0.0007528059129482,1.01370885629547,1.01048960250726,0.562075100437894,1.01328441539872,0.179,0.4247,0.3018,0.0010949904188338,1856.94,5.5,20.2,14.6,6298.3534574,0.1435061533,6.9,0.117,66.792145213,3.0,0.34,0.0049274569,0.0154667397,,,,,-9.0,
2020-10-23,1380,"-93.2966,44.3543",27131,"Minnesota, Rice",0.110280373831776,2.66073388151466,0.0241269936713618,1605,1.00761434237667,1.01210637663832,0.005607476635514,9,0.0001352915532973,1.01696850489722,1.01048960250726,0.562075100437894,1.01328441539872,0.2048,0.7119,0.8723,0.00073658734573,2088.93,4.8,14.8,119.6,4768.2121239,0.1471485311,7.9,0.07,90.65387592,3.7,0.261,0.0560407679,0.0069149016,-12.0,-12.0,,,-25.0,10.0
2020-10-23,1381,"-96.253,43.6748",27133,"Minnesota, Rock",0.368253968253968,12.322073507542,0.0334608030592734,315,1.01645069962239,1.01210637663832,0.0126984126984127,4,0.0004248990864669,1.21901365420448,1.01048960250726,0.562075100437894,1.01328441539872,0.099,0.2292,0.2954,0.0029742936052687,1861.52,4.2,19.6,19.2,5806.8807348,0.1417370183,7.9,0.049,71.221703359,3.0,0.247,0.008391757,0.0082855322,,,,,-20.0,
2020-10-23,1382,"-95.8108,48.775",27135,"Minnesota, Roseau",0.359649122807018,5.41254125412541,0.015049504950495,228,1.04108605331718,1.01210637663832,0.0,0,0.0,,1.01048960250726,0.562075100437894,1.01328441539872,0.1312,0.3843,0.5747,0.0016501650165016,1793.19,3.9,16.2,9.9,6269.2570388,0.1507497289,6.4,0.106,53.666106064,3.3,0.349,0.0057425743,0.019669967,,,,,-18.0,
2020-10-23,1383,"-92.4688,47.6048",27137,"Minnesota, St. Louis",0.269824561403509,3.84973517426435,0.014267549085375,2850,1.01901110758169,1.01210637663832,0.0228070175438597,65,0.000325400242298,1.02415191411056,1.01048960250726,0.562075100437894,1.01328441539872,0.2685,0.2483,0.8182,0.0056319272705427,1774.85,3.5,18.3,31.2,6968.953776,0.1671538279,7.7,0.091,120.55993283,3.3,0.283,0.0158444887,0.0239094086,-17.0,-11.0,8.0,-38.0,-28.0,11.0
2020-10-23,1384,"-93.5334,44.649",27139,"Minnesota, Scott",0.143030671120559,3.19579864433,0.0223434499698061,3293,1.01068019622002,1.01210637663832,0.0103249316732463,34,0.0002306945942828,1.0,1.01048960250726,0.562075100437894,1.01328441539872,0.014,0.6956,0.2321,0.0009634891878871,3164.83,3.7,10.0,330.4,4013.6779547,0.1205193615,7.6,0.078,119.25700929,5.0,0.293,0.0464442499,0.0109783486,-5.0,-2.0,5.0,,-32.0,14.0
2020-10-23,1385,"-93.7762,45.4445",27141,"Minnesota, Sherburne",0.204406364749082,3.47786246824108,0.0170144529134908,1634,1.01552085902072,1.01210637663832,0.0128518971848225,21,0.0002186679995001,1.03961211126014,1.01048960250726,0.562075100437894,1.01328441539872,0.0264,0.306,0.2426,0.0005622891415719,2688.73,2.7,10.5,164.8,4518.5086218,0.1514545045,7.3,0.087,53.199207589,4.3,0.302,0.0275417552,0.0057894956,6.0,-15.0,,,-27.0,9.0
2020-10-23,1386,"-94.2316,44.5797",27143,"Minnesota, Sibley",0.11522633744856,1.86318871439979,0.0161698163428267,243,1.00663967004693,1.01210637663832,0.0123456790123457,3,0.0001996273622571,1.0,1.01048960250726,0.562075100437894,1.01328441539872,0.0962,0.6342,0.1312,0.0013308490817141,1950.01,4.8,17.8,21.7,5256.9981006,0.1409915883,7.2,0.093,56.382319964,3.0,0.393,0.0067207879,0.0047245142,,,,,-19.0,
2020-10-23,1387,"-94.6108,45.5519",27145,"Minnesota, Stearns",0.20423654015887,7.26503240066308,0.0355716582106797,5665,1.01529341081829,1.01210637663832,0.0072374227714033,41,0.0002574471291505,1.04074905032625,1.01048960250726,0.562075100437894,1.01328441539872,0.2637,0.6132,0.7806,0.0035854222132918,2057.91,3.6,14.1,126.0,4914.4553017,0.1463196423,7.0,0.083,129.37088204,4.3,0.289,0.0683490732,0.0041882252,-4.0,-1.0,-48.0,-18.0,-21.0,9.0
2020-10-23,1388,"-93.2263,44.0224",27147,"Minnesota, Steele",0.171390013495277,3.4508056408445,0.0201342281879195,741,1.00982144110613,1.01210637663832,0.0040485829959514,3,8.15150938782164e-05,1.05963402266705,1.01048960250726,0.562075100437894,1.01328441539872,0.1697,0.4811,0.5699,0.0011683830122544,2014.31,3.1,16.5,92.6,4880.882949,0.141695177,7.8,0.096,39.019272558,4.3,0.313,0.0327962394,0.0048909056,1.0,23.0,,,-24.0,8.0
2020-10-23,1389,"-96.0016,45.5861",27149,"Minnesota, Stevens",0.265536723163842,4.81903004203835,0.0181482620732082,177,1.02103413652475,1.01210637663832,0.0056497175141242,1,0.0001025325540859,1.0,1.01048960250726,0.562075100437894,1.01328441539872,0.1777,0.6208,0.6539,0.0055367579206398,1763.44,2.2,17.1,19.0,3807.6795603,0.1432378017,6.2,0.097,50.457270542,2.3,0.313,0.009432995,0.0169178714,,,,,-17.0,
2020-10-23,1390,"-95.6826,45.2829",27151,"Minnesota, Swift",0.175257731958763,3.63830925628678,0.0207597645799893,194,1.01156238399598,1.01210637663832,0.0051546391752577,1,0.0001070090957731,1.0,1.01048960250726,0.562075100437894,1.01328441539872,0.2385,0.4604,0.3012,0.0049224184055644,1574.42,4.2,21.5,12.6,8939.8977737,0.1521112605,6.3,0.136,86.226800072,3.0,0.375,0.0096308186,0.0075976458,,,,,-21.0,
2020-10-23,1391,"-94.8979,46.07",27153,"Minnesota, Todd",0.273081924577373,8.54283622162558,0.0312830526401432,769,1.02274143906742,1.01210637663832,0.0065019505851755,5,0.0002034008624196,1.1398522810476,1.01048960250726,0.562075100437894,1.01328441539872,0.3863,0.5575,0.5743,0.0028882922463591,1618.37,8.8,20.7,23.3,5425.0068121,0.145563027,6.4,0.122,42.258399203,2.3,0.371,0.0045154991,0.0063867871,,,,,-13.0,7.0
2020-10-23,1392,"-96.4706,45.773",27155,"Minnesota, Traverse",0.166666666666667,2.72067714631197,0.0163240628778718,54,1.02003177404583,1.01210637663832,0.0,0,0.0,,1.01048960250726,0.562075100437894,1.01328441539872,0.1369,0.3375,0.3754,0.0075574365175332,1806.22,2.9,25.0,5.7,9955.6499854,0.1455775889,6.0,0.117,44.588475026,2.0,0.326,0.0054413543,0.0640870617,,,,,,
2020-10-23,1393,"-92.2312,44.2842",27157,"Minnesota, Wabasha",0.309192200557103,5.12820512820513,0.0165858165858166,359,1.02452294351014,1.01210637663832,0.0,0,0.0,,1.01048960250726,0.562075100437894,1.01328441539872,0.0522,0.2837,0.1152,0.0011550011550011,2123.14,5.2,20.7,33.9,4010.0772851,0.1404510274,8.2,0.075,178.68051721,2.3,0.365,0.0063294063,0.0034650035,,,,,-14.0,7.0
2020-10-23,1394,"-94.9697,46.5859",27159,"Minnesota, Wadena",0.511627906976744,7.98664052857039,0.0156102519422058,215,1.03411761066847,1.01210637663832,0.013953488372093,3,0.000217817468961,,1.01048960250726,0.562075100437894,1.01328441539872,0.4678,0.0837,0.7962,0.0035576853263631,1332.89,6.8,21.0,27.6,9951.8256673,0.1598467716,6.1,0.106,73.697092357,2.0,0.343,0.0109634793,0.0079140347,,,,,-13.0,
2020-10-23,1395,"-93.5872,44.0221",27161,"Minnesota, Waseca",0.0889370932754881,4.38713819485314,0.0493285538494463,922,1.00457595824977,1.01210637663832,0.009761388286334,9,0.0004815151677277,1.0,1.01048960250726,0.562075100437894,1.01328441539872,0.1455,0.4578,0.4346,0.001872558985608,1822.33,3.2,16.9,39.7,4555.5280531,0.1469762092,7.8,0.097,77.762375408,3.3,0.327,0.0208121556,0.0073297309,,,,,-13.0,7.0
2020-10-23,1396,"-92.8843,45.0386",27163,"Minnesota, Washington",0.211007496800146,4.45214331734831,0.0210994556348162,5469,1.01458036822275,1.01210637663832,0.012799414883891,70,0.0002700606864942,1.01748842798917,1.01048960250726,0.562075100437894,1.01328441539872,0.0054,0.5645,0.1293,0.0007060157946921,3245.46,3.0,13.8,514.6,4338.0147412,0.1130941673,8.5,0.075,149.69359525,4.3,0.248,0.0469211153,0.0054127878,-9.0,-8.0,27.0,-17.0,-39.0,15.0
2020-10-23,1397,"-94.6141,43.9782",27165,"Minnesota, Watonwan",0.0486111111111111,2.55009107468124,0.0524590163934426,576,1.00480327330584,1.01210637663832,0.0069444444444444,4,0.0003642987249544,1.0,1.01048960250726,0.562075100437894,1.01328441539872,0.3701,0.8593,0.2808,0.0022768670309653,1655.63,11.7,19.3,23.0,7539.4849501,0.1532717929,7.5,0.124,38.837439057,3.7,0.317,0.0071038251,0.0133879781,,,,,-14.0,
2020-10-23,1398,"-96.4684,46.3572",27167,"Minnesota, Wilkin",0.317829457364341,6.55580428525743,0.0206267988487368,129,1.02302274443395,1.01210637663832,0.0310077519379845,4,0.0006395906619763,1.0,1.01048960250726,0.562075100437894,1.01328441539872,0.0366,0.0716,0.6804,0.003997441637352,1670.88,2.3,19.0,7.9,7044.2980286,0.1477916831,6.4,0.148,54.162280375,2.0,0.298,0.006236009,0.0180684362,,,,,-15.0,
2020-10-23,1399,"-91.7808,43.9877",27169,"Minnesota, Winona",0.161003236245955,3.91539596655189,0.0243187407771766,1236,1.01212535736225,1.01210637663832,0.0145631067961165,18,0.000354156419085,1.0,1.01048960250726,0.562075100437894,1.01328441539872,0.251,0.4008,0.7743,0.001947860304968,1802.3,5.8,16.0,81.7,5746.6786545,0.1494019431,8.6,0.084,114.36988429,3.7,0.295,0.0181603542,0.0046040334,-12.0,15.0,,-40.0,-21.0,10.0
2020-10-23,1400,"-93.9623,45.173",27171,"Minnesota, Wright",0.190959019856358,3.31502247907942,0.0173598632919933,2367,1.01249110782861,1.01210637663832,0.0059146599070553,14,0.0001026776874051,1.04924143725562,1.01048960250726,0.562075100437894,1.01328441539872,0.0207,0.3152,0.1509,0.0007627485350094,2526.99,3.4,11.8,158.7,4161.4893472,0.1471159998,7.3,0.07,130.79890189,4.3,0.318,0.0150422812,0.004444477,-5.0,4.0,7.0,,-26.0,10.0
2020-10-23,1401,"-95.8684,44.7171",27173,"Minnesota, Yellow Medicine",0.167272727272727,4.69627360898418,0.0280755487493619,275,1.00804496919444,1.01210637663832,0.0181818181818182,5,0.0005104645227156,1.03239118471,1.01048960250726,0.562075100437894,1.01328441539872,0.2201,0.4295,0.3464,0.0056151097498723,1761.39,4.2,19.8,13.0,5858.0233619,0.1516388842,6.5,0.12,57.511807853,2.3,0.353,0.0058192956,0.0395099541,,,,,-20.0,
2020-10-23,1402,"-91.3533,31.4767",28001,"Mississippi, Adams",0.0829450139794967,2.85329571685047,0.0343998461143883,1073,1.00740394744737,1.00741200542361,0.0400745573159366,43,0.0013785586047704,1.00682720684153,1.00385292970288,0.231084569718034,1.00521949398857,0.9768,0.9634,0.9742,0.0057386509361374,1128.1,15.1,17.7,62.6,12505.549473,0.2220616181,9.0,0.132,150.33542613,4.3,0.353,0.5237240318,0.0050012824,-19.0,-20.0,,,-13.0,
2020-10-23,1403,"-88.58,34.8808",28003,"Mississippi, Alcorn",0.115501519756839,3.08733920108328,0.0267298578199052,987,1.01009293198265,1.00741200542361,0.0121580547112462,12,0.0003249830737982,1.0,1.00385292970288,0.231084569718034,1.00521949398857,0.8557,0.5498,0.2483,0.0054163845633039,1282.41,13.7,17.8,93.9,11917.607937,0.1902484156,10.0,0.186,35.335638876,5.0,0.353,0.1217874069,0.0043331077,-18.0,-20.0,,,-13.0,2.0
2020-10-23,1404,"-90.805,31.1747",28005,"Mississippi, Amite",0.135391923990499,4.62437124776894,0.0341554437773811,421,1.00378940083327,1.00741200542361,0.0308788598574822,13,0.0010546811617718,1.0,1.00385292970288,0.231084569718034,1.00521949398857,0.9318,0.4951,0.3926,,1001.12,13.4,22.2,14.4,9702.7353214,0.1869333547,9.0,0.152,5.3247030379,3.0,0.399,0.4019957813,0.0034885608,,,,,-21.0,
2020-10-23,1405,"-89.5784,33.0866",28007,"Mississippi, Attala",0.117721518987342,5.06398039749524,0.0430166076776477,790,1.00764247893197,1.00741200542361,0.0329113924050633,26,0.0014157364552137,1.00561868495366,1.00385292970288,0.231084569718034,1.00521949398857,0.9541,0.6004,0.9239,0.0013612850530901,1262.83,10.6,18.7,23.3,11153.956752,0.193849171,9.9,0.197,24.261520311,4.0,0.373,0.4307650422,0.0034304383,,,,,-9.0,
2020-10-23,1406,"-89.1895,34.8168",28009,"Mississippi, Benton",0.225225225225225,9.06782734856728,0.0402611534276387,333,1.0189470727718,1.00741200542361,0.015015015015015,5,0.0006045218232378,1.03239118471,1.00385292970288,0.231084569718034,1.00521949398857,0.9573,0.6638,0.1203,,1017.83,15.3,17.6,17.3,12917.412916,0.1833024885,9.7,0.199,14.912087614,3.0,0.399,0.3506226575,0.0042316528,,,,,-22.0,
2020-10-23,1407,"-90.8737,33.797",28011,"Mississippi, Bolivar",0.0379241516966068,2.42555771869913,0.0639581272141193,2004,1.00266578172482,1.00741200542361,0.0384231536926148,77,0.0024574729518399,1.00376669169334,1.00385292970288,0.231084569718034,1.00521949398857,0.9815,0.6173,0.8386,0.0052660134682283,1089.54,14.3,14.5,36.3,12419.640466,0.2474681442,10.3,0.115,94.39912487,4.0,0.391,0.6357195289,0.0015957617,-16.0,4.0,,,-13.0,3.0
2020-10-23,1408,"-89.3369,33.9368",28013,"Mississippi, Calhoun",0.106109324758842,4.57190357439734,0.043086727625381,622,1.00660180697167,1.00741200542361,0.0192926045016077,12,0.0008312551953449,1.0,1.00385292970288,0.231084569718034,1.00521949398857,0.9369,0.7243,0.7727,0.0017317816569686,1031.66,11.8,18.0,23.2,10056.69431,0.1988725961,9.9,0.248,16.589456204,4.0,0.383,0.2786783042,0.0035328346,,,,,-17.0,
2020-10-23,1409,"-89.9199,33.4483",28015,"Mississippi, Carroll",0.297916666666667,14.4284128745838,0.0484310362223792,480,1.00958323018223,1.00741200542361,0.025,12,0.0012107759055594,1.0,1.00385292970288,0.231084569718034,1.00521949398857,0.8,0.4072,0.4906,,1207.23,7.7,22.2,12.1,9994.7419551,0.1562934094,9.6,0.221,13.616222886,3.0,0.344,0.3257996166,0.0024215518,,,,,-24.0,
2020-10-23,1410,"-88.9482,33.9198",28017,"Mississippi, Chickasaw",0.113095238095238,5.53258400792033,0.0489196901752956,840,1.00681467850537,1.00741200542361,0.030952380952381,26,0.0015141808863782,1.01150029829051,1.00385292970288,0.231084569718034,1.00521949398857,0.8768,0.7491,0.7163,0.0048919690175295,1167.25,12.2,16.2,34.2,11032.739382,0.2080817266,10.1,0.123,17.912876259,4.0,0.453,0.4374818007,0.003610739,,,,,-19.0,
2020-10-23,1411,"-89.2481,33.346",28019,"Mississippi, Choctaw",0.0536585365853659,1.32882338729162,0.024764435854071,205,1.00210825950861,1.00741200542361,0.0292682926829268,6,0.0007248127567045,1.0,1.00385292970288,0.231084569718034,1.00521949398857,0.928,0.3448,0.8074,0.0030200531529354,1019.88,8.5,20.9,17.7,11561.481594,0.1881345009,9.8,0.251,7.7272280255,3.0,0.377,0.2982604494,0.0033824595,,,,,,
2020-10-23,1412,"-90.907,31.9706",28021,"Mississippi, Claiborne",0.0521415270018622,3.1104199066874,0.0596534103532548,537,1.00268897252838,1.00741200542361,0.0297951582867784,16,0.0017773828038213,1.0,1.00385292970288,0.231084569718034,1.00521949398857,0.993,0.6842,1.0,0.0035547656076427,784.96,15.6,15.3,20.1,14650.740225,0.2547524132,9.2,0.125,39.780935589,3.0,0.41,0.8541435237,0.0023328149,,,,,-20.0,
2020-10-23,1413,"-88.689,32.0416",28023,"Mississippi, Clarke",0.146702557200538,6.98538836195847,0.0476159958984876,743,1.00834723949543,1.00741200542361,0.0686406460296097,51,0.0032683927198154,1.00869827228079,1.00385292970288,0.231084569718034,1.00521949398857,0.8589,0.3744,0.1156,0.0016021532940271,1086.22,8.8,19.5,20.2,12225.873963,0.1750845599,9.9,0.151,9.3177673853,4.0,0.287,0.3452960779,0.0048064599,,,,,-13.0,
2020-10-23,1414,"-88.7778,33.6536",28025,"Mississippi, Clay",0.0847953216374269,2.99184978850717,0.0352831940575673,684,1.00511562357706,1.00741200542361,0.0307017543859649,21,0.0010832559579077,1.0,1.00385292970288,0.231084569718034,1.00521949398857,0.9277,0.5142,0.2375,0.0030950170225936,1190.01,11.9,17.4,44.0,8194.8745138,0.2147743953,10.4,0.187,66.833001495,4.0,0.395,0.5846487156,0.0025275972,-9.0,,,23.0,-14.0,
2020-10-23,1415,"-90.6042,34.2277",28027,"Mississippi, Coahoma",0.0376301040832666,2.07707265334983,0.0551971009368923,1249,1.00347923577341,1.00741200542361,0.0288230584467574,36,0.0015909492663956,1.00403251981126,1.00385292970288,0.231084569718034,1.00521949398857,0.9831,0.5428,0.8188,0.0079989393671557,1058.01,13.0,14.1,44.7,15127.78178,0.2535886079,10.2,0.209,93.799947931,3.7,0.424,0.7664398091,0.0017677214,-8.0,,,,-18.0,
2020-10-23,1416,"-90.4457,31.8698",28029,"Mississippi, Copiah",0.0796201607012418,3.81879970570718,0.0479627229092947,1369,1.00532938988199,1.00741200542361,0.0262965668371074,36,0.0012612549486739,1.00403251981126,1.00385292970288,0.231084569718034,1.00521949398857,0.9548,0.7848,0.8736,0.0008758714921346,1219.16,13.3,16.4,33.6,10401.287428,0.1958273565,9.7,0.187,27.009254642,4.0,0.392,0.512104544,0.0025925796,-12.0,,,,-17.0,
2020-10-23,1417,"-89.5539,31.6323",28031,"Mississippi, Covington",0.115463917525773,5.94069909298255,0.0514506975017239,970,1.01123987075021,1.00741200542361,0.0268041237113402,26,0.0013790908608709,1.00561868495366,1.00385292970288,0.231084569718034,1.00521949398857,0.9376,0.4327,0.2579,0.001856468466557,1152.98,13.8,16.2,43.5,12149.27106,0.2017816802,9.9,0.168,61.330425399,4.0,0.375,0.3562297778,0.0020155943,,,,,-9.0,
2020-10-23,1418,"-89.9909,34.8763",28033,"Mississippi, DeSoto",0.131708020773226,5.01645595353872,0.0380877028148197,6932,1.01144993203454,1.00741200542361,0.0113964223889209,79,0.0004340635491013,1.00366992210678,1.00385292970288,0.231084569718034,1.00521949398857,0.307,0.7319,0.1414,0.0022307569738627,2121.36,8.0,12.3,309.8,8274.642424,0.1531717083,10.3,0.12,170.83090093,5.0,0.353,0.2870588623,0.0030164669,-16.0,-8.0,4.0,10.0,-25.0,6.0
2020-10-23,1419,"-89.2583,31.1896",28035,"Mississippi, Forrest",0.0854672430994347,3.42502265579189,0.0400740977664055,3007,1.00583481421932,1.00741200542361,0.0259394745593615,78,0.001039501039501,1.00184504355011,1.00385292970288,0.231084569718034,1.00521949398857,0.8627,0.6176,0.9599,0.006823391438776,1290.39,13.9,13.0,182.9,11467.759863,0.1872975982,10.2,0.108,163.86450797,5.0,0.313,0.3751665867,0.0036649075,-21.0,-8.0,,-7.0,-19.0,5.0
2020-10-23,1420,"-90.8967,31.4779",28037,"Mississippi, Franklin",0.1375,4.23728813559322,0.0308166409861325,240,1.01250777270301,1.00741200542361,0.0125,3,0.0003852080123266,1.0,1.00385292970288,0.231084569718034,1.00521949398857,0.728,0.4155,0.1592,0.0032100667693888,1414.1,9.5,18.7,12.3,11466.565563,0.1831493581,8.9,0.191,23.012663389,3.0,0.32,0.3450179764,0.0029532614,,,,,,
2020-10-23,1421,"-88.6444,30.8626",28039,"Mississippi, George",0.125638406537283,5.07216494845361,0.0403711340206186,979,1.00860631160088,1.00741200542361,0.0183861082737487,18,0.0007422680412371,1.01696850489722,1.00385292970288,0.231084569718034,1.00521949398857,0.8131,0.44,0.3298,0.0019793814432989,1465.89,17.9,14.3,43.5,10556.757168,0.1718206937,9.7,0.194,16.382311677,5.0,0.388,0.0781443299,0.0054020619,-9.0,,,,-17.0,
2020-10-23,1422,"-88.6392,31.2144",28041,"Mississippi, Greene",0.105708245243129,3.68025909023995,0.03481525099367,473,1.0094047519749,1.00741200542361,0.0380549682875264,18,0.0013248932724863,1.00819891621082,1.00385292970288,0.231084569718034,1.00521949398857,0.8793,0.3149,0.6867,0.0005152362726335,1213.83,15.9,13.0,13.2,10193.443983,0.1680045597,9.4,0.113,2.2381245759,3.0,0.365,0.2526865891,0.0036066539,,,,,-4.0,
2020-10-23,1423,"-89.8025,33.7704",28043,"Mississippi, Grenada",0.0641447368421053,3.70458323438613,0.0577535027309428,1216,1.00309241115725,1.00741200542361,0.03125,38,0.0018047969603419,1.0038170159038,1.00385292970288,0.231084569718034,1.00521949398857,0.8838,0.5103,0.6008,0.0074091664687722,1268.05,11.7,17.1,50.5,15062.228882,0.1980867908,9.5,0.159,131.70829119,5.0,0.415,0.4242697697,0.003039658,-11.0,-20.0,,,-9.0,
2020-10-23,1424,"-89.4885,30.4183",28045,"Mississippi, Hancock",0.1875,3.23234884015718,0.0172391938141716,816,1.01763791660526,1.00741200542361,0.0343137254901961,28,0.0005915409642117,1.00520889711624,1.00385292970288,0.231084569718034,1.00521949398857,0.6927,0.2967,0.3085,0.0021548992267714,1546.93,12.9,19.2,100.8,8530.8019007,0.1840440167,9.4,0.126,79.093622958,5.0,0.337,0.0794777538,0.0067393417,-10.0,-7.0,,,-16.0,3.0
2020-10-23,1425,"-89.1247,30.5136",28047,"Mississippi, Harrison",0.170013647884578,4.21969513670457,0.0248197435277038,5129,1.01567216950029,1.00741200542361,0.0161824917137844,83,0.0004016452939753,1.0052729925644,1.00385292970288,0.231084569718034,1.00521949398857,0.7764,0.7781,0.8637,0.0072054197919187,1570.27,15.2,14.0,367.4,9728.0519405,0.2167863045,9.8,0.113,168.30210919,5.0,0.339,0.2517348173,0.004843939,-6.0,-11.0,-1.0,1.0,-19.0,4.0
2020-10-23,1426,"-90.4444,32.2656",28049,"Mississippi, Hinds",0.0652394223460856,2.17221671552397,0.0332960752472742,7894,1.00507825797082,1.00741200542361,0.0224220927286547,177,0.0007465676866946,1.0057811173216,1.00385292970288,0.231084569718034,1.00521949398857,0.8182,0.7746,0.872,0.0102705780627201,1568.79,12.4,13.1,296.0,11071.904213,0.1885415961,10.7,0.138,299.7605046,5.0,0.372,0.7242929751,0.0010966531,-13.0,-12.0,,-22.0,-20.0,5.0
2020-10-23,1427,"-90.0892,33.1235",28051,"Mississippi, Holmes",0.0270979020979021,1.759164680513,0.0649188514357054,1144,1.00226819178389,1.00741200542361,0.0524475524475524,60,0.003404834865509,1.0,1.00385292970288,0.231084569718034,1.00521949398857,0.9981,0.5053,0.9729,0.001418681193962,732.63,16.1,14.1,23.2,14317.866117,0.2777525316,9.9,0.231,20.940312383,3.0,0.463,0.8195437521,0.0017591647,,,,,-22.0,
2020-10-23,1428,"-90.5225,33.1283",28053,"Mississippi, Humphreys",0.107476635514019,5.57103064066852,0.051834806830568,428,1.0126307244738,1.00741200542361,0.0373831775700935,16,0.0019377497880586,1.0,1.00385292970288,0.231084569718034,1.00521949398857,0.9984,0.5431,0.5046,,850.43,16.3,15.5,19.9,10771.405958,0.2566835241,9.9,0.14,67.634716017,3.0,0.463,0.7480925276,0.0021799685,,,,,-21.0,
2020-10-23,1429,"-90.9739,32.7253",28055,"Mississippi, Issaquena",0.0093457943925233,0.764525993883792,0.0818042813455657,107,1.0013422915465,1.00741200542361,0.0373831775700935,4,0.0030581039755351,1.04195362743721,1.00385292970288,0.231084569718034,1.00521949398857,0.9927,0.5594,0.9997,,929.76,11.7,16.1,2.6,8358.2392648,0.272238549,9.5,0.07,4.1277872993,,0.271,0.629969419,0.003058104,,,,,,
2020-10-23,1430,"-88.3607,34.2799",28057,"Mississippi, Itawamba",0.146167557932264,6.97367861546966,0.0477101671131522,1122,1.00828956120509,1.00741200542361,0.0222816399286988,25,0.0010630607645533,1.00584875104734,1.00385292970288,0.231084569718034,1.00521949398857,0.6882,0.1808,0.4562,,1284.07,10.2,17.1,38.4,9619.3341299,0.1905032208,10.2,0.149,11.329887659,5.0,0.337,0.0687162478,0.0033167496,,,,,-18.0,
2020-10-23,1431,"-88.6418,30.5402",28059,"Mississippi, Jackson",0.130135465245392,4.08997955010225,0.0314286312527482,4503,1.010241715738,1.00741200542361,0.0186542305129913,84,0.0005862769320965,1.01440033702014,1.00385292970288,0.231084569718034,1.00521949398857,0.6439,0.6654,0.1433,0.0039852872407992,1703.82,13.6,15.0,188.7,8941.5579177,0.1919337123,10.1,0.138,120.30132209,5.0,0.329,0.2111992853,0.0047739693,-10.0,-9.0,-4.0,5.0,-19.0,4.0
2020-10-23,1432,"-89.1179,32.0192",28061,"Mississippi, Jasper",0.0942562592047128,3.89578767957146,0.0413318724129535,679,1.0051540785031,1.00741200542361,0.0250368188512518,17,0.0010348186023861,1.00869827228079,1.00385292970288,0.231084569718034,1.00521949398857,0.8073,0.4534,0.3451,0.0009739469198928,1219.94,13.1,19.2,22.6,10981.973208,0.19368615,10.0,0.223,7.0106258553,3.0,0.454,0.5303140979,0.0025566107,,,,,-18.0,
2020-10-23,1433,"-91.0376,31.734",28063,"Mississippi, Jefferson",0.0981818181818182,3.79960596678863,0.0386996904024768,275,1.01028014607192,1.00741200542361,0.0363636363636364,10,0.0014072614691809,1.0,1.00385292970288,0.231084569718034,1.00521949398857,0.9717,0.6383,0.9962,0.0042217844075429,819.52,15.9,14.9,13.7,15171.480051,0.2653802863,8.9,0.16,13.027174182,3.0,0.537,0.8478750352,0.0023923445,,,,,,
2020-10-23,1434,"-89.8267,31.5688",28065,"Mississippi, Jefferson Davis",0.101234567901235,3.64963503649635,0.0360512729214883,405,1.0076353610534,1.00741200542361,0.0271604938271605,11,0.0009791703756453,1.0,1.00385292970288,0.231084569718034,1.00521949398857,0.9659,0.4798,0.5113,0.0031155421043261,922.57,14.2,21.1,26.4,15358.802817,0.2457765651,9.7,0.148,5.0399848145,3.0,0.404,0.5964037743,0.0028484956,,,,,-14.0,
2020-10-23,1435,"-89.169,31.6226",28067,"Mississippi, Jones",0.0882047734347976,3.7247483968975,0.0422284220212968,2891,1.0056604332353,1.00741200542361,0.0290556900726392,84,0.0012269759425074,1.00520889711624,1.00385292970288,0.231084569718034,1.00521949398857,0.7968,0.7237,0.766,0.0045281255021106,1328.11,11.4,16.1,100.7,10882.861562,0.188023588,10.1,0.179,150.29010786,5.0,0.397,0.2918303852,0.0070112911,-15.0,-8.0,,,-12.0,3.0
2020-10-23,1436,"-88.6411,32.7546",28069,"Mississippi, Kemper",0.0714285714285714,2.293806721851,0.032113294105914,322,1.00360054639802,1.00741200542361,0.046583850931677,15,0.001495960905555,1.0,1.00385292970288,0.231084569718034,1.00521949398857,0.9092,0.4858,0.9446,,872.78,11.9,18.7,13.8,12184.2408,0.2271281719,10.0,0.182,5.8630240736,3.0,0.386,0.6067617433,0.0352049466,,,,,,
2020-10-23,1437,"-89.4849,34.3569",28071,"Mississippi, Lafayette",0.0700765203383004,3.1755881225704,0.0453160075192087,2483,1.00516820586198,1.00741200542361,0.0173177607732582,43,0.0007847717774168,1.00336715580588,1.00385292970288,0.231084569718034,1.00521949398857,0.6634,0.5769,0.8214,0.0004197616483857,1711.64,8.6,11.6,85.1,7284.5930366,0.1759089099,9.9,0.125,91.571547617,5.0,0.321,0.2325662037,0.0034493457,-20.0,2.0,,,-22.0,7.0
2020-10-23,1438,"-89.5078,31.2057",28073,"Mississippi, Lamar",0.132917038358608,4.77204669559787,0.035902445273592,2242,1.01111953480838,1.00741200542361,0.0169491525423729,38,0.0006085160215863,1.0,1.00385292970288,0.231084569718034,1.00521949398857,0.5545,0.511,0.3919,0.0033788652777555,1877.38,13.2,12.7,105.8,7007.2132333,0.1688335727,9.7,0.125,120.3116283,5.0,0.339,0.2055342931,0.0031386616,2.0,-26.0,,,-19.0,4.0
2020-10-23,1439,"-88.6623,32.4042",28075,"Mississippi, Lauderdale",0.114895363151416,3.71762019198853,0.0323565728852716,2437,1.00798702721711,1.00741200542361,0.0549856380796061,134,0.0017791468061659,1.00544726778809,1.00385292970288,0.231084569718034,1.00521949398857,0.7653,0.6402,0.9688,0.0092674960500285,1687.64,10.8,16.3,113.8,10771.744263,0.1977614016,10.4,0.133,103.09871702,5.0,0.358,0.4379223814,0.0032794721,-11.0,-2.0,-20.0,7.0,-15.0,4.0
2020-10-23,1440,"-90.1084,31.5515",28077,"Mississippi, Lawrence",0.103515625,4.25531914893617,0.0411079887595343,512,1.00836449875992,1.00741200542361,0.02734375,14,0.0011240465676435,1.0,1.00385292970288,0.231084569718034,1.00521949398857,0.8608,0.4438,0.2926,0.0020072260136491,1276.27,12.1,17.2,27.7,12820.682678,0.1958383891,9.6,0.157,2.0677220201,4.0,0.339,0.318908069,0.0026495383,,,,,-20.0,
2020-10-23,1441,"-89.524,32.7537",28079,"Mississippi, Leake",0.130890052356021,6.58964108421561,0.0503448578834073,1146,1.00665589758577,1.00741200542361,0.0349040139616056,40,0.0017572376224575,1.00362337833333,1.00385292970288,0.231084569718034,1.00521949398857,0.9748,0.866,0.922,0.0010982735140359,1357.61,15.1,15.0,33.6,10555.978142,0.211860763,10.1,0.17,6.9027671726,4.0,0.404,0.4170803497,0.0660282037,,,,,-16.0,
2020-10-23,1442,"-88.6815,34.2919",28081,"Mississippi, Lee",0.117814456459875,4.85904086758527,0.0412431633060257,3514,1.0083195239844,1.00741200542361,0.0224815025611838,79,0.0009272082814957,1.0,1.00385292970288,0.231084569718034,1.00521949398857,0.664,0.6533,0.7663,0.0076289288983826,1858.63,11.4,14.2,220.2,9676.3883191,0.1849426515,10.5,0.133,81.050149208,5.0,0.309,0.2998873266,0.0027816248,-16.0,-9.0,,-2.0,-15.0,3.0
2020-10-23,1443,"-90.299,33.5555",28083,"Mississippi, Leflore",0.10313630880579,5.91306753345551,0.0573325495349078,1658,1.00782134780597,1.00741200542361,0.0524728588661037,87,0.0030084027801791,1.00502563202403,1.00385292970288,0.231084569718034,1.00521949398857,0.9799,0.8013,0.9376,0.0071925031985891,997.68,14.5,13.4,54.3,15319.964724,0.2392784495,10.2,0.149,117.81612402,4.0,0.371,0.7398941872,0.0045298938,-13.0,,,,-21.0,
2020-10-23,1444,"-90.4539,31.5329",28085,"Mississippi, Lincoln",0.14902807775378,6.05174682064026,0.0406080982312527,1389,1.00928318392563,1.00741200542361,0.041036717062635,57,0.0016664230375676,1.00775379492937,1.00385292970288,0.231084569718034,1.00521949398857,0.8054,0.3887,0.6033,0.0028943136968279,1378.63,14.3,16.3,57.2,10744.891682,0.2015685324,9.5,0.155,53.67768035,5.0,0.394,0.3005993276,0.0024265458,-18.0,-15.0,,,-19.0,2.0
2020-10-23,1445,"-88.4419,33.4739",28087,"Mississippi, Lowndes",0.0583286595625351,1.76480570167996,0.0302562362124555,1783,1.00573798805533,1.00741200542361,0.0347728547392036,62,0.0010520957067707,1.00232563164892,1.00385292970288,0.231084569718034,1.00521949398857,0.8019,0.6839,0.6562,0.0053453249618191,1516.67,12.0,15.0,122.5,9739.5108976,0.1732528012,10.6,0.181,52.127110766,5.0,0.367,0.4457661632,0.0029017478,-13.0,-11.0,,-11.0,-23.0,3.0
2020-10-23,1446,"-90.0351,32.6339",28089,"Mississippi, Madison",0.0915529905561385,3.30398561014863,0.0360882325097037,3812,1.00729096112229,1.00741200542361,0.0243966421825813,93,0.000880431695541,1.00154560981181,1.00385292970288,0.231084569718034,1.00521949398857,0.1723,0.7959,0.2693,0.0006342895010887,2430.84,6.9,12.5,152.7,6986.8445187,0.1472905596,10.7,0.078,102.82181582,5.0,0.364,0.3802612894,0.0036163969,-12.0,-21.0,-12.0,-2.0,-27.0,7.0
2020-10-23,1447,"-89.8209,31.2313",28091,"Mississippi, Marion",0.0539112050739958,2.06352417560186,0.0382763503944973,946,1.0046143569906,1.00741200542361,0.0443974630021142,42,0.0016993728504956,1.0,1.00385292970288,0.231084569718034,1.00521949398857,0.9331,0.5355,0.9179,0.0019826016589115,1206.29,15.3,17.3,46.9,12534.254206,0.1988424135,9.4,0.157,22.597047969,4.3,0.359,0.3153145863,0.0027109043,-10.0,-14.0,,,-28.0,
2020-10-23,1448,"-89.503,34.7622",28093,"Mississippi, Marshall",0.18271954674221,7.27765084200728,0.0398296239880398,1412,1.0182611821817,1.00741200542361,0.0205382436260623,29,0.0008180305210008,1.02142923558558,1.00385292970288,0.231084569718034,1.00521949398857,0.815,0.5791,0.5368,0.0011283179600011,1234.15,13.1,16.4,43.1,11739.701788,0.1856689728,10.0,0.167,38.075522306,4.0,0.437,0.470113678,0.0043158162,-10.0,,,,-19.0,4.0
2020-10-23,1449,"-88.4808,33.8924",28095,"Mississippi, Monroe",0.108710330857529,4.5270498256664,0.0416432347317512,1481,1.00704294727062,1.00741200542361,0.0486158001350439,72,0.0020245191766955,1.0,1.00385292970288,0.231084569718034,1.00521949398857,0.7761,0.4352,0.3524,0.0036553818468113,1214.89,10.2,18.6,43.7,9734.2248015,0.1846112091,10.5,0.157,30.838618387,5.0,0.363,0.30328422,0.0026712406,-10.0,-24.0,,,-11.0,2.0
2020-10-23,1450,"-89.6173,33.4942",28097,"Mississippi, Montgomery",0.0810313075506446,4.38990322258805,0.054175396587848,543,1.0056504369883,1.00741200542361,0.0423572744014733,23,0.0022947221390801,1.0,1.00385292970288,0.231084569718034,1.00521949398857,0.9309,0.5667,0.3508,0.0024942631946523,987.45,9.3,20.3,24.6,13696.661637,0.189710234,9.6,0.174,18.885150211,4.0,0.379,0.4464731118,0.0037912801,,,,15.0,-13.0,
2020-10-23,1451,"-89.1173,32.7534",28099,"Mississippi, Neshoba",0.0960912052117264,6.07725321888412,0.063244635193133,1842,1.00498388259567,1.00741200542361,0.0602605863192182,111,0.0038111587982832,1.00129366971538,1.00385292970288,0.231084569718034,1.00521949398857,0.9468,0.6479,0.8316,0.0023347639484978,1370.97,12.1,15.4,51.6,15510.567882,0.2221583779,10.4,0.142,50.440741169,5.0,0.428,0.2114678112,0.1719141631,-13.0,3.0,,,-12.0,
2020-10-23,1452,"-89.1184,32.4002",28101,"Mississippi, Newton",0.0595794392523364,2.37839854497971,0.0399197873431889,856,1.00355468170462,1.00741200542361,0.0315420560747664,27,0.0012591521708716,1.0,1.00385292970288,0.231084569718034,1.00521949398857,0.8497,0.5613,0.8383,0.0011658816396959,1255.5,11.3,15.9,33.1,10957.483721,0.1997028453,10.3,0.161,15.913447102,5.0,0.343,0.3076528471,0.0564286714,,,,,-20.0,
2020-10-23,1453,"-88.5695,33.1101",28103,"Mississippi, Noxubee",0.0335570469798658,1.8984337921215,0.0565733270052207,596,1.00120424590238,1.00741200542361,0.0285234899328859,17,0.0016136687233032,1.00869827228079,1.00385292970288,0.231084569718034,1.00521949398857,0.9857,0.5371,0.9685,0.0023730422401518,842.48,15.0,15.6,15.1,11550.620314,0.2183687476,10.1,0.143,26.196134466,3.0,0.423,0.7181775036,0.0031324158,,,,,-11.0,
2020-10-23,1454,"-88.8791,33.4249",28105,"Mississippi, Oktibbeha",0.0612549800796813,2.47988870743362,0.040484687191274,2008,1.00619809134064,1.00741200542361,0.0268924302788845,54,0.0010887316276537,1.0,1.00385292970288,0.231084569718034,1.00521949398857,0.8038,0.6192,0.886,0.0019355228936067,1293.86,9.4,10.7,113.8,9025.7525916,0.1905886659,10.3,0.093,118.74321418,5.0,0.336,0.3730720377,0.0023185951,-19.0,-23.0,,,-19.0,6.0
2020-10-23,1455,"-89.9506,34.364",28107,"Mississippi, Panola",0.0685984624482555,3.39399613786646,0.0494762712856223,1691,1.00614651573165,1.00741200542361,0.023063276167948,39,0.0011410849084206,1.01150029829051,1.00385292970288,0.231084569718034,1.00521949398857,0.9019,0.7937,0.5489,0.0032769617882848,1213.0,13.0,14.9,47.8,11921.099745,0.2139345893,10.0,0.146,42.523673571,4.3,0.338,0.4953478846,0.0029551173,-7.0,-14.0,,8.0,-13.0,1.0
2020-10-23,1456,"-89.5868,30.7709",28109,"Mississippi, Pearl River",0.130203720106289,2.65405239496633,0.0203838445844693,1129,1.01014239909866,1.00741200542361,0.0522586359610275,59,0.0010652319136259,1.01007964058662,1.00385292970288,0.231084569718034,1.00521949398857,0.7736,0.3703,0.5154,0.0015166013685521,1478.74,14.2,18.1,59.2,10772.819885,0.1874221811,9.3,0.159,42.030677954,5.0,0.382,0.1235127376,0.0068969253,-15.0,-13.0,,9.0,-18.0,4.0
2020-10-23,1457,"-88.9928,31.1716",28111,"Mississippi, Perry",0.0698151950718686,2.84971921884167,0.0408180370463498,487,1.00631679431777,1.00741200542361,0.0472279260780287,23,0.0019277512362752,1.00637045739233,1.00385292970288,0.231084569718034,1.00521949398857,0.8236,0.2846,0.4196,0.0018439359651328,1137.48,13.9,17.2,16.3,10008.076271,0.20469624,9.6,0.151,18.333762509,3.7,0.336,0.1910988182,0.0047774705,,,,,-12.0,
2020-10-23,1458,"-90.4039,31.1751",28113,"Mississippi, Pike",0.0716353111432706,2.5023380431211,0.0349316280362965,1382,1.00356486949429,1.00741200542361,0.040520984081042,56,0.0014154639435836,1.00257738798295,1.00385292970288,0.231084569718034,1.00521949398857,0.9325,0.8265,0.9659,0.0049793999443924,1038.65,13.8,16.3,101.1,12688.268318,0.2261089576,9.2,0.165,86.313621557,5.0,0.337,0.5309759118,0.0040441827,-10.0,-18.0,,9.0,-11.0,5.0
2020-10-23,1459,"-89.0364,34.226",28115,"Mississippi, Pontotoc",0.0670773442847365,3.07856626770961,0.045895768542079,1461,1.00478369537813,1.00741200542361,0.0130047912388775,19,0.0005968648886375,1.0,1.00385292970288,0.231084569718034,1.00521949398857,0.8914,0.7246,0.5123,0.000785348537681,1287.88,15.8,14.4,58.3,9293.8697327,0.1831342576,10.2,0.161,33.648087475,5.0,0.35,0.1468915905,0.0060628907,-10.0,-4.0,,,-13.0,3.0
2020-10-23,1460,"-88.5199,34.6181",28117,"Mississippi, Prentiss",0.119274809160305,4.93778392257555,0.0413983804068734,1048,1.00845787702305,1.00741200542361,0.0181297709923664,19,0.0007505431562314,1.0,1.00385292970288,0.231084569718034,1.00521949398857,0.9166,0.3629,0.8109,0.0045032589373889,1081.5,12.0,17.5,55.3,11773.150501,0.2114293583,10.1,0.19,32.813716073,5.0,0.323,0.1439067746,0.0027256567,-10.0,,,,-13.0,
2020-10-23,1461,"-90.2891,34.2516",28119,"Mississippi, Quitman",0.0334128878281623,1.98553396681322,0.0594241951496242,419,1.00415973269583,1.00741200542361,0.0143198090692124,6,0.0008509431286342,1.0,1.00385292970288,0.231084569718034,1.00521949398857,0.9994,0.5836,0.8013,,856.51,17.4,16.0,17.1,13903.172616,0.2600465327,10.0,0.152,22.44739482,3.0,0.42,0.7085519784,0.0031201248,,,,,-26.0,
2020-10-23,1462,"-89.9454,32.2647",28121,"Mississippi, Rankin",0.0937339496661531,2.37163909500851,0.0253018154409949,3894,1.00624297954362,1.00741200542361,0.022085259373395,86,0.0005587971566321,1.0,1.00385292970288,0.231084569718034,1.00521949398857,0.2057,0.5466,0.5823,0.0117282426479188,2033.15,9.3,14.3,175.4,7444.1589414,0.1559652716,10.6,0.126,128.64663066,5.0,0.354,0.2105885564,0.0021897051,-18.0,-15.0,,-11.0,-21.0,5.0
2020-10-23,1463,"-89.5379,32.4067",28123,"Mississippi, Scott",0.044835868694956,1.97970799307102,0.0441545586311733,1249,1.00418682625233,1.00741200542361,0.0232185748598879,29,0.0010252059249832,1.0,1.00385292970288,0.231084569718034,1.00521949398857,0.9443,0.9335,0.7711,0.0021211157068618,1135.87,17.1,14.6,49.4,12938.318508,0.2147214344,10.2,0.209,23.974417609,4.0,0.486,0.3728567893,0.0073532011,-11.0,-13.0,,-13.0,-17.0,
2020-10-23,1464,"-90.816,32.8815",28125,"Mississippi, Sharkey",0.0530035335689046,3.42700479780672,0.0646561571852867,283,1.00306603232825,1.00741200542361,0.049469964664311,14,0.0031985378112862,1.0,1.00385292970288,0.231084569718034,1.00521949398857,0.986,0.4982,0.9284,0.0066255426090929,945.74,17.8,17.4,10.8,17603.033827,0.2351651828,9.7,0.134,49.649207259,3.0,0.498,0.7027644505,0.0018277359,,,,,,
2020-10-23,1465,"-89.9172,31.9128",28127,"Mississippi, Simpson",0.0726072607260726,3.28873607892967,0.0452948650870768,1212,1.00492836219856,1.00741200542361,0.0404290429042904,49,0.0018312280439494,1.00294995503671,1.00385292970288,0.231084569718034,1.00521949398857,0.9411,0.4276,0.8437,0.0036998280887958,1220.67,14.1,16.6,40.3,10359.757874,0.2059020703,9.9,0.224,38.108477435,4.3,0.441,0.3487181404,0.0036250841,-10.0,-27.0,,5.0,-19.0,
2020-10-23,1466,"-89.5064,32.0174",28129,"Mississippi, Smith",0.0490693739424704,1.81227346581677,0.0369328833895763,591,1.00392855040431,1.00741200542361,0.027072758037225,16,0.000999875015623,1.0,1.00385292970288,0.231084569718034,1.00521949398857,0.6124,0.3868,0.1942,0.0018122734658167,1330.0,14.0,18.3,23.5,11048.337572,0.1823931174,10.1,0.121,6.5450449094,3.3,0.375,0.2363454568,0.00199975,,,,,-8.0,
2020-10-23,1467,"-89.1155,30.7919",28131,"Mississippi, Stone",0.114224137931034,2.83165037132019,0.0247902975904258,464,1.00860125967119,1.00741200542361,0.0301724137931034,14,0.0007479831169525,1.0,1.00385292970288,0.231084569718034,1.00521949398857,0.7191,0.3301,0.5985,0.0013356841374151,1441.65,12.3,15.4,36.0,10400.310231,0.1754279171,9.5,0.181,28.861858924,4.0,0.409,0.1967729871,0.0054495913,,,,,-12.0,
2020-10-23,1468,"-90.5888,33.6019",28133,"Mississippi, Sunflower",0.0540708514605345,3.38061006411502,0.0625218573926559,1609,1.0050734442453,1.00741200542361,0.0304536979490367,49,0.0019040217602486,1.0,1.00385292970288,0.231084569718034,1.00521949398857,0.9968,0.6743,0.9328,0.0054400621721391,1055.09,14.4,12.4,34.7,14359.819243,0.2450664815,10.3,0.195,58.015703087,3.7,0.504,0.7316883622,0.0032640373,,,,,-22.0,
2020-10-23,1469,"-90.1729,33.9534",28135,"Mississippi, Tallahatchie",0.055952380952381,3.36026310145135,0.0600557660684922,840,1.00432558252636,1.00741200542361,0.0297619047619048,25,0.0017873739901337,1.0,1.00385292970288,0.231084569718034,1.00521949398857,0.9975,0.8848,0.9548,0.0012869092728962,915.96,12.3,14.3,18.5,10688.893706,0.2229306955,10.0,0.16,41.332164406,3.0,0.441,0.5608779581,0.0041467077,,,,,-23.0,
2020-10-23,1470,"-89.9449,34.6513",28137,"Mississippi, Tate",0.0801724137931034,3.23377029799367,0.040335199415835,1160,1.00618468876178,1.00741200542361,0.0336206896551724,39,0.0013560972217392,1.0,1.00385292970288,0.231084569718034,1.00521949398857,0.8197,0.6921,0.8768,0.0026426509962098,1564.33,12.2,15.7,61.6,10470.567216,0.1769525208,10.0,0.14,55.841242271,5.0,0.368,0.3080774714,0.0028512813,-7.0,-15.0,,12.0,-22.0,4.0
2020-10-23,1471,"-88.9099,34.7687",28139,"Mississippi, Tippah",0.146231721034871,5.91043418958854,0.0404182768811093,889,1.01108109333336,1.00741200542361,0.0247469066366704,22,0.0010002273243919,1.01370885629547,1.00385292970288,0.231084569718034,1.00521949398857,0.9054,0.4906,0.6068,0.0011366219595362,1258.59,12.3,16.1,45.5,11756.571942,0.1927270167,9.9,0.341,47.373897987,5.0,0.4,0.1661741305,0.0043191634,,,,,-10.0,
2020-10-23,1472,"-88.2392,34.7402",28141,"Mississippi, Tishomingo",0.085,3.49542510537679,0.0411226482985504,800,1.00528870093669,1.00741200542361,0.05125,41,0.0021075357253007,1.00353374509136,1.00385292970288,0.231084569718034,1.00521949398857,0.9073,0.1184,0.4826,0.002467358897913,1214.03,13.7,20.0,40.6,12995.95687,0.1840760414,10.0,0.199,18.386114568,4.3,0.377,0.0246221857,0.0038552483,,,,,-20.0,
2020-10-23,1473,"-90.3748,34.6497",28143,"Mississippi, Tunica",0.0340264650283554,1.81013676588898,0.0531979082864039,529,1.00356084857939,1.00741200542361,0.0321361058601134,17,0.0017095736122284,1.0,1.00385292970288,0.231084569718034,1.00521949398857,0.9354,0.8803,0.9707,,1063.12,15.1,11.2,34.6,14290.951725,0.2247655974,9.9,0.107,98.2730265,3.7,0.403,0.7700120676,0.0028157683,,,,,-10.0,
2020-10-23,1474,"-89.0078,34.4916",28145,"Mississippi, Union",0.0902896081771721,3.70551632524645,0.0410403411871635,1174,1.0085602624734,1.00741200542361,0.0212947189097104,25,0.0008739425295392,1.0,1.00385292970288,0.231084569718034,1.00521949398857,0.8032,0.6374,0.5298,0.0053485282807802,1340.51,10.8,16.3,68.0,8424.2611594,0.1726868552,10.1,0.118,57.533485505,5.0,0.398,0.1503880305,0.0030063623,-8.0,,,11.0,-15.0,
2020-10-23,1475,"-90.1045,31.1497",28147,"Mississippi, Walthall",0.0407523510971787,1.79744210162461,0.044106463878327,638,1.00248762368712,1.00741200542361,0.0423197492163009,27,0.0018665744901486,1.0,1.00385292970288,0.231084569718034,1.00521949398857,0.8822,0.6068,0.4403,0.0017283097131005,1066.02,16.3,18.7,31.3,9173.2530999,0.2003374513,9.1,0.203,8.5934270505,3.0,0.366,0.4306947805,0.0047701348,,,,,-24.0,
2020-10-23,1476,"-90.8335,32.3581",28149,"Mississippi, Warren",0.0589760207388205,1.97072072072072,0.0334156271656272,1543,1.00539171570346,1.00741200542361,0.0356448476992871,55,0.0011910949410949,1.00262474414926,1.00385292970288,0.231084569718034,1.00521949398857,0.7481,0.6558,0.8354,0.007817914067914,1453.5,11.9,15.8,81.0,12175.461346,0.2043317141,9.8,0.184,112.98157158,5.0,0.358,0.4888903326,0.0034216909,-13.0,-22.0,-16.0,,-27.0,7.0
2020-10-23,1477,"-90.942,33.2839",28151,"Mississippi, Washington",0.0795631825273011,4.52699553957792,0.0568981204092049,2564,1.00494366385959,1.00741200542361,0.0386115444617785,99,0.0021969243059716,1.00590924231301,1.00385292970288,0.231084569718034,1.00521949398857,0.9755,0.7733,0.7883,0.0071899340922708,1189.53,15.7,14.8,65.2,14714.778032,0.2051553757,10.1,0.154,149.38226989,4.0,0.434,0.7189268358,0.0026629386,-17.0,11.0,,,-23.0,4.0
2020-10-23,1478,"-88.6957,31.6414",28153,"Mississippi, Wayne",0.0615079365079365,3.05448812690905,0.0496600650310375,1008,1.00624734049021,1.00741200542361,0.0208333333333333,21,0.0010345846881466,1.0,1.00385292970288,0.231084569718034,1.00521949398857,0.9083,0.5403,0.6336,0.0039412750024633,1129.18,9.2,16.4,23.6,9780.1697804,0.1918712562,9.7,0.154,11.721937234,4.0,0.424,0.3967878609,0.0032022859,,,,,-11.0,
2020-10-23,1479,"-89.2839,33.613",28155,"Mississippi, Webster",0.0405405405405405,1.53248876174908,0.0378013894564773,370,1.00392180941666,1.00741200542361,0.0351351351351351,13,0.0013281569268492,1.0,1.00385292970288,0.231084569718034,1.00521949398857,0.7752,0.3126,0.1108,0.0038823048630976,1302.73,10.5,17.5,20.7,9509.6329301,0.1912523818,9.8,0.124,27.581723885,4.0,0.334,0.190641602,0.0031671434,,,,,-26.0,
2020-10-23,1480,"-91.3102,31.1608",28157,"Mississippi, Wilkinson",0.0712166172106825,2.72975432211101,0.0383303002729754,337,1.0078725162256,1.00741200542361,0.0593471810089021,20,0.0022747952684258,1.00735452613864,1.00385292970288,0.231084569718034,1.00521949398857,0.9949,0.5339,0.8201,0.0028434940855323,987.26,13.3,16.5,12.2,15252.120783,0.2453197562,8.7,0.131,12.699425791,3.0,0.376,0.7025705187,0.0026160146,,,,,-28.0,
2020-10-23,1481,"-89.0339,33.0875",28159,"Mississippi, Winston",0.0684273709483793,3.13790255986788,0.0458574181117534,833,1.00471822445552,1.00741200542361,0.0252100840336134,21,0.0011560693641618,1.0,1.00385292970288,0.231084569718034,1.00521949398857,0.8605,0.7163,0.7861,,1174.09,13.1,19.2,28.2,11354.970073,0.2029697997,10.1,0.127,26.057610776,4.0,0.391,0.4661161574,0.0123314066,,,,,-7.0,
2020-10-23,1482,"-89.7076,34.0282",28161,"Mississippi, Yalobusha",0.123574144486692,5.2453195610071,0.0424467398321498,526,1.01346131500279,1.00741200542361,0.026615969581749,14,0.0011297611362169,1.0,1.00385292970288,0.231084569718034,1.00521949398857,0.6637,0.4037,0.7689,0.0020981278244028,1113.93,12.5,19.1,22.2,11657.118934,0.20193569,9.7,0.153,20.777934294,4.0,0.332,0.3841994835,0.0037120723,,,,,-20.0,
2020-10-23,1483,"-90.3966,32.7789",28163,"Mississippi, Yazoo",0.103533278553821,4.46049277824979,0.0430826961200793,1217,1.00938094950404,1.00741200542361,0.0271158586688578,33,0.0011682242990654,1.0,1.00385292970288,0.231084569718034,1.00521949398857,0.9809,0.9351,0.9405,0.0008850184083828,1038.13,12.8,13.0,24.6,12434.329933,0.2450964546,9.9,0.178,56.195404664,3.7,0.412,0.5665533843,0.0050269046,-11.0,,,,-21.0,
2020-10-23,1484,"-92.6008,40.1906",29001,"Missouri, Adair",0.217038539553753,4.22273965034137,0.0194561742768065,493,1.01770736761979,1.01278796017716,0.0,0,0.0,,1.00789669820163,0.374963518852347,1.01083129729479,0.7255,0.5836,0.6148,0.0036702316587079,1441.66,7.9,14.2,47.7,8412.0721659,0.2052884319,9.5,0.084,45.798686547,4.0,0.279,0.0284936264,0.0032755831,-7.0,,,,2.0,6.0
2020-10-23,1485,"-94.8016,39.9849",29003,"Missouri, Andrew",0.25,5.96353722951099,0.023854148918044,420,1.0202534237561,1.01278796017716,0.0095238095238095,4,0.000227182370648,1.04195362743721,1.00789669820163,0.374963518852347,1.01083129729479,0.1481,0.0404,0.0423,,1777.44,5.7,18.1,27.8,6467.8532391,0.1823372316,9.9,0.121,22.27323476,3.3,0.319,0.0103367979,0.0039188959,,,,,-3.0,
2020-10-23,1486,"-95.4297,40.4324",29005,"Missouri, Atchison",0.146666666666667,2.12724811448463,0.0145039644169406,75,1.00990485606307,1.01278796017716,0.0133333333333333,1,0.0001933861922258,1.0,1.00789669820163,0.374963518852347,1.01083129729479,0.1949,0.0293,0.0742,0.0034809514600657,1551.35,9.5,25.0,9.1,7886.29844,0.1792470635,9.2,0.226,40.829695625,3.0,0.39,0.0044478824,0.00406111,,,,,,
2020-10-23,1487,"-91.8424,39.2159",29007,"Missouri, Audrain",0.160714285714286,3.53315274997056,0.0219840615553724,560,1.01175859771904,1.01278796017716,0.0125,7,0.0002748007694421,1.04924143725562,1.00789669820163,0.374963518852347,1.01083129729479,0.7322,0.4438,0.4737,0.0034546382444156,1420.48,10.8,17.1,34.5,8793.1108464,0.206655446,10.0,0.157,54.8493039,4.0,0.351,0.0685824206,0.0056923017,-1.0,-13.0,,,-5.0,2.0
2020-10-23,1488,"-93.8292,36.7098",29009,"Missouri, Barry",0.280104712041885,5.9633283174497,0.0212896394136989,764,1.02746737347411,1.01278796017716,0.0104712041884817,8,0.0002229281613999,1.0,1.00789669820163,0.374963518852347,1.01083129729479,0.7395,0.6886,0.3384,0.0011982388675249,1389.25,14.3,19.9,49.4,9525.4476995,0.2151443394,9.8,0.128,30.850280264,4.0,0.381,0.0045421613,0.0132363596,10.0,22.0,,,-18.0,3.0
2020-10-23,1489,"-94.3476,37.5021",29011,"Missouri, Barton",0.322033898305085,11.2730971351076,0.0350059332090185,413,1.01780671650913,1.01278796017716,0.0072639225181598,3,0.0002542803865061,1.05963402266705,1.00789669820163,0.374963518852347,1.01083129729479,0.6525,0.1315,0.4604,0.0021190032208849,1365.04,11.0,19.9,18.6,7562.6479373,0.203953208,9.3,0.151,39.22712289,4.0,0.259,0.0063570097,0.0145787422,,,,,-10.0,
2020-10-23,1490,"-94.3411,38.2527",29013,"Missouri, Bates",0.282051282051282,4.04411764705882,0.0143382352941176,234,1.0135233312237,1.01278796017716,0.0213675213675214,5,0.0003063725490196,1.07570373984278,1.00789669820163,0.374963518852347,1.01083129729479,0.4013,0.0837,0.404,0.0036764705882352,1345.87,9.3,19.1,16.5,9028.3597477,0.199353647,9.4,0.114,18.661804735,4.0,0.365,0.0112745098,0.0082107843,,,,,-5.0,
2020-10-23,1491,"-93.2876,38.295",29015,"Missouri, Benton",0.147991543340381,3.63108206245461,0.0245357402220147,473,1.0133725227511,1.01278796017716,0.0105708245243129,5,0.000259363004461,1.0,1.00789669820163,0.374963518852347,1.01083129729479,0.7691,0.107,0.5113,,1215.0,11.8,29.6,23.6,10032.441123,0.1950043529,9.4,0.117,30.864183823,3.0,0.335,0.0051353875,0.0079365079,,,,,-8.0,
2020-10-23,1492,"-90.0273,37.3245",29017,"Missouri, Bollinger",0.184615384615385,6.90278576711316,0.0373900895718629,455,1.0121902724926,1.01278796017716,0.0043956043956044,2,0.0001643520420741,,1.00789669820163,0.374963518852347,1.01083129729479,0.7245,0.0665,0.3534,,1250.47,11.6,19.1,15.0,9664.4169524,0.2067041982,10.5,0.235,20.363594864,3.0,0.324,0.0055057934,0.007971074,,,,,-27.0,
2020-10-23,1493,"-92.3072,38.9919",29019,"Missouri, Boone",0.160680529300567,5.19430015832894,0.0323268798088942,5819,1.00916500131755,1.01278796017716,0.0024059116686715,14,7.77756173439627e-05,,1.00789669820163,0.374963518852347,1.01083129729479,0.3102,0.6313,0.7144,0.0060553873503513,1946.9,7.0,11.4,271.9,5844.9349766,0.1852099917,10.1,0.073,210.37491245,5.0,0.26,0.0951362462,0.0043943224,-12.0,1.0,1.0,-14.0,-18.0,10.0
2020-10-23,1494,"-94.8014,39.6582",29021,"Missouri, Buchanan",0.182295311406578,5.88228652719287,0.0322678980704745,2858,1.01283024807834,1.01278796017716,0.013296011196641,38,0.0004290343340371,1.0038170159038,1.00789669820163,0.374963518852347,1.01083129729479,0.549,0.6078,0.8571,0.0039742127784489,1598.83,10.3,15.5,232.7,8761.5516006,0.2182687669,10.2,0.12,176.94921383,5.0,0.383,0.0566664032,0.0073500356,-1.0,3.0,,1.0,-15.0,0.0
2020-10-23,1495,"-90.4042,36.7146",29023,"Missouri, Butler",0.302893309222423,7.85665705105654,0.0259386946222941,1106,1.02745309497477,1.01278796017716,0.0072332730560578,8,0.0001876216609207,,1.00789669820163,0.374963518852347,1.01083129729479,0.8965,0.2041,0.5998,0.0033302844813433,1387.99,11.9,18.1,66.4,10607.867806,0.2240430501,10.8,0.157,59.839297788,5.0,0.375,0.0544571871,0.0073641502,4.0,-1.0,,19.0,-16.0,3.0
2020-10-23,1496,"-93.9831,39.6562",29025,"Missouri, Caldwell",0.23780487804878,4.28194993412385,0.018006148440931,164,1.0187526821158,1.01278796017716,0.0060975609756097,1,0.0001097935880544,1.0,1.00789669820163,0.374963518852347,1.01083129729479,0.3685,0.1999,0.6855,,1398.7,9.4,19.4,17.1,8043.6673341,0.2047410507,9.3,0.195,19.828477131,3.0,0.327,0.0061484409,0.0072463768,,,,,-5.0,
2020-10-23,1497,"-91.9219,38.8367",29027,"Missouri, Callaway",0.299547511312217,7.37374412439573,0.0246162757022879,1105,1.02182601009755,1.01278796017716,0.004524886877828,5,0.0001113858629062,1.03239118471,1.00789669820163,0.374963518852347,1.01083129729479,0.3981,0.2697,0.483,0.0008242553855064,1593.84,9.1,15.5,47.0,7314.1792083,0.1817104277,10.0,0.169,68.98106046,4.0,0.372,0.0437078126,0.0057029562,10.0,0.0,,-23.0,-6.0,6.0
2020-10-23,1498,"-92.7608,38.022",29029,"Missouri, Camden",0.215273206056616,7.13740041471134,0.0331550802139037,1519,1.01317609582953,1.01278796017716,0.0184331797235023,28,0.00061115355233,1.04195362743721,1.00789669820163,0.374963518852347,1.01083129729479,0.5373,0.2089,0.2945,0.0025319218596529,1803.93,13.1,27.1,63.3,8301.1232767,0.1765021983,9.8,0.118,55.121925992,5.0,0.233,0.0067881698,0.0066135545,34.0,,,,2.0,5.0
2020-10-23,1499,"-89.6844,37.3849",29031,"Missouri, Cape Girardeau",0.196567862714509,6.39975619976382,0.0325574898734017,2564,1.012159514933,1.01278796017716,0.0179407176287051,46,0.0005841047325181,1.06296633673656,1.00789669820163,0.374963518852347,1.01083129729479,0.4634,0.3922,0.7275,0.0072505174406054,1626.32,7.9,16.0,146.6,7873.2051186,0.1828698703,11.3,0.133,79.03736823,5.0,0.319,0.07614948,0.0036697015,-9.0,-1.0,,,-15.0,3.0
2020-10-23,1500,"-93.5063,39.4276",29033,"Missouri, Carroll",0.19774011299435,4.00320256204964,0.0202447672423653,177,1.01273084121353,1.01278796017716,0.0169491525423729,3,0.0003431316481756,1.05963402266705,1.00789669820163,0.374963518852347,1.01083129729479,0.7041,0.1503,0.3687,0.002859430401464,1589.32,11.5,20.8,11.4,8735.7784143,0.1985726415,9.3,0.205,6.9244876424,3.0,0.376,0.0170422052,0.0029738076,,,,,-9.0,
2020-10-23,1501,"-90.9605,36.9416",29035,"Missouri, Carter",0.325301204819277,8.9197224975223,0.0274198876775686,166,1.02153476240691,1.01278796017716,0.0180722891566265,3,0.0004955401387512,1.0,1.00789669820163,0.374963518852347,1.01083129729479,0.7949,0.0519,0.468,,1382.46,16.0,19.4,11.7,12845.395792,0.2082280052,9.7,0.098,18.525205467,3.0,0.278,0.0029732408,0.0125536835,,,,,,
2020-10-23,1502,"-94.3534,38.6479",29037,"Missouri, Cass",0.1733604473818,3.24904243763935,0.0187415439144768,1967,1.01163505067117,1.01278796017716,0.0142348754448399,28,0.0002667835432665,1.0,1.00789669820163,0.374963518852347,1.01083129729479,0.1459,0.3989,0.0684,0.0010099662709377,2198.75,7.3,16.1,121.6,6768.4165918,0.1685906274,9.9,0.108,48.267937859,5.0,0.366,0.0412085295,0.0070983478,9.0,-4.0,,32.0,-13.0,6.0
2020-10-23,1503,"-93.8545,37.7239",29039,"Missouri, Cedar",0.267281105990783,4.09459936463113,0.015319449346982,217,1.01317609582953,1.01278796017716,0.0092165898617511,2,0.000141193081539,,1.00789669820163,0.374963518852347,1.01083129729479,0.8271,0.0417,0.2018,0.0017649135192375,1119.28,15.7,23.1,26.8,8987.6663122,0.2251925033,9.1,0.077,58.080002735,4.0,0.338,0.003388634,0.0088245676,,,,,-3.0,
2020-10-23,1504,"-92.9629,39.515",29041,"Missouri, Chariton",0.0701754385964912,0.536840692524493,0.007649979868474,57,1.00775379492937,1.01278796017716,0.0,0,0.0,,1.00789669820163,0.374963518852347,1.01083129729479,0.3312,0.0337,0.1767,,1300.64,7.8,23.3,8.5,7323.6810891,0.1942922965,9.4,0.144,16.148647078,3.0,0.294,0.0237552006,0.0042947255,,,,,,
2020-10-23,1505,"-93.1854,36.9712",29043,"Missouri, Christian",0.19560238204306,4.90900520791419,0.0250968580067369,2183,1.01462764073791,1.01278796017716,0.005038937242327,11,0.0001264614924755,1.0465440871019,1.00789669820163,0.374963518852347,1.01083129729479,0.2468,0.2359,0.1248,,1966.14,8.3,15.0,117.6,6093.6038022,0.1851559859,9.9,0.118,65.42954493,5.0,0.314,0.007645172,0.0076566685,9.0,6.0,,,-19.0,4.0
2020-10-23,1506,"-91.7366,40.4104",29045,"Missouri, Clark",0.240384615384615,3.65390236772873,0.0152002338497515,104,1.01301453385766,1.01278796017716,0.0,0,0.0,,1.00789669820163,0.374963518852347,1.01083129729479,0.3787,0.2518,0.2986,,1473.52,14.1,20.4,10.8,7161.0974581,0.201257492,10.1,0.147,25.834299436,3.0,0.296,0.0040923707,0.0024846536,,,,,-5.0,
2020-10-23,1507,"-94.4185,39.3113",29047,"Missouri, Clay",0.223764801959984,2.22434193168673,0.0099405353844904,2449,1.01477773571192,1.01278796017716,0.0187831768068599,46,0.0001867148336817,,1.00789669820163,0.374963518852347,1.01083129729479,0.0732,0.5826,0.1442,0.0034339293324944,2334.59,7.5,13.5,550.7,6009.9391959,0.1589509277,10.0,0.103,310.84400565,5.0,0.333,0.066523248,0.0064700749,-2.0,-6.0,57.0,-5.0,-23.0,8.0
2020-10-23,1508,"-94.4047,39.6013",29049,"Missouri, Clinton",0.367170626349892,8.30483634587201,0.0226184660478749,463,1.02670517642016,1.01278796017716,0.0302375809935205,14,0.0006839276990718,1.15845646818597,1.00789669820163,0.374963518852347,1.01083129729479,0.2764,0.1433,0.0786,0.0028334147532975,1760.88,7.2,17.4,39.2,7329.8307301,0.1846007774,9.7,0.139,50.653577644,4.0,0.332,0.0129457743,0.0070835369,,,,,-15.0,0.0
2020-10-23,1509,"-92.2786,38.5046",29051,"Missouri, Cole",0.305878084179971,10.9771342257409,0.0358872857961352,2756,1.02888074426179,1.01278796017716,0.0065312046444121,18,0.000234387207667,1.0,1.00789669820163,0.374963518852347,1.01083129729479,0.2,0.3789,0.5145,0.0034897650919318,1895.8,8.2,15.4,224.4,6853.6046595,0.181544757,10.0,0.107,178.91734669,5.0,0.356,0.1215037242,0.0039064535,-10.0,-8.0,,,-14.0,9.0
2020-10-23,1510,"-92.809,38.8445",29053,"Missouri, Cooper",0.170608108108108,5.73765835368971,0.0336306311424189,592,1.02095686155617,1.01278796017716,0.0033783783783783,2,0.0001136169971027,1.0,1.00789669820163,0.374963518852347,1.01083129729479,0.4576,0.2187,0.4852,0.0039765948985968,1536.52,9.9,17.0,26.6,7481.500753,0.1934786561,9.7,0.066,20.169431587,4.0,0.341,0.0698744532,0.0060217008,,,,17.0,-2.0,
2020-10-23,1511,"-91.3053,37.9766",29055,"Missouri, Crawford",0.252951096121417,6.2612180156113,0.0247526818883834,593,1.02148830562342,1.01278796017716,0.0118043844856661,7,0.0002921901740618,1.02226578920968,1.00789669820163,0.374963518852347,1.01083129729479,0.9245,0.1741,0.4276,0.0014609508703093,1278.73,16.5,18.7,29.4,10309.505595,0.2291994905,9.8,0.166,90.810322447,3.7,0.403,0.0052594231,0.0069708227,,,,,-2.0,5.0
2020-10-23,1512,"-93.8503,37.4318",29057,"Missouri, Dade",0.32824427480916,5.6810675122209,0.0173074382349055,131,1.03932899240946,1.01278796017716,0.0,0,0.0,,1.00789669820163,0.374963518852347,1.01083129729479,0.8513,0.1859,0.4327,,1258.41,13.6,22.7,13.9,9151.9532424,0.2131746644,9.2,0.158,20.938752894,3.0,0.341,0.0046241247,0.0097767208,,,,,-1.0,
2020-10-23,1513,"-93.0213,37.6811",29059,"Missouri, Dallas",0.299093655589124,5.90621644195203,0.019747046891779,331,1.03283752796829,1.01278796017716,0.0030211480362537,1,5.96587519389094e-05,1.0,1.00789669820163,0.374963518852347,1.01083129729479,0.6701,0.2305,0.5444,,1157.66,15.7,19.9,24.8,10346.656621,0.2041006191,9.4,0.133,28.156247162,3.7,0.329,0.0032215726,0.0093067653,,,,,-9.0,
2020-10-23,1514,"-93.9852,39.9615",29061,"Missouri, Daviess",0.246445497630332,6.25526284133285,0.0253819319138698,211,1.01207228516663,1.01278796017716,0.018957345971564,4,0.0004811740647179,1.10408951367381,1.00789669820163,0.374963518852347,1.01083129729479,0.4637,0.2241,0.6533,,1486.03,16.7,20.0,12.6,5600.6663022,0.2037434984,9.4,0.073,12.292749918,3.0,0.454,0.0062552628,0.0048117406,,,,,-1.0,
2020-10-23,1515,"-94.4048,39.892",29063,"Missouri, DeKalb",0.361623616236162,7.75930324623911,0.0214568487727633,271,1.03569849970365,1.01278796017716,0.007380073800738,2,0.0001583531274742,1.0,1.00789669820163,0.374963518852347,1.01083129729479,0.507,0.2677,0.8558,,1431.92,7.4,16.5,22.5,8235.0128402,0.2037000034,9.6,0.129,50.385251277,4.0,0.369,0.1155977831,0.0054631829,,,,,5.0,
2020-10-23,1516,"-91.5079,37.6066",29065,"Missouri, Dent",0.343096234309623,5.31053688232627,0.0154782721326339,239,1.01389076363849,1.01278796017716,0.0125523012552301,3,0.0001942879347192,1.05963402266705,1.00789669820163,0.374963518852347,1.01083129729479,0.8188,0.0471,0.4123,0.0035619454698529,1255.64,14.6,21.2,19.0,8963.3807404,0.2208857298,9.4,0.137,56.06792581,3.7,0.222,0.0056991128,0.0113334629,,,,,-1.0,
2020-10-23,1517,"-92.4991,36.9326",29067,"Missouri, Douglas",0.148014440433213,3.06587900994541,0.0207133777013385,277,1.01132653082483,1.01278796017716,0.0324909747292419,9,0.0006729978314514,1.16993081275869,1.00789669820163,0.374963518852347,1.01083129729479,0.8564,0.1547,0.2047,,1127.51,15.5,23.3,14.6,9797.3400553,0.2218645698,9.5,0.184,27.686134881,3.7,0.306,0.0038884319,0.0085246392,,,,,6.0,
2020-10-23,1518,"-90.0912,36.2717",29069,"Missouri, Dunklin",0.148459383753501,5.40393569656391,0.0364000951636475,1071,1.01912313783247,1.01278796017716,0.0112044817927171,12,0.0004078442035142,1.01250777270301,1.00789669820163,0.374963518852347,1.01083129729479,0.9506,0.6816,0.6316,,1109.9,15.6,17.9,54.0,11932.032022,0.2576735325,11.3,0.182,58.542078336,4.3,0.411,0.1017571288,0.0048261564,1.0,-20.0,,,-21.0,3.0
2020-10-23,1519,"-91.0752,38.4113",29071,"Missouri, Franklin",0.188717532467532,4.48538632198322,0.0237677245104659,2464,1.0161896560263,1.01278796017716,0.0174512987012987,43,0.0004147776598823,1.02984410489444,1.00789669820163,0.374963518852347,1.01083129729479,0.3054,0.1016,0.17,0.0014276068293624,1864.12,8.0,16.5,105.5,9128.7508606,0.1865849698,10.7,0.14,120.38656553,5.0,0.333,0.0095109482,0.0040513167,3.0,11.0,,11.0,-5.0,6.0
2020-10-23,1520,"-91.5085,38.4395",29073,"Missouri, Gasconade",0.274261603375527,4.42026521591295,0.0161169670180211,237,1.02309003306895,1.01278796017716,0.10126582278481,24,0.0016320979258755,1.0,1.00789669820163,0.374963518852347,1.01083129729479,0.2659,0.0764,0.0443,0.0016320979258755,1520.83,6.8,21.8,28.2,8831.5853371,0.1845202507,9.9,0.112,59.15062392,3.0,0.311,0.0053043183,0.0032641959,,,,,-3.0,
2020-10-23,1521,"-94.4094,40.211",29075,"Missouri, Gentry",0.169491525423729,4.52625226312613,0.0267048883524442,177,1.01007964058662,1.01278796017716,0.0564971751412429,10,0.0015087507543753,1.0,1.00789669820163,0.374963518852347,1.01083129729479,0.55,0.114,0.4635,0.0052806276403138,1363.32,10.6,19.7,12.7,7715.3845515,0.1899351958,9.3,0.166,28.035545778,3.0,0.291,0.0057332529,0.0042245021,,,,,,
2020-10-23,1522,"-93.3423,37.2576",29077,"Missouri, Greene",0.16314757124726,4.84374304182952,0.029689335886518,8667,1.01103709832029,1.01278796017716,0.0136148609668859,118,0.0004042161802941,1.0239266772264,1.00789669820163,0.374963518852347,1.01083129729479,0.4252,0.4062,0.8087,0.003569434405648,1641.24,10.7,15.8,495.1,8399.319154,0.195064008,10.1,0.112,299.92097702,5.0,0.328,0.032762064,0.0077451931,0.0,-1.0,1.0,-4.0,-22.0,6.0
2020-10-23,1523,"-93.5651,40.1141",29079,"Missouri, Grundy",0.12156862745098,3.12689126487795,0.0257212023401251,255,1.01484978368978,1.01278796017716,0.0352941176470588,9,0.0009078071414161,1.01696850489722,1.00789669820163,0.374963518852347,1.01083129729479,0.5118,0.4317,0.6759,0.0025216865039338,1390.22,17.8,21.1,23.3,10611.798914,0.1985745345,9.3,0.11,66.16549369,3.3,0.338,0.0095824087,0.0051442405,,,,,4.0,
2020-10-23,1524,"-93.9922,40.3557",29081,"Missouri, Harrison",0.208791208791209,4.51628238649869,0.021630615640599,182,1.02133306184208,1.01278796017716,0.0054945054945054,1,0.0001188495364868,1.0,1.00789669820163,0.374963518852347,1.01083129729479,0.6551,0.3935,0.4002,0.0022581411932493,1304.47,12.4,21.9,11.6,8131.2748447,0.20914508,9.2,0.109,23.554630002,3.7,0.317,0.0057047778,0.0061801759,,,,,-5.0,
2020-10-23,1525,"-93.7929,38.3848",29083,"Missouri, Henry",0.264462809917355,4.40528634361234,0.0166574889867841,363,1.01863023587289,1.01278796017716,0.0165289256198347,6,0.0002753303964757,1.02638809625704,1.00789669820163,0.374963518852347,1.01083129729479,0.6869,0.1923,0.539,0.0025697503671072,1447.37,11.5,20.9,29.3,9205.15268,0.2060382,9.3,0.109,74.256646063,4.0,0.313,0.0125734214,0.0073421439,29.0,-3.0,,,-9.0,5.0
2020-10-23,1526,"-93.3203,37.9416",29085,"Missouri, Hickory",0.281914893617021,5.57366705226627,0.0197707435061521,188,1.01619807244234,1.01278796017716,0.0159574468085106,3,0.0003154905878641,1.0,1.00789669820163,0.374963518852347,1.01083129729479,0.7745,0.3502,0.1235,,1197.11,15.5,33.5,20.9,11468.565177,0.2041709364,9.2,0.105,11.106696046,3.0,0.326,0.0059943212,0.0112524976,,,,,6.0,
2020-10-23,1527,"-95.2164,40.098",29087,"Missouri, Holt",0.221238938053097,5.67665758401453,0.0256584922797457,113,1.02356473760495,1.01278796017716,0.0088495575221238,1,0.0002270663033605,1.0,1.00789669820163,0.374963518852347,1.01083129729479,0.3363,0.0162,0.256,,1324.07,8.5,23.9,9.2,7843.6000376,0.1865092463,9.6,0.152,23.225137953,3.0,0.293,0.0031789282,0.0115803815,,,,,,
2020-10-23,1528,"-92.6976,39.1436",29089,"Missouri, Howard",0.179916317991632,4.2418861596133,0.0235769951662227,239,1.01590915810434,1.01278796017716,0.00836820083682,2,0.0001972970306796,1.0,1.00789669820163,0.374963518852347,1.01083129729479,0.4968,0.262,0.4101,,1661.24,7.8,18.0,17.0,8747.7765345,0.1962865553,9.5,0.071,58.823881265,3.0,0.337,0.0489296636,0.0076945842,,,,,-6.0,
2020-10-23,1529,"-91.8868,36.7738",29091,"Missouri, Howell",0.246537396121884,6.662341551053,0.0270236550553947,1083,1.01752306898884,1.01278796017716,0.0064635272391505,7,0.0001746681305519,1.08322761045516,1.00789669820163,0.374963518852347,1.01083129729479,0.6911,0.1223,0.6909,0.0034684100209601,1286.56,13.8,19.2,45.7,9109.0755042,0.2189545888,9.9,0.177,36.593995183,4.0,0.37,0.0051402336,0.0076354926,-1.0,-7.0,,-55.0,-11.0,5.0
2020-10-23,1530,"-90.7735,37.5549",29093,"Missouri, Iron",0.291666666666667,2.7513019553896,0.0094330352756215,96,1.02277387409987,1.01278796017716,0.0,0,0.0,,1.00789669820163,0.374963518852347,1.01083129729479,0.8777,0.0519,0.7861,0.0014739117618158,1151.39,11.3,21.3,20.8,11315.782593,0.2200096996,9.8,0.138,39.39101947,3.0,0.259,0.0146408568,0.0074678196,,,,,-2.0,
2020-10-23,1531,"-94.3472,39.01",29095,"Missouri, Jackson",0.129170013952898,4.3623725023454,0.0337723312775683,23651,1.009880458248,1.01278796017716,0.0127690161092554,302,0.0004312394421303,1.00433141190166,1.00789669820163,0.374963518852347,1.01083129729479,0.358,0.8201,0.5479,0.0052105719348799,1871.19,11.2,14.3,1260.1,8820.9210175,0.2005158693,10.4,0.111,370.21992047,5.0,0.321,0.2326608188,0.0060187889,-12.0,-9.0,-3.0,-25.0,-22.0,7.0
2020-10-23,1532,"-94.3405,37.2035",29097,"Missouri, Jasper",0.118337311058075,4.93219271195995,0.0416791007659405,5028,1.01219433179632,1.01278796017716,0.0135242641209228,68,0.0005636791670811,1.01564016705815,1.00789669820163,0.374963518852347,1.01083129729479,0.6197,0.6281,0.5813,0.0002072349878974,1482.32,13.1,14.8,204.2,8947.6160627,0.191765551,10.0,0.112,110.44271057,5.0,0.388,0.0204333698,0.0183775987,5.0,-10.0,9.0,38.0,-22.0,4.0
2020-10-23,1533,"-90.5387,38.2593",29099,"Missouri, Jefferson",0.12497643732328,2.95524343984988,0.0236464048995529,5305,1.00884095876981,1.01278796017716,0.0148916116870877,79,0.0003521330795597,1.01536948198898,1.00789669820163,0.374963518852347,1.01083129729479,0.3459,0.2069,0.1547,0.0011188025692342,2036.0,8.1,14.1,256.1,9149.42363,0.188276909,11.3,0.129,187.65691603,5.0,0.327,0.0111300797,0.003476757,-5.0,-4.0,,,-10.0,6.0
2020-10-23,1534,"-93.8069,38.7472",29101,"Missouri, Johnson",0.26890756302521,7.15723551778126,0.026615969581749,1428,1.00966693616495,1.01278796017716,0.0070028011204481,10,0.0001863863416088,,1.00789669820163,0.374963518852347,1.01083129729479,0.4522,0.3206,0.8036,0.0013978975620666,1605.8,9.2,12.0,63.1,6379.0234396,0.2000215289,9.4,0.106,35.160531476,5.0,0.336,0.0471184672,0.0063930515,0.0,1.0,,,-10.0,5.0
2020-10-23,1535,"-92.1478,40.127",29103,"Missouri, Knox",0.0983606557377049,1.52014187990879,0.0154547757790727,61,1.00723042184058,1.01278796017716,0.0163934426229508,1,0.0002533569799847,1.0,1.00789669820163,0.374963518852347,1.01083129729479,0.7363,0.0153,0.2235,,1269.71,20.8,21.3,7.5,9394.7661143,0.1938140611,9.5,0.177,29.083072654,3.0,0.351,0.0053204966,0.0043070687,,,,,,
2020-10-23,1536,"-92.5888,37.659",29105,"Missouri, Laclede",0.24955595026643,7.8682832581973,0.0315291350488618,1126,1.01550926653941,1.01278796017716,0.0186500888099467,21,0.000588021168762,1.04924143725562,1.00789669820163,0.374963518852347,1.01083129729479,0.7478,0.1127,0.6256,0.0016240584661047,1352.84,10.8,17.3,46.6,10052.016084,0.2187336575,9.5,0.152,64.127412198,5.0,0.313,0.0086803125,0.0075882732,1.0,-1.0,,,-15.0,6.0
2020-10-23,1537,"-93.7808,39.0699",29107,"Missouri, Lafayette",0.20843989769821,5.00030676728634,0.023989201791521,782,1.01409834507164,1.01278796017716,0.030690537084399,24,0.0007362414872078,1.03393669433935,1.00789669820163,0.374963518852347,1.01083129729479,0.3089,0.2321,0.5842,0.000981655316277,1583.36,8.5,18.2,44.8,8342.8414449,0.1866729143,9.5,0.107,37.04097914,4.0,0.322,0.0205534082,0.0065648199,25.0,,,18.0,-9.0,2.0
2020-10-23,1538,"-93.8329,37.1063",29109,"Missouri, Lawrence",0.253384912959381,6.83020933809536,0.0269558643343153,1034,1.01889742465585,1.01278796017716,0.0135396518375242,14,0.0003649730180661,1.0,1.00789669820163,0.374963518852347,1.01083129729479,0.7475,0.5766,0.5333,0.0013816835683933,1408.46,13.5,17.6,55.0,10419.645833,0.2112511451,9.7,0.119,55.421872931,4.3,0.329,0.0045621627,0.0115227196,23.0,,,-3.0,-13.0,4.0
2020-10-23,1539,"-91.7207,40.0967",29111,"Missouri, Lewis",0.258064516129032,4.87062404870624,0.0188736681887367,186,1.02829413570257,1.01278796017716,0.010752688172043,2,0.000202942668696,1.0,1.00789669820163,0.374963518852347,1.01083129729479,0.4904,0.1726,0.7771,,1343.85,9.8,18.2,16.1,11213.002095,0.1961946881,10.3,0.177,21.135164417,3.0,0.334,0.030644343,0.0049720954,,,,,-3.0,
2020-10-23,1540,"-90.9559,39.0535",29113,"Missouri, Lincoln",0.169691470054446,3.24168775786153,0.0191034219741358,1102,1.01339386041338,1.01278796017716,0.0045372050816696,5,8.66761432583296e-05,1.07570373984278,1.00789669820163,0.374963518852347,1.01083129729479,0.4022,0.1611,0.276,0.0004333807162916,1698.65,7.8,12.7,71.7,8428.3243486,0.206029638,10.9,0.188,43.283021621,5.0,0.367,0.0191727629,0.0040564435,-1.0,-3.0,,,-4.0,5.0
2020-10-23,1541,"-93.107,39.87",29115,"Missouri, Linn",0.179487179487179,2.32616100357232,0.0129600398770458,156,1.01050078816117,1.01278796017716,0.0128205128205128,2,0.000166154357398,1.10408951367381,1.00789669820163,0.374963518852347,1.01083129729479,0.4105,0.0675,0.1006,0.0044861676497466,1363.54,10.6,20.6,20.0,11046.867396,0.2044679123,9.3,0.167,16.996180677,3.0,0.333,0.0083077179,0.0033230871,,,,,3.0,
2020-10-23,1542,"-93.5465,39.7811",29117,"Missouri, Livingston",0.133815551537071,4.8857784233461,0.0365112901095999,553,1.00473851350474,1.01278796017716,0.0108499095840868,6,0.0003961441964875,1.05963402266705,1.00789669820163,0.374963518852347,1.01083129729479,0.5127,0.1277,0.4495,0.001650600818698,1489.4,11.1,20.0,28.7,7884.0271164,0.1975383711,9.3,0.139,77.267468973,4.0,0.423,0.0371055064,0.0050178265,,,,,-11.0,
2020-10-23,1543,"-94.3487,36.6287",29119,"Missouri, McDonald",0.0593645484949833,3.07652309558887,0.0518242482017506,1196,1.0036356741737,1.01278796017716,0.0091973244147157,11,0.0004766444232602,,1.00789669820163,0.374963518852347,1.01083129729479,0.7844,0.8052,0.68,,1225.38,18.7,14.9,42.9,9847.945724,0.2304237367,9.7,0.085,27.916509059,4.0,0.3,0.0204523789,0.0310685501,10.0,,,,-17.0,2.0
2020-10-23,1544,"-92.5645,39.8305",29121,"Missouri, Macon",0.13,1.71583184847885,0.0131987065267604,200,1.00964748982493,1.01278796017716,0.005,1,6.59935326338019e-05,,1.00789669820163,0.374963518852347,1.01083129729479,0.5917,0.1859,0.4514,0.001649838315845,1310.77,10.7,21.9,17.4,7948.3726754,0.1963345027,9.5,0.086,80.521757769,4.0,0.345,0.0238236653,0.0038936184,,,,12.0,-8.0,
2020-10-23,1545,"-90.3467,37.4787",29123,"Missouri, Madison",0.298924731182796,11.4046603216278,0.0381522809320643,465,1.01957254273789,1.01278796017716,0.0064516129032258,3,0.0002461437479488,1.16993081275869,1.00789669820163,0.374963518852347,1.01083129729479,0.6312,0.0793,0.574,0.0118148999015425,1110.23,10.8,18.6,22.9,10437.846363,0.2176786794,10.0,0.187,14.806231366,3.3,0.354,0.0054972104,0.0054151625,,,,,6.0,
2020-10-23,1546,"-91.9225,38.1619",29125,"Missouri, Maries",0.403726708074534,7.41247576690615,0.0183601322841829,161,1.04042177997713,1.01278796017716,0.0,0,0.0,,1.00789669820163,0.374963518852347,1.01083129729479,0.6904,0.1611,0.4129,,1386.45,12.5,20.7,12.2,9349.5172325,0.198907019,9.6,0.161,23.679081259,3.0,0.357,0.0065001711,0.0078686281,,,,,-9.0,
2020-10-23,1547,"-91.622,39.806",29127,"Missouri, Marion",0.157290470723307,4.79155008393956,0.0304630665920537,871,1.01422532421719,1.01278796017716,0.0160734787600459,14,0.0004896474538332,1.0,1.00789669820163,0.374963518852347,1.01083129729479,0.615,0.1837,0.6033,0.0034625069949636,1501.09,8.2,17.2,71.0,7365.4219099,0.2039553503,10.4,0.161,160.23673136,5.0,0.36,0.0466913822,0.0024482373,-1.0,2.0,,,-5.0,3.0
2020-10-23,1548,"-93.5683,40.4221",29129,"Missouri, Mercer",0.0,0.0,0.0085141444658061,31,1.0046952487017,1.01278796017716,0.0,0,0.0,,1.00789669820163,0.374963518852347,1.01083129729479,0.3401,0.0933,0.4374,,1254.69,16.0,20.7,8.8,10087.45317,0.2013636756,9.1,0.075,31.098833786,3.0,0.241,0.0041197473,0.0054929964,,,,,,
2020-10-23,1549,"-92.4261,38.2145",29131,"Missouri, Miller",0.269704433497537,8.64382696558257,0.032049257972845,812,1.02545252693882,1.01278796017716,0.0086206896551724,7,0.0002762867066624,1.12867293805389,1.00789669820163,0.374963518852347,1.01083129729479,0.6812,0.0369,0.4893,,1475.52,10.3,18.2,36.4,7907.6637266,0.2027778379,9.8,0.085,49.334379084,4.3,0.389,0.0064335333,0.0063940638,32.0,,,,1.0,2.0
2020-10-23,1550,"-89.2951,36.8252",29133,"Missouri, Mississippi",0.211031175059952,6.59868026394721,0.0312687462507499,417,1.02326192496516,1.01278796017716,0.0119904076738609,5,0.000374925014997,1.03239118471,1.00789669820163,0.374963518852347,1.01083129729479,0.951,0.3206,0.8746,,1146.91,14.8,17.1,27.9,12792.640813,0.2705096801,11.4,0.2,65.281380854,3.3,0.382,0.2446760648,0.0039742052,,,,21.0,-8.0,
2020-10-23,1551,"-92.5798,38.6357",29135,"Missouri, Moniteau",0.365351629502573,13.2125798647727,0.0361640096768191,583,1.03934172678743,1.01278796017716,0.0154373927958834,9,0.0005582780224551,1.05963402266705,1.00789669820163,0.374963518852347,1.01083129729479,0.6045,0.4769,0.639,,1489.75,14.9,15.4,31.6,6337.8954057,0.1857453463,9.7,0.114,50.649979084,4.0,0.422,0.0396997705,0.0040320079,,,,,-11.0,
2020-10-23,1552,"-92.0004,39.4959",29137,"Missouri, Monroe",0.340277777777778,5.65558633425669,0.0166204986149584,144,1.03655432261531,1.01278796017716,0.0069444444444444,1,0.0001154201292705,1.0,1.00789669820163,0.374963518852347,1.01083129729479,0.4099,0.2114,0.306,,1312.22,9.5,22.0,10.6,7445.4773693,0.1806393259,9.7,0.138,45.659309121,3.0,0.308,0.0264312096,0.0060018467,,,,,-1.0,
2020-10-23,1553,"-91.47,38.9402",29139,"Missouri, Montgomery",0.285714285714286,3.12120686665511,0.0109242240332929,126,1.03505205734318,1.01278796017716,0.0079365079365079,1,8.67001907404196e-05,1.0,1.00789669820163,0.374963518852347,1.01083129729479,0.6146,0.0885,0.3973,,1344.39,9.2,20.1,18.3,10162.50879,0.2073084151,10.0,0.132,84.961375911,3.0,0.274,0.0166464366,0.0028611063,,,,,12.0,
2020-10-23,1554,"-92.8879,38.4182",29141,"Missouri, Morgan",0.273449920508744,8.44876706945672,0.0308969446900481,629,1.02339292220213,1.01278796017716,0.0095389507154213,6,0.0002947244326554,1.02638809625704,1.00789669820163,0.374963518852347,1.01083129729479,0.7525,0.1697,0.5463,,1225.85,20.9,23.4,31.8,10003.778369,0.2178167502,9.6,0.029,31.848978026,3.0,0.351,0.0079084389,0.0084487671,,,,,-10.0,
2020-10-23,1555,"-89.6607,36.5967",29143,"Missouri, New Madrid",0.172554347826087,7.3427382053654,0.0425531914893617,736,1.01416221482281,1.01278796017716,0.0271739130434783,20,0.0011563367252543,1.02348860217202,1.00789669820163,0.374963518852347,1.01083129729479,0.9392,0.3868,0.5934,,1214.26,15.1,18.2,28.2,12632.042543,0.2522816015,11.3,0.148,28.012366073,4.0,0.358,0.1561054579,0.0027752081,7.0,,,11.0,-20.0,
2020-10-23,1556,"-94.3394,36.9052",29145,"Missouri, Newton",0.254168772107125,8.63282188583393,0.0339649195070882,1979,1.0112449977968,1.01278796017716,0.0085901970692268,17,0.0002917653520063,1.00869827228079,1.00789669820163,0.374963518852347,1.01083129729479,0.4118,0.5403,0.4422,0.0074314351422785,1541.44,12.6,17.5,92.8,8720.9459546,0.201383502,10.0,0.104,85.643316824,5.0,0.29,0.0091820273,0.0259156283,7.0,5.0,16.0,14.0,-15.0,4.0
2020-10-23,1557,"-94.8813,40.3608",29147,"Missouri, Nodaway",0.252525252525253,10.0878766140603,0.0399479913916786,891,1.01424634833998,1.01278796017716,0.0112233445566779,10,0.000448350071736,1.0,1.00789669820163,0.374963518852347,1.01083129729479,0.5315,0.1706,0.5384,0.0036316355810616,1417.44,9.2,14.5,27.3,5824.1048617,0.2010424766,9.4,0.087,13.110977568,4.3,0.351,0.0294117647,0.0039903156,,,,,-5.0,
2020-10-23,1558,"-91.4034,36.6871",29149,"Missouri, Oregon",0.286995515695067,6.07153021534959,0.0211554880941087,223,1.0208547086603,1.01278796017716,0.0,0,0.0,,1.00789669820163,0.374963518852347,1.01083129729479,0.7401,0.0592,0.171,,984.21,17.1,23.6,12.6,11503.397618,0.2163162119,9.7,0.09,34.80018304,3.0,0.306,0.004174177,0.0147044872,,,,,-13.0,
2020-10-23,1559,"-91.8614,38.4604",29151,"Missouri, Osage",0.496659242761693,16.2607554324048,0.0327402654221963,449,1.04771472392734,1.01278796017716,0.0066815144766147,3,0.0002187545573866,1.0,1.00789669820163,0.374963518852347,1.01083129729479,0.2038,0.0232,0.1691,,1565.35,4.7,16.7,20.4,6395.1746631,0.1744780122,9.8,0.204,51.980616367,3.3,0.292,0.0036459093,0.003937582,,,,,5.0,
2020-10-23,1560,"-92.4446,36.6492",29153,"Missouri, Ozark",0.246153846153846,5.32327825219031,0.0216258178995231,195,1.02415191411056,1.01278796017716,0.0051282051282051,1,0.0001109016302539,1.0,1.00789669820163,0.374963518852347,1.01083129729479,0.8997,0.0252,0.3906,,1018.81,14.9,26.9,11.2,10574.267998,0.2237937388,9.4,0.095,7.0166491456,3.0,0.241,0.0019962293,0.0107574581,,,,,-13.0,
2020-10-23,1561,"-89.7874,36.2131",29155,"Missouri, Pemiscot",0.157894736842105,6.82153392330383,0.0432030481809243,703,1.01350302705212,1.01278796017716,0.0170697012802276,12,0.0007374631268436,1.0,1.00789669820163,0.374963518852347,1.01083129729479,0.9688,0.4241,0.6199,0.0102630285152409,1133.19,12.9,16.2,32.2,13773.708266,0.2501550294,11.0,0.196,24.578529241,4.0,0.363,0.257313176,0.0049778761,,,,21.0,-15.0,
2020-10-23,1562,"-89.8274,37.7066",29157,"Missouri, Perry",0.119383825417202,4.85639686684073,0.0406788511749347,779,1.01011669277274,1.01278796017716,0.0102695763799743,8,0.0004177545691906,1.0,1.00789669820163,0.374963518852347,1.01083129729479,0.3338,0.0544,0.2499,0.0013054830287206,1611.44,6.3,17.5,42.2,7182.659091,0.1917880296,10.8,0.086,53.374245992,4.3,0.374,0.0060574413,0.0057963446,-10.0,-2.0,,,-9.0,
2020-10-23,1563,"-93.2847,38.728",29159,"Missouri, Pettis",0.185695538057743,6.65224954162945,0.0358234215598702,1524,1.02063128977056,1.01278796017716,0.0098425196850393,15,0.0003525927318884,1.02065336654354,1.00789669820163,0.374963518852347,1.01083129729479,0.7051,0.6721,0.6412,0.0034083964082553,1451.83,14.0,16.2,65.1,8301.0691876,0.2155263947,9.5,0.153,142.81370358,4.3,0.37,0.0302994688,0.0076865216,8.0,3.0,,,-1.0,5.0
2020-10-23,1564,"-91.7935,37.8774",29161,"Missouri, Phelps",0.341309823677582,6.05830278100689,0.0177501564875257,794,1.01508419500087,1.01278796017716,0.026448362720403,21,0.0004694625771259,1.02226578920968,1.00789669820163,0.374963518852347,1.01083129729479,0.6978,0.4164,0.8265,0.0054099973173567,1581.1,7.9,15.4,70.9,9474.7858356,0.2028756324,9.7,0.115,176.88000833,5.0,0.351,0.0211928821,0.0084056157,10.0,-5.0,,10.0,-16.0,8.0
2020-10-23,1565,"-91.1698,39.3431",29163,"Missouri, Pike",0.195121951219512,3.45871162991786,0.017725897103329,328,1.0187526821158,1.01278796017716,0.024390243902439,8,0.0004323389537397,1.10408951367381,1.00789669820163,0.374963518852347,1.01083129729479,0.5895,0.3645,0.6794,0.0013510592304366,1452.55,9.1,16.8,25.1,8647.3100983,0.2118311082,10.4,0.156,35.001066752,4.0,0.372,0.0777669693,0.0023778642,,,,,-14.0,
2020-10-23,1566,"-94.7707,39.3815",29165,"Missouri, Platte",0.207112970711297,1.92261008884789,0.0092829052774675,956,1.0145599996319,1.01278796017716,0.0125523012552301,12,0.0001165218235665,1.0,1.00789669820163,0.374963518852347,1.01083129729479,0.0213,0.5638,0.1254,0.0009418847404961,2588.25,5.8,13.9,230.8,5605.0677545,0.1798841385,10.2,0.115,292.10465139,5.0,0.3,0.0712142545,0.0056124678,-6.0,21.0,,-39.0,-24.0,8.0
2020-10-23,1567,"-93.3983,37.6162",29167,"Missouri, Polk",0.177437020810515,5.0308996615012,0.0283531567342629,913,1.01301286538001,1.01278796017716,0.008762322015334,8,0.0002484394894568,,1.00789669820163,0.374963518852347,1.01083129729479,0.5605,0.1433,0.823,0.0026707245116611,1329.65,13.3,17.7,46.4,7627.3164577,0.207425614,9.5,0.129,51.043340495,4.3,0.382,0.0090680414,0.0073289649,3.0,12.0,-56.0,,-8.0,5.0
2020-10-23,1568,"-92.2078,37.8246",29169,"Missouri, Pulaski",0.19848975188781,3.53750913215673,0.0178221248125505,927,1.01127966202044,1.01278796017716,0.0097087378640776,9,0.0001730303379859,1.01696850489722,1.00789669820163,0.374963518852347,1.01083129729479,0.6363,0.6336,0.7323,0.0008843772830391,1565.65,10.6,8.3,106.7,8119.2680976,0.2024168858,9.6,0.077,50.293563519,4.3,0.324,0.1114123121,0.0118237398,-1.0,-10.0,,-14.0,-10.0,2.0
2020-10-23,1569,"-93.0204,40.4794",29171,"Missouri, Putnam",0.346153846153846,3.78389741433677,0.0109312591969729,52,1.01766889775789,1.01278796017716,0.0192307692307692,1,0.0002102165230187,1.0,1.00789669820163,0.374963518852347,1.01083129729479,0.5911,0.241,0.2537,0.0031532478452806,1102.19,15.7,23.7,8.4,10450.465351,0.2160429318,9.1,0.139,26.186475318,3.0,0.289,0.0018919487,0.0021021652,,,,,,
2020-10-23,1570,"-91.5184,39.5282",29173,"Missouri, Ralls",0.191919191919192,3.72111241676459,0.0193889541715629,198,1.0161457126895,1.01278796017716,0.0,0,0.0,,1.00789669820163,0.374963518852347,1.01083129729479,0.3854,0.0866,0.0436,,1628.89,8.3,20.4,17.9,6193.4180441,0.1850585956,10.2,0.091,44.211298597,3.0,0.303,0.0140031336,0.0023501763,,,,34.0,-6.0,
2020-10-23,1571,"-92.4971,39.4401",29175,"Missouri, Randolph",0.328695652173913,7.63235472277188,0.0232201268020838,575,1.03498194294778,1.01278796017716,0.0052173913043478,3,0.000121148487663,1.05963402266705,1.00789669820163,0.374963518852347,1.01083129729479,0.6774,0.163,0.7256,0.0040382829221015,1433.46,9.6,15.9,49.6,8695.431523,0.2159321942,9.6,0.153,24.093053997,4.0,0.404,0.0546379679,0.0055324476,1.0,,,,-6.0,5.0
2020-10-23,1572,"-93.9891,39.3537",29177,"Missouri, Ray",0.261538461538462,2.97163833413451,0.0113621465716908,260,1.02282871158236,1.01278796017716,0.0076923076923076,2,8.74011274745444e-05,1.0,1.00789669820163,0.374963518852347,1.01083129729479,0.464,0.1047,0.1901,0.0014858191670672,1617.82,10.3,17.6,31.4,9366.9383202,0.1950833818,9.4,0.146,12.768273488,4.0,0.351,0.0131538697,0.0063365817,,,,,-18.0,3.0
2020-10-23,1573,"-90.9701,37.3609",29179,"Missouri, Reynolds",0.338461538461538,3.51774864086984,0.0103933482571154,65,1.03819186552583,1.01278796017716,0.0153846153846154,1,0.000159897665494,,1.00789669820163,0.374963518852347,1.01083129729479,0.8175,0.0637,0.4027,,1288.56,11.3,22.1,9.3,10087.875439,0.205913665,9.5,0.137,10.305074239,3.0,0.316,0.0102334506,0.0110329389,,,,,,
2020-10-23,1574,"-90.8599,36.6546",29181,"Missouri, Ripley",0.376518218623482,6.93978061338706,0.0184314603387807,247,1.03283979071997,1.01278796017716,0.0161943319838057,4,0.0002984851876725,1.04195362743721,1.00789669820163,0.374963518852347,1.01083129729479,0.9226,0.107,0.3432,0.0015670472352809,1099.09,14.5,19.8,20.4,13345.01646,0.2385362393,10.2,0.19,19.599547875,3.0,0.364,0.0058950825,0.0097753899,,,,,-26.0,
2020-10-23,1575,"-90.6666,38.7788",29183,"Missouri, St. Charles",0.176945812807882,4.4992008657705,0.0254269982113422,10150,1.01420061256762,1.01278796017716,0.0141871921182266,144,0.0003607377086141,1.00926242190831,1.00789669820163,0.374963518852347,1.01083129729479,0.0188,0.3801,0.1213,0.0017911629281881,2706.38,4.5,14.2,589.7,5871.088027,0.1612922479,11.7,0.079,262.20616288,5.0,0.298,0.0499321112,0.0024424949,-8.0,-5.0,38.0,23.0,-33.0,9.0
2020-10-23,1576,"-93.7763,38.037",29185,"Missouri, St. Clair",0.299145299145299,3.72538584353379,0.0124534326769558,117,1.02415191411056,1.01278796017716,0.0085470085470085,1,0.0001064395955295,1.0,1.00789669820163,0.374963518852347,1.01083129729479,0.6369,0.0471,0.4747,0.0012772751463544,1179.2,12.4,26.7,13.2,7401.3299303,0.207671741,9.1,0.139,20.945129014,3.0,0.367,0.0058541778,0.0087280468,,,,,-11.0,
2020-10-23,1577,"-90.195,37.8909",29186,"Missouri, Ste. Genevieve",0.316715542521994,6.03756708407871,0.0190630590339893,341,1.03667845343168,1.01278796017716,0.002932551319648,1,5.59033989266547e-05,1.0,1.00789669820163,0.374963518852347,1.01083129729479,0.3669,0.0866,0.0974,0.0026274597495527,1542.66,4.9,18.5,30.8,6836.1868581,0.1937015216,10.6,0.13,22.810454965,4.0,0.347,0.0083855098,0.0032423971,,,,13.0,-9.0,
2020-10-23,1578,"-90.476,37.8121",29187,"Missouri, St. Francois",0.149632352941176,6.10268098122713,0.0407845018892821,2720,1.00982910562212,1.01278796017716,0.0088235294117647,24,0.0003598632519642,1.03393669433935,1.00789669820163,0.374963518852347,1.01083129729479,0.6914,0.2353,0.9112,0.0019942421879685,1386.94,9.0,15.8,139.9,9846.0016689,0.2220081864,10.3,0.094,87.120594267,5.0,0.386,0.0454177413,0.0043933305,-5.0,1.0,,,-1.0,4.0
2020-10-23,1579,"-90.4458,38.6377",29189,"Missouri, St. Louis",0.102862652032038,2.78250053914709,0.0270506397042966,26968,1.00892925009146,1.01278796017716,0.0318154850192821,858,0.000860629222274,,1.00789669820163,0.374963518852347,1.01083129729479,0.1277,0.7431,0.3273,0.0048979632778137,2576.32,6.1,17.3,2124.0,7988.917825,0.1571373411,12.1,0.113,577.58592033,5.0,0.279,0.2466033733,0.0021495669,-19.0,-5.0,22.0,-36.0,-35.0,11.0
2020-10-23,1580,"-93.2026,39.1373",29195,"Missouri, Saline",0.10475161987041,4.23673291111596,0.0404455121205503,926,1.009949378607,1.01278796017716,0.0107991360691145,10,0.0004367765887748,1.01516534655549,1.00789669820163,0.374963518852347,1.01083129729479,0.5981,0.7545,0.8739,0.0032758244158113,1407.29,8.6,17.8,29.5,7229.2995782,0.2027650786,9.6,0.115,22.121232882,4.0,0.358,0.0513649268,0.009215986,-5.0,,,,-2.0,5.0
2020-10-23,1581,"-92.5231,40.4692",29197,"Missouri, Schuyler",0.194444444444444,1.5220700152207,0.0078277886497064,36,1.01696850489722,1.01278796017716,0.0,0,0.0,,1.00789669820163,0.374963518852347,1.01083129729479,0.6213,0.0261,0.212,,1257.29,15.1,19.3,11.5,6728.5815743,0.205777961,9.3,0.136,39.976071968,3.0,0.309,0.0013046314,0.0032615786,,,,,,
2020-10-23,1582,"-92.1471,40.4521",29199,"Missouri, Scotland",0.352941176470588,4.83286347160693,0.013693113169553,68,1.05101682379262,1.01278796017716,0.0147058823529412,1,0.0002013693113169,1.0,1.00789669820163,0.374963518852347,1.01083129729479,0.6885,0.0226,0.7004,0.0050342327829238,1515.72,33.5,18.2,10.0,6923.625861,0.2111973445,9.5,0.087,26.609855628,3.0,0.321,0.0010068466,0.0034232783,,,,,,
2020-10-23,1583,"-89.5647,37.0559",29201,"Missouri, Scott",0.261061946902655,9.20484684590982,0.0352592438504342,1356,1.02205057532116,1.01278796017716,0.0140117994100295,19,0.0004940454521816,1.00775379492937,1.00789669820163,0.374963518852347,1.01083129729479,0.7111,0.4333,0.6017,0.0037443444796921,1466.23,11.0,17.5,92.2,10533.826575,0.2240641182,11.5,0.165,52.732517706,5.0,0.355,0.1191169588,0.0039263612,8.0,9.0,,5.0,-17.0,3.0
2020-10-23,1584,"-91.4019,37.1577",29203,"Missouri, Shannon",0.290322580645161,7.69324703871047,0.0264989620222249,217,1.02625302741017,1.01278796017716,0.0138248847926267,3,0.0003663450970814,1.05963402266705,1.00789669820163,0.374963518852347,1.01083129729479,0.9022,0.0637,0.2888,,1042.94,18.8,20.7,7.6,9513.1065476,0.2375526419,9.4,0.137,24.208807153,3.0,0.349,0.0041519111,0.0125778483,,,,,,
2020-10-23,1585,"-92.0763,39.7974",29205,"Missouri, Shelby",0.222222222222222,3.63636363636364,0.0163636363636364,99,1.01696850489722,1.01278796017716,0.0101010101010101,1,0.0001652892561983,1.0,1.00789669820163,0.374963518852347,1.01083129729479,0.4239,0.1681,0.3712,,1249.24,11.1,20.4,11.3,10710.71844,0.1936112007,9.7,0.076,26.605112855,3.0,0.287,0.0085950413,0.0051239669,,,,,,
2020-10-23,1586,"-89.9444,36.8557",29207,"Missouri, Stoddard",0.260404280618312,7.49845922070807,0.0287954529891118,841,1.02489739943545,1.01278796017716,0.0178359096313912,15,0.0005135930973087,1.0,1.00789669820163,0.374963518852347,1.01083129729479,0.7398,0.0544,0.2445,0.001643497911388,1273.79,11.2,19.5,33.7,9398.4242632,0.2107352141,11.3,0.157,49.854939881,4.0,0.356,0.0122919948,0.005135931,-1.0,-7.0,,,-24.0,4.0
2020-10-23,1587,"-93.4526,36.75",29209,"Missouri, Stone",0.176560121765601,3.65365838294119,0.0206935651516583,657,1.01161031573082,1.01278796017716,0.0136986301369863,9,0.0002834734952281,1.03655432261531,1.00789669820163,0.374963518852347,1.01083129729479,0.5169,0.107,0.4438,,1442.28,9.2,29.7,56.8,10913.53889,0.1851353286,9.8,0.128,27.891343734,5.0,0.311,0.0035906643,0.0085042049,32.0,,,,-11.0,2.0
2020-10-23,1588,"-93.1115,40.2099",29211,"Missouri, Sullivan",0.192982456140351,8.84102234367465,0.0458125703263141,285,1.01099429463315,1.01278796017716,0.0035087719298245,1,0.000160745860794,1.0,1.00789669820163,0.374963518852347,1.01083129729479,0.6115,0.8093,0.4944,0.0040186465198521,1335.16,12.1,20.2,9.8,8449.6249219,0.1984301812,9.3,0.212,10.768729282,3.0,0.308,0.0326314097,0.0102877351,,,,,0.0,
2020-10-23,1589,"-93.0408,36.6547",29213,"Missouri, Taney",0.123095673369896,3.61670128195946,0.0293812218004727,1641,1.01272431077352,1.01278796017716,0.020109689213894,33,0.0005908472391319,1.0,1.00789669820163,0.374963518852347,1.01083129729479,0.6513,0.4422,0.9526,0.0028110005013249,1435.06,15.8,20.8,91.7,9151.5566765,0.2077652829,9.8,0.101,73.701655002,5.0,0.288,0.0142340471,0.01031297,73.0,41.0,34.0,,-8.0,2.0
2020-10-23,1590,"-91.9656,37.3173",29215,"Missouri, Texas",0.269439421338156,5.82691330022291,0.0216260607719682,553,1.0127696056597,1.01278796017716,0.0054249547920434,3,0.0001173204020179,1.05963402266705,1.00789669820163,0.374963518852347,1.01083129729479,0.9185,0.2483,0.6797,0.002581048844394,1144.67,16.1,20.1,20.3,9142.1895572,0.229218501,9.6,0.142,23.987707864,3.7,0.31,0.0367603926,0.0089945642,,,,,-3.0,
2020-10-23,1591,"-94.3413,37.8458",29217,"Missouri, Vernon",0.233974358974359,3.55611847233048,0.0151987529228371,312,1.01979350448341,1.01278796017716,0.0096153846153846,3,0.0001461418550272,1.0,1.00789669820163,0.374963518852347,1.01083129729479,0.4207,0.135,0.617,0.0034586905689789,1452.39,14.5,18.4,24.8,10820.010621,0.2059681482,9.4,0.063,62.555857921,4.0,0.281,0.0095479345,0.0081352299,1.0,,,7.0,-20.0,6.0
2020-10-23,1592,"-91.1612,38.7653",29219,"Missouri, Warren",0.147457627118644,2.50641007173518,0.0169974935899283,590,1.00825636835369,1.01278796017716,0.0016949152542372,1,2.88093111693699e-05,,1.00789669820163,0.374963518852347,1.01083129729479,0.458,0.2728,0.3181,,1760.01,7.2,17.3,65.2,8637.9361682,0.1952760063,10.5,0.073,77.957933308,4.3,0.361,0.0222407882,0.006021146,-10.0,12.0,,4.0,-3.0,5.0
2020-10-23,1593,"-90.8795,37.9613",29221,"Missouri, Washington",0.184590690208668,4.61051196728541,0.0249769474401636,623,1.0150877760374,1.01278796017716,0.0272873194221509,17,0.00068155394299,1.06416270333165,1.00789669820163,0.374963518852347,1.01083129729479,0.9414,0.0885,0.7695,0.0010022852102794,1218.93,12.4,15.9,28.7,11721.252871,0.2226173624,9.9,0.12,30.583056282,4.0,0.314,0.0244156677,0.0048510604,,,,,-10.0,
2020-10-23,1594,"-90.46,37.113",29223,"Missouri, Wayne",0.181818181818182,4.11522633744856,0.0226337448559671,297,1.01158141299174,1.01278796017716,0.0033670033670033,1,7.62078951379363e-05,1.0,1.00789669820163,0.374963518852347,1.01083129729479,0.9653,0.0675,0.6323,,1101.72,14.0,22.8,17.2,11486.733117,0.2356356537,10.1,0.13,19.681061389,3.0,0.339,0.0076207895,0.0053345527,,,,,-12.0,
2020-10-23,1595,"-92.8763,37.2814",29225,"Missouri, Webster",0.219981668194317,6.13669487841673,0.0278963921348027,1091,1.01648670209504,1.01278796017716,0.0100824931255729,11,0.0002812651819274,1.09045040782879,1.00789669820163,0.374963518852347,1.01083129729479,0.6322,0.4088,0.8335,,1534.66,13.8,15.2,53.9,7344.7245001,0.2236314703,9.6,0.137,58.208648641,5.0,0.275,0.0102278248,0.0079777033,26.0,-3.0,,,-2.0,4.0
2020-10-23,1596,"-94.4233,40.4795",29227,"Missouri, Worth",0.241379310344828,3.43137254901961,0.0142156862745098,29,1.02142923558558,1.01278796017716,0.0,0,0.0,,1.00789669820163,0.374963518852347,1.01083129729479,0.4936,0.0131,0.1862,,1428.63,6.0,24.1,7.0,15533.121345,0.1901334686,9.0,0.224,1.083698072,3.0,0.254,0.0093137255,0.0034313725,,,,,,
2020-10-23,1597,"-92.4691,37.2703",29229,"Missouri, Wright",0.20383275261324,6.36630754162586,0.0312329959734465,574,1.0114583482115,1.01278796017716,0.0052264808362369,3,0.0001632386549134,,1.00789669820163,0.374963518852347,1.01083129729479,0.9248,0.3114,0.6963,,1152.57,19.1,19.5,24.9,11932.506937,0.2482780858,9.5,0.16,49.539778004,4.0,0.292,0.0053868756,0.007073675,,,,,1.0,
2020-10-23,1598,"-90.2435,38.6356",29510,"Missouri, St. Louis City",0.0706017046177331,1.83266300794484,0.0259577728026205,7861,1.00662342767653,1.01278796017716,0.0277318407327312,218,0.0007198568211386,,1.00789669820163,0.374963518852347,1.01083129729479,0.7121,0.8828,0.7985,0.0111511765366301,1577.98,10.8,12.6,6440.1,13079.299418,0.2460123418,11.5,0.115,870.8095931,5.0,0.344,0.4555934196,0.0030874593,-30.0,-11.0,-8.0,-28.0,-33.0,10.0
2020-10-23,1599,"-112.8985,45.1343",30001,"Montana, Beaverhead",0.327935222672065,8.61335601871544,0.0262654189706508,247,1.01536121101578,1.02939911961109,0.0040485829959514,1,0.0001063377286261,1.0,1.02744732480862,0.413337035973661,1.00982860374957,0.2424,0.447,0.5094,0.0026584432156529,1761.98,8.1,21.2,1.7,5050.9262305,0.1461220347,7.3,0.078,55.120283372,3.0,0.267,0.0032964696,0.0192471289,,,,,-17.0,
2020-10-23,1600,"-107.4923,45.4234",30003,"Montana, Big Horn",0.190204081632653,17.4688858899385,0.0918428550007497,1225,1.01668714885566,1.02939911961109,0.0277551020408163,34,0.0025491078122657,1.01804126125684,1.02744732480862,0.413337035973661,1.00982860374957,0.892,0.8322,0.4862,0.0045733993102414,1620.04,32.3,11.8,2.7,20451.041587,0.2893644287,6.0,0.146,30.506454211,3.0,0.379,0.0038236617,0.6603688709,,,,6.0,-24.0,
2020-10-23,1601,"-108.9583,48.4318",30005,"Montana, Blaine",0.578125,21.7423240781548,0.037608344351403,256,1.06475787337328,1.02939911961109,0.0078125,2,0.0002938151902453,1.0,1.02744732480862,0.413337035973661,1.00982860374957,0.8898,0.4511,0.9153,,1214.53,15.1,14.6,1.5,12508.748684,0.2604204289,5.7,0.136,13.738928765,3.0,0.391,0.0038195975,0.5008079918,,,,,,
2020-10-23,1602,"-111.4956,46.3328",30007,"Montana, Broadwater",0.615384615384615,5.25883319638455,0.0085456039441249,52,1.08699947693906,1.02939911961109,0.0,0,0.0,,1.02744732480862,0.413337035973661,1.00982860374957,0.1583,0.135,0.0232,0.0072308956450287,1742.25,7.2,23.1,4.1,6197.4362553,0.1528703608,6.0,0.088,50.593713147,3.0,0.34,0.0037797864,0.0167625308,,,,,-15.0,
2020-10-23,1603,"-109.0274,45.2285",30009,"Montana, Carbon",0.342592592592593,6.90685084935598,0.0201605376143364,216,1.02003177404583,1.02939911961109,0.0,0,0.0,,1.02744732480862,0.413337035973661,1.00982860374957,0.0892,0.3177,0.022,0.0009333582228859,1711.12,6.9,24.2,4.4,6990.3637101,0.1440672961,5.4,0.061,30.898384789,2.7,0.275,0.0054134777,0.0127870077,,,,,-26.0,
2020-10-23,1604,"-104.5396,45.5198",30011,"Montana, Carter",0.804347826086957,29.8869143780291,0.037156704361874,46,1.08492017011262,1.02939911961109,0.0,0,0.0,,1.02744732480862,0.413337035973661,1.00982860374957,0.1242,0.0083,0.2165,0.0250403877221325,1793.15,20.4,25.4,0.3,,0.1445730294,5.2,0.121,1.2044608666,,0.335,0.0008077544,0.0088852989,,,,,,
2020-10-23,1605,"-111.3468,47.308",30013,"Montana, Cascade",0.405654578979717,8.08397535612361,0.0199282240975956,1627,1.03707544694211,1.02939911961109,0.0036877688998156,6,7.34906850556692e-05,1.0,1.02744732480862,0.413337035973661,1.00982860374957,0.2452,0.2875,0.8564,0.0053403231140453,1732.72,7.8,17.9,30.5,7298.5505148,0.1683570847,5.8,0.089,229.4441866,3.0,0.273,0.0150655904,0.0493857404,-18.0,0.0,0.0,-46.0,-25.0,10.0
2020-10-23,1606,"-110.4353,47.8808",30015,"Montana, Chouteau",0.481012658227848,6.61444734551784,0.0137510879025239,79,1.06752875947704,1.02939911961109,0.0,0,0.0,,1.02744732480862,0.413337035973661,1.00982860374957,0.4264,0.6049,0.6173,0.0142732811140122,1471.37,10.9,19.3,1.3,6912.1899229,0.1945985832,5.7,0.098,8.4734523456,2.3,0.289,0.001740644,0.1907745866,,,,,,
2020-10-23,1607,"-105.5738,46.2532",30017,"Montana, Custer",0.450643776824034,9.06266183324702,0.0201104781633005,233,1.04694573919876,1.02939911961109,0.0128755364806867,3,0.0002589331952356,1.05963402266705,1.02744732480862,0.413337035973661,1.00982860374957,0.0914,0.2677,0.6593,0.0077679958570688,1586.45,5.8,18.7,3.1,5894.1295812,0.1520074476,5.7,0.11,142.06437854,3.3,0.328,0.0046607975,0.0235629208,-10.0,,,,-19.0,
2020-10-23,1608,"-105.5476,48.7842",30019,"Montana, Daniels",0.555555555555556,8.58614768174013,0.0154550658271322,27,1.11005826087366,1.02939911961109,0.037037037037037,1,0.0005724098454493,,1.02744732480862,0.413337035973661,1.00982860374957,0.0048,0.078,0.0869,0.0309101316542645,1774.03,4.4,26.9,1.2,7717.5265608,0.1342179688,6.0,0.186,21.667486262,,0.268,0.0034344591,0.0291929021,,,,,,
2020-10-23,1609,"-104.8944,47.2658",30021,"Montana, Dawson",0.437837837837838,9.33179723502304,0.0213133640552995,185,1.03956194661427,1.02939911961109,0.0162162162162162,3,0.0003456221198156,1.16993081275869,1.02744732480862,0.413337035973661,1.00982860374957,0.0363,0.1009,0.5285,0.0110599078341014,1717.45,4.1,17.9,3.7,4842.0387778,0.1445488617,5.6,0.084,98.671748198,3.0,0.29,0.0043778802,0.0239631336,,,,,-18.0,
2020-10-23,1610,"-113.0734,46.0595",30023,"Montana, Deer Lodge",0.424657534246575,16.9751396342131,0.0399737159128244,365,1.04236207677777,1.02939911961109,0.0027397260273972,1,0.0001095170298981,,1.02744732480862,0.413337035973661,1.00982860374957,0.4424,0.1369,0.8128,0.0095279816011389,1475.72,7.5,22.2,12.3,9949.0393684,0.1876629567,7.4,0.145,1.9475412812,2.3,0.287,0.0041616471,0.0393166137,,,,,-24.0,
2020-10-23,1611,"-104.4184,46.3348",30025,"Montana, Fallon",0.48936170212766,7.87671232876712,0.0160958904109589,47,1.08240698159292,1.02939911961109,0.0,0,0.0,,1.02744732480862,0.413337035973661,1.00982860374957,0.0268,0.0755,0.1471,0.0136986301369863,1933.53,10.6,17.6,2.0,6947.7956387,0.1349986768,5.2,0.095,54.309470569,2.0,0.351,0.0017123288,0.0089041096,,,,,,
2020-10-23,1612,"-109.2245,47.2633",30027,"Montana, Fergus",0.517441860465116,8.00863853144965,0.015477368847296,172,1.02368877599537,1.02939911961109,0.0116279069767442,2,0.0001799694052011,1.10408951367381,1.02744732480862,0.413337035973661,1.00982860374957,0.1688,0.0885,0.7291,0.0080986232340502,1692.12,9.2,22.7,2.6,6500.1812681,0.1464997543,4.8,0.119,106.86928476,3.0,0.308,0.0023396023,0.0169171241,,,,,-13.0,
2020-10-23,1613,"-114.0521,48.2958",30029,"Montana, Flathead",0.404534183492738,11.1844553699097,0.0276477386245666,2823,1.03060124931098,1.02939911961109,0.0081473609635139,23,0.0002252561063992,1.0,1.02744732480862,0.413337035973661,1.00982860374957,0.1478,0.1656,0.3098,0.0022623548077488,1953.74,8.7,18.2,19.6,6259.2059764,0.1583357938,8.9,0.071,123.68840037,3.3,0.219,0.0027324545,0.0135643351,-13.0,4.0,-19.0,8.0,-18.0,7.0
2020-10-23,1614,"-111.1693,45.5449",30031,"Montana, Gallatin",0.3076,6.87368157603061,0.0223461689727913,2500,1.02655242353874,1.02939911961109,0.0024,6,5.36308055346991e-05,1.02638809625704,1.02744732480862,0.413337035973661,1.00982860374957,0.0768,0.2372,0.4486,0.0008044620830204,2172.56,7.8,11.8,42.6,4171.4552415,0.1437268088,7.1,0.044,110.63606322,3.7,0.17,0.0041653259,0.0103239301,-17.0,-3.0,10.0,-23.0,-24.0,10.0
2020-10-23,1615,"-107.0002,47.2755",30033,"Montana, Garfield",0.379310344827586,8.67507886435331,0.0228706624605678,29,1.06226999336151,1.02939911961109,0.0,0,0.0,,1.02744732480862,0.413337035973661,1.00982860374957,0.0459,0.0,0.1054,0.0189274447949527,1623.45,11.5,19.8,0.3,,0.1468980363,5.2,0.111,12.283220818,,0.269,0.0039432177,0.0055205047,,,,,,
2020-10-23,1616,"-112.9934,48.7051",30035,"Montana, Glacier",0.273276904474002,16.4399505346621,0.0601585800538299,827,1.01157312258489,1.02939911961109,0.0120918984280532,10,0.0007274314395868,1.25849895064183,1.02744732480862,0.413337035973661,1.00982860374957,0.8545,0.5778,0.9596,0.0028369826143885,1248.22,37.7,11.4,4.5,17636.882108,0.3059191378,6.6,0.156,26.419870663,2.0,0.369,0.00254601,0.6463955772,,,,,-33.0,
2020-10-23,1617,"-109.1769,46.3816",30037,"Montana, Golden Valley",0.583333333333333,8.47457627118644,0.0145278450363196,12,1.13322433403702,1.02939911961109,0.0,0,0.0,,1.02744732480862,0.413337035973661,1.00982860374957,0.2417,0.283,0.0054,,1234.9,10.2,25.0,0.6,,0.1554080208,4.8,0.056,30.639824193,,0.262,0.0060532688,0.0169491525,,,,,,
2020-10-23,1618,"-113.4414,46.4061",30039,"Montana, Granite",0.428571428571429,7.10479573712256,0.0165778567199526,56,1.03173444625177,1.02939911961109,0.0,0,0.0,,1.02744732480862,0.413337035973661,1.00982860374957,0.1844,0.0201,0.1299,0.0026642984014209,1610.97,6.9,28.6,1.9,5600.4731758,0.141929136,6.7,0.108,46.943585555,3.0,0.231,0.0053285968,0.007696862,,,,,,
2020-10-23,1619,"-110.1129,48.6288",30041,"Montana, Hill",0.554347826086957,21.8388695173426,0.0393956077567749,644,1.05121125493211,1.02939911961109,0.0248447204968944,16,0.0009787728635223,1.08566736172956,1.02744732480862,0.413337035973661,1.00982860374957,0.6688,0.3754,0.6122,0.0029974918945372,1449.46,6.6,14.3,5.8,9359.1784241,0.2291344156,6.1,0.105,45.898490522,2.3,0.381,0.0045879978,0.2429803634,,,,,-26.0,
2020-10-23,1620,"-112.0944,46.1491",30043,"Montana, Jefferson",0.3,3.47193519054311,0.0115731173018104,140,1.0259698449212,1.02939911961109,0.0,0,0.0,,1.02744732480862,0.413337035973661,1.00982860374957,0.1143,0.0917,0.1328,,2114.81,6.1,20.1,5.9,5994.5262998,0.1451936762,7.3,0.071,35.401105156,3.0,0.265,0.0035546003,0.0181863272,,,,,-22.0,
2020-10-23,1621,"-110.2661,47.0458",30045,"Montana, Judith Basin",0.4,3.07377049180328,0.0076844262295082,15,1.03239118471,1.02939911961109,0.0,0,0.0,,1.02744732480862,0.413337035973661,1.00982860374957,0.1564,0.0287,0.0226,,1614.07,8.1,20.8,1.0,3363.1587399,0.1498125135,4.5,0.092,11.707624196,3.0,0.312,0.0005122951,0.0097336066,,,,,,
2020-10-23,1622,"-114.0898,47.6451",30047,"Montana, Lake",0.323711340206186,5.1900826446281,0.0160330578512397,485,1.0370349982763,1.02939911961109,0.002061855670103,1,3.30578512396694e-05,1.0,1.02744732480862,0.413337035973661,1.00982860374957,0.5939,0.5702,0.4253,0.004198347107438,1664.49,14.2,20.8,18.1,9607.0045233,0.1952538709,8.8,0.094,50.645653799,3.0,0.29,0.0050247934,0.2452231405,-1.0,,,,-24.0,10.0
2020-10-23,1623,"-112.3947,47.1261",30049,"Montana, Lewis and Clark",0.462162162162162,4.97816593886463,0.0107714701601164,740,1.04940358244763,1.02939911961109,0.0067567567567567,5,7.27802037845706e-05,1.07570373984278,1.02744732480862,0.413337035973661,1.00982860374957,0.0825,0.1541,0.454,0.0026346433770014,2027.58,5.7,17.3,20.9,6902.6977404,0.1414021642,6.1,0.082,172.79622103,3.3,0.267,0.004279476,0.0225909753,-12.0,-1.0,2.0,,-29.0,10.0
2020-10-23,1624,"-111.0243,48.5608",30051,"Montana, Liberty",0.178571428571429,2.05761316872428,0.011522633744856,28,1.0,1.02939911961109,0.0,0,0.0,,1.02744732480862,0.413337035973661,1.00982860374957,0.3341,0.3381,0.6154,0.0102880658436214,1812.32,8.6,24.9,1.7,,0.145263184,5.9,0.145,17.077213237,,0.351,0.004526749,0.0082304527,,,,,,
2020-10-23,1625,"-115.4046,48.5427",30053,"Montana, Lincoln",0.363295880149813,4.90047489138123,0.0134889360412246,267,1.02540339026702,1.02939911961109,0.0112359550561798,3,0.0001515610791148,1.0,1.02744732480862,0.413337035973661,1.00982860374957,0.7602,0.2499,0.1359,0.001263008992624,1359.17,10.7,27.0,5.6,8381.8353778,0.1613272834,9.0,0.096,53.167001683,3.0,0.263,0.0038900677,0.0126300899,3.0,,,,-12.0,
2020-10-23,1626,"-105.7945,47.6447",30055,"Montana, McCone",0.53448275862069,18.5074626865672,0.0346268656716418,58,1.07050661704966,1.02939911961109,0.0,0,0.0,,1.02744732480862,0.413337035973661,1.00982860374957,0.0857,0.3578,0.155,0.0149253731343284,1809.4,6.7,25.7,0.6,12770.468509,0.1327318372,5.5,0.088,19.083651622,,0.248,0.0053731343,0.0131343284,,,,,,
2020-10-23,1627,"-111.9173,45.3008",30057,"Montana, Madison",0.210526315789474,3.64963503649635,0.0173357664233577,152,1.02600281522293,1.02939911961109,0.006578947368421,1,0.0001140510948905,1.0,1.02744732480862,0.413337035973661,1.00982860374957,0.0634,0.5638,0.3954,0.0022810218978102,1923.16,9.4,27.8,2.4,5490.7301426,0.1384794954,6.8,0.063,20.288752191,2.0,0.241,0.0043339416,0.0076414234,,,,,-17.0,
2020-10-23,1628,"-110.8899,46.5991",30059,"Montana, Meagher",0.315789473684211,9.64630225080386,0.0305466237942122,57,1.02794089124322,1.02939911961109,0.0526315789473684,3,0.0016077170418006,1.05963402266705,1.02744732480862,0.413337035973661,1.00982860374957,0.2799,0.1665,0.0124,0.0133976420150054,1308.92,13.0,22.8,0.8,3919.8991788,0.1697987153,4.7,0.07,15.145178707,,0.259,0.0037513398,0.0075026795,,,,,,
2020-10-23,1629,"-115.0015,47.1528",30061,"Montana, Mineral",0.533333333333333,1.85356811862836,0.0034754402224281,15,1.04530409898895,1.02939911961109,0.0,0,0.0,,1.02744732480862,0.413337035973661,1.00982860374957,0.6522,0.1178,0.4008,0.0057924003707136,1338.77,7.7,28.0,3.3,10923.504469,0.1779198375,8.5,0.089,76.289407634,3.0,0.277,0.0046339203,0.0196941613,,,,,,
2020-10-23,1630,"-113.9214,47.0373",30063,"Montana, Missoula",0.332069339111593,5.16032359353823,0.0155398978037057,1846,1.03307207703878,1.02939911961109,0.0043336944745395,8,6.73451692468285e-05,1.06944880005339,1.02744732480862,0.413337035973661,1.00982860374957,0.2159,0.3101,0.6714,0.0034009310469648,1864.46,6.7,14.6,48.1,6134.3146943,0.1697689863,8.6,0.061,244.45469942,3.7,0.222,0.0042427457,0.0265087422,-18.0,4.0,-12.0,-7.0,-27.0,11.0
2020-10-23,1631,"-108.395,46.4968",30065,"Montana, Musselshell",0.54320987654321,9.46033111158891,0.0174156095463341,81,1.07444486373249,1.02939911961109,0.0123456790123457,1,0.0002150075252633,1.0,1.02744732480862,0.413337035973661,1.00982860374957,0.6659,0.114,0.3066,0.0053751881315846,1463.4,6.8,24.3,2.5,6767.2226721,0.1780968448,5.2,0.081,61.93638442,1.3,0.28,0.0077402709,0.0197806923,,,,,,
2020-10-23,1632,"-110.5264,45.4897",30067,"Montana, Park",0.359223300970874,4.42160611854684,0.0123087954110899,206,1.03401219172645,1.02939911961109,0.0,0,0.0,,1.02744732480862,0.413337035973661,1.00982860374957,0.0952,0.2697,0.2557,0.0014937858508604,1729.69,10.3,21.0,5.6,7524.9414903,0.1408404282,5.4,0.076,114.41597653,3.0,0.243,0.0032265774,0.0114722753,,,,,-16.0,
2020-10-23,1633,"-108.2509,47.1182",30069,"Montana, Petroleum",0.666666666666667,3.89863547758285,0.0058479532163742,3,1.0,1.02939911961109,0.0,0,0.0,,1.02744732480862,0.413337035973661,1.00982860374957,0.0296,0.0045,0.0363,,1452.3,8.6,19.4,0.3,,0.1471489552,5.1,0.043,0.8147472511,,0.27,0.0,0.0097465887,,,,,,
2020-10-23,1634,"-107.9129,48.2594",30071,"Montana, Phillips",0.203821656050955,7.8546882670594,0.0385370643102602,157,1.01754817306078,1.02939911961109,0.0,0,0.0,,1.02744732480862,0.413337035973661,1.00982860374957,0.6105,0.2267,0.2945,0.0014727540500736,1444.49,16.2,21.5,0.8,6000.4469479,0.1768961845,4.8,0.106,44.846905338,3.0,0.348,0.0017182131,0.0940108002,,,,,,
2020-10-23,1635,"-112.2253,48.2277",30073,"Montana, Pondera",0.328571428571429,7.70261219022103,0.0234427327528466,140,1.01985473127971,1.02939911961109,0.0071428571428571,1,0.0001674480910917,1.0,1.02744732480862,0.413337035973661,1.00982860374957,0.6025,0.5441,0.8803,0.0132283991962492,1564.42,8.5,19.8,3.5,8215.3762896,0.1898557132,6.0,0.121,15.691218876,3.0,0.349,0.0033489618,0.143335566,,,,,,
2020-10-23,1636,"-105.6367,45.3962",30075,"Montana, Powder River",0.425531914893617,11.6550116550117,0.0273892773892774,47,1.02701356220487,1.02939911961109,0.106382978723404,5,0.0029137529137529,,1.02744732480862,0.413337035973661,1.00982860374957,0.0541,0.0853,0.12,,1645.5,6.8,24.3,0.5,,0.1548837048,5.5,0.092,28.269939495,,0.268,0.0017482517,0.0186480186,,,,,,
2020-10-23,1637,"-112.9359,46.8554",30077,"Montana, Powell",0.831460674157303,10.6199770378875,0.0127726750861079,89,1.17963438985935,1.02939911961109,0.0,0,0.0,,1.02744732480862,0.413337035973661,1.00982860374957,0.3213,0.1894,0.4998,0.0022962112514351,1739.56,6.4,19.5,2.4,6893.6978144,0.1788678578,6.9,0.115,33.995705718,3.0,0.316,0.0114810563,0.0539609644,,,,,,
2020-10-23,1638,"-105.3794,46.8605",30079,"Montana, Prairie",0.258064516129032,7.35970561177553,0.0285188592456302,31,1.01464661052734,1.02939911961109,0.0,0,0.0,,1.02744732480862,0.413337035973661,1.00982860374957,0.2414,0.0025,0.0322,0.0202391904323827,1424.2,4.0,28.2,0.6,9967.1118961,0.1317165581,5.4,0.086,8.27699927,,0.349,0.0018399264,0.0110395584,,,,,,
2020-10-23,1639,"-114.1189,46.0852",30081,"Montana, Ravalli",0.481382978723404,4.19253219679422,0.008709348651904,376,1.04408227095989,1.02939911961109,0.0106382978723404,4,9.26526452330214e-05,1.0,1.02744732480862,0.413337035973661,1.00982860374957,0.4115,0.0853,0.1098,0.0008570369684054,1660.5,10.9,24.3,16.9,6657.96951,0.1532736336,8.7,0.066,45.555912229,3.7,0.265,0.0035671268,0.0121374965,-1.0,17.0,,,-19.0,6.0
2020-10-23,1640,"-104.5611,47.7867",30083,"Montana, Richland",0.4125,9.07174928983781,0.0219921194905159,240,1.04874274790887,1.02939911961109,0.0083333333333333,2,0.0001832676624209,1.0,1.02744732480862,0.413337035973661,1.00982860374957,0.0411,0.553,0.5167,0.010812792082837,2049.25,9.8,14.2,5.6,7790.1363844,0.1407001498,6.2,0.076,149.57429305,2.0,0.309,0.0050398607,0.0240080638,,,,,-23.0,
2020-10-23,1641,"-105.0079,48.2961",30085,"Montana, Roosevelt",0.422502870264064,33.2760647436477,0.0787593814992314,871,1.03066714955484,1.02939911961109,0.0195177956371986,17,0.0015372095126141,1.03906724058202,1.02744732480862,0.413337035973661,1.00982860374957,0.9124,0.5209,0.9131,0.0060584139614793,1517.2,27.7,10.8,4.8,19911.880785,0.311958458,6.3,0.172,67.909119938,3.0,0.352,0.0034361154,0.6060222443,,,,,-21.0,
2020-10-23,1642,"-106.7293,46.234",30087,"Montana, Rosebud",0.0595399188092016,4.85490455698996,0.081540328809445,739,1.00553317910717,1.02939911961109,0.027063599458728,20,0.0022067747986318,1.0,1.02744732480862,0.413337035973661,1.00982860374957,0.7519,0.4616,0.4409,0.0060686306962374,1819.18,18.8,14.8,2.0,14405.883797,0.2099619251,6.1,0.125,17.67101705,2.3,0.319,0.0040825334,0.3888337195,,,,,-2.0,
2020-10-23,1643,"-115.133,47.6766",30089,"Montana, Sanders",0.213483146067416,1.60418777440054,0.0075143532590341,89,1.01177118757504,1.02939911961109,0.0224719101123595,2,0.0001688618709895,1.10408951367381,1.02744732480862,0.413337035973661,1.00982860374957,0.7248,0.2254,0.1016,0.0037149611617696,1209.27,11.5,28.9,4.2,9974.0749073,0.1837693074,9.5,0.105,11.771546446,3.0,0.248,0.0028706518,0.0415400203,,,,,-18.0,
2020-10-23,1644,"-104.5038,48.7209",30091,"Montana, Sheridan",0.5,7.88551401869159,0.0157710280373832,54,1.04380436769482,1.02939911961109,0.0,0,0.0,,1.02744732480862,0.413337035973661,1.00982860374957,0.0965,0.1601,0.34,0.0283294392523364,1927.88,9.0,21.9,2.1,3946.6258563,0.1451009065,6.2,0.076,61.148627991,3.0,0.379,0.0046728972,0.0224883178,,,,,,
2020-10-23,1645,"-112.662,45.9002",30093,"Montana, Silver Bow",0.318840579710145,4.40088017603521,0.0138027605521104,483,1.02914975844255,1.02939911961109,0.0,0,0.0,,1.02744732480862,0.413337035973661,1.00982860374957,0.4726,0.2986,0.8415,0.0028005601120224,1370.39,5.3,18.3,49.1,8685.821896,0.1736256653,8.0,0.079,164.85334865,3.3,0.252,0.006944246,0.0231189095,-4.0,,,5.0,-20.0,5.0
2020-10-23,1646,"-109.395,45.6707",30095,"Montana, Stillwater",0.4,6.92259282567653,0.0173064820641913,165,1.0357873551026,1.02939911961109,0.0181818181818182,3,0.000314663310258,1.0,1.02744732480862,0.413337035973661,1.00982860374957,0.0513,0.2165,0.0926,0.0024124187119781,2121.71,6.3,21.1,4.8,4105.7055413,0.1344880817,5.3,0.088,40.867818497,3.0,0.251,0.0022026432,0.0121669813,,,,12.0,-21.0,
2020-10-23,1647,"-109.9426,45.8137",30097,"Montana, Sweet Grass",0.174603174603175,2.96495956873315,0.0169811320754717,63,1.01188315252133,1.02939911961109,0.0317460317460317,2,0.0005390835579514,1.0,1.02744732480862,0.413337035973661,1.00982860374957,0.0328,0.0876,0.0099,0.0134770889487871,1716.93,5.8,29.7,2.1,6412.5342013,0.1395205648,4.8,0.05,47.539828931,3.0,0.28,0.0037735849,0.0113207547,,,,,,
2020-10-23,1648,"-112.2411,47.8374",30099,"Montana, Teton",0.36,4.38169425511198,0.0121713729308666,75,1.02291650050535,1.02939911961109,0.0,0,0.0,,1.02744732480862,0.413337035973661,1.00982860374957,0.2118,0.0716,0.7383,0.0064913988964621,1554.39,10.6,22.6,2.5,7705.7495845,0.1488789666,5.9,0.066,13.438516949,3.0,0.243,0.0022719896,0.0172022071,,,,,,
2020-10-23,1649,"-111.6942,48.6558",30101,"Montana, Toole",0.445901639344262,28.0239027405728,0.0628477230579023,305,1.00772757455685,1.02939911961109,0.019672131147541,6,0.0012363486503193,1.0,1.02744732480862,0.413337035973661,1.00982860374957,0.4045,0.4664,0.8526,0.0051514527096641,1560.34,8.0,16.3,2.5,10274.061598,0.176224944,6.4,0.052,38.815024099,3.0,0.259,0.0105089635,0.053162992,,,,,,
2020-10-23,1650,"-107.2667,46.2097",30103,"Montana, Treasure",0.272727272727273,4.41826215022091,0.01620029455081,11,1.01370885629547,1.02939911961109,0.0,0,0.0,,1.02744732480862,0.413337035973661,1.00982860374957,0.2462,0.0175,0.0729,,1257.91,4.9,23.6,0.7,,0.1628501474,5.6,0.106,0.7168486816,,0.33,0.0,0.0338733432,,,,,,
2020-10-23,1651,"-106.667,48.3644",30105,"Montana, Valley",0.538194444444444,20.8417372596477,0.0387252924566357,288,1.04403756800225,1.02939911961109,0.0069444444444444,2,0.0002689256420599,1.0,1.02744732480862,0.413337035973661,1.00982860374957,0.215,0.2639,0.1,0.0033615705257496,1780.79,8.4,21.7,1.4,8163.2727397,0.1603464045,5.7,0.119,75.093847442,2.0,0.306,0.0048406616,0.0930482722,,,,,-14.0,
2020-10-23,1652,"-109.8465,46.4665",30107,"Montana, Wheatland",0.633333333333333,16.994633273703,0.0268336314847943,60,1.01516534655549,1.02939911961109,0.0333333333333333,2,0.0008944543828264,1.10408951367381,1.02744732480862,0.413337035973661,1.00982860374957,0.6742,0.426,0.3359,0.0111806797853309,1236.11,13.3,20.5,1.5,8464.2801416,0.1748251596,4.7,0.093,40.309575065,,0.321,0.0040250447,0.051431127,,,,,,
2020-10-23,1653,"-104.2511,46.9593",30109,"Montana, Wibaux",0.384615384615385,14.5067698259188,0.0377176015473888,39,1.01150029829051,1.02939911961109,0.0,0,0.0,,1.02744732480862,0.413337035973661,1.00982860374957,0.4707,0.3852,0.0697,,1410.86,12.8,20.9,1.0,,0.1623065243,5.3,0.077,39.496346801,,0.303,0.0,0.0116054159,,,,,,
2020-10-23,1654,"-108.2691,45.9396",30111,"Montana, Yellowstone",0.299082238617959,10.3786133123513,0.0347015368091072,5557,1.02434114030646,1.02939911961109,0.0147561633975166,82,0.0005120615473001,1.00902819989871,1.02744732480862,0.413337035973661,1.00982860374957,0.0761,0.312,0.7453,0.0036843452793545,1933.11,7.2,16.1,64.0,7198.3521251,0.1618898273,6.3,0.083,277.79510626,3.7,0.268,0.006569375,0.0484522628,-13.0,-2.0,-3.0,13.0,-21.0,9.0
2020-10-23,1655,"-98.5012,40.5245",31001,"Nebraska, Adams",0.196658097686375,4.85544730411602,0.0246897908666815,778,1.01708526899184,1.01450601496967,0.0167095115681234,13,0.0004125543461013,1.01150029829051,1.01237228389728,0.42314857241192,1.00967548671848,0.2675,0.6285,0.4565,0.0051093269017168,1714.76,7.5,17.2,57.2,7241.2696029,0.1459706455,8.0,0.11,53.446151505,4.3,0.367,0.0099647742,0.0131065342,-6.0,4.0,,,-14.0,4.0
2020-10-23,1656,"-98.0666,42.177",31003,"Nebraska, Antelope",0.231292517006803,5.36616161616162,0.0232007575757576,147,1.01331541190687,1.01450601496967,0.0068027210884353,1,0.0001578282828282,1.0,1.01237228389728,0.42314857241192,1.00967548671848,0.2197,0.3075,0.0115,0.003945707070707,1616.97,6.2,22.8,7.1,6363.13405,0.1420167286,7.5,0.095,22.160367139,3.0,0.325,0.0029987374,0.0052083333,,,,,,
2020-10-23,1657,"-101.696,41.569",31005,"Nebraska, Arthur",0.666666666666667,4.3010752688172,0.0064516129032258,3,1.0,1.01450601496967,0.0,0,0.0,,1.01237228389728,0.42314857241192,1.00967548671848,0.1268,0.0369,0.0013,,1284.43,11.5,25.4,0.6,,0.1465289338,5.3,0.038,1.8348773149,,0.345,0.0,0.0043010753,,,,,,
2020-10-23,1658,"-103.7114,41.5463",31007,"Nebraska, Banner",0.333333333333333,1.36986301369863,0.0041095890410958,3,1.05963402266705,1.01450601496967,0.0,0,0.0,,1.01237228389728,0.42314857241192,1.00967548671848,0.0169,0.3002,0.001,,1745.25,4.2,19.3,0.7,,0.1456652801,4.6,0.096,0.2252640792,,0.288,0.0191780822,0.002739726,,,,,,
2020-10-23,1659,"-99.9768,41.9131",31009,"Nebraska, Blaine",0.5,2.10084033613445,0.0042016806722689,2,,1.01450601496967,0.0,0,0.0,,1.01237228389728,0.42314857241192,1.00967548671848,0.1443,0.3082,0.1261,,1500.47,5.5,25.6,0.6,,0.1314945388,5.8,0.069,6.4422910525,,0.35,0.0042016807,0.0021008403,,,,,,
2020-10-23,1660,"-98.0674,41.7076",31011,"Nebraska, Boone",0.198529411764706,5.15365527772476,0.025959152510021,136,1.01683504445431,1.01450601496967,0.0,0,0.0,,1.01237228389728,0.42314857241192,1.00967548671848,0.0261,0.1051,0.0904,0.0047719030349303,1758.26,6.2,22.0,8.0,5364.1268268,0.1387906685,7.7,0.107,24.968878156,3.0,0.333,0.0038175224,0.0030540179,,,,,,
2020-10-23,1661,"-103.0879,42.2208",31013,"Nebraska, Box Butte",0.375,6.68399554400297,0.0178239881173413,192,1.04403756800225,1.01450601496967,0.0052083333333333,1,9.28332714444857e-05,1.0,1.01237228389728,0.42314857241192,1.00967548671848,0.2901,0.446,0.4744,0.0023208317861121,1757.81,6.8,17.2,10.6,6181.7075419,0.1551019114,4.7,0.111,28.052636625,3.0,0.361,0.0088191608,0.0452098032,,,,,-16.0,
2020-10-23,1662,"-98.7649,42.8997",31015,"Nebraska, Boyd",0.409836065573771,12.7877237851662,0.0312020460358056,61,1.03794895675351,1.01450601496967,0.0,0,0.0,,1.01237228389728,0.42314857241192,1.00967548671848,0.1057,0.1414,0.0847,0.010230179028133,1328.62,13.4,28.2,3.5,7256.6181793,0.1331625689,6.3,0.16,6.1466909757,3.0,0.362,0.0010230179,0.0148337596,,,,,,
2020-10-23,1663,"-99.929,42.4302",31017,"Nebraska, Brown",0.134328358208955,3.02724520686176,0.0225361587621931,67,1.00883276539333,1.01450601496967,0.0,0,0.0,,1.01237228389728,0.42314857241192,1.00967548671848,0.2169,0.2225,0.1636,0.0077362933064244,1473.01,12.2,26.5,2.5,11582.484774,0.1562561432,5.6,0.086,36.15783625,3.0,0.385,0.0047090481,0.008745375,,,,,,
2020-10-23,1664,"-99.075,40.8549",31019,"Nebraska, Buffalo",0.246462264150943,8.42487151063187,0.0341832107225637,1696,1.020244006264,1.01450601496967,0.0076650943396226,13,0.0002620175350196,1.11678687242049,1.01237228389728,0.42314857241192,1.00967548671848,0.1892,0.5915,0.6211,0.0052605058953945,1860.75,8.9,13.5,53.4,5301.9846749,0.1479660832,7.8,0.084,63.347668286,5.0,0.295,0.0109241157,0.0060465585,6.0,2.0,,17.0,-16.0,5.0
2020-10-23,1665,"-96.3261,41.8506",31021,"Nebraska, Burt",0.132075471698113,2.15782983970407,0.0163378545006165,106,1.01127330087083,1.01450601496967,0.0094339622641509,1,0.000154130702836,1.0,1.01237228389728,0.42314857241192,1.00967548671848,0.222,0.2436,0.276,0.002774352651048,1526.13,10.1,23.8,12.2,7164.9590058,0.1703178364,8.8,0.107,35.645265359,3.0,0.36,0.0050863132,0.0225030826,,,,,-14.0,
2020-10-23,1666,"-97.1311,41.227",31023,"Nebraska, Butler",0.364372469635628,11.1690245718541,0.0306527674360884,247,1.04055502187772,1.01450601496967,0.0040485829959514,1,0.0001241002730206,1.0,1.01237228389728,0.42314857241192,1.00967548671848,0.1175,0.3763,0.0914,0.002482005460412,1650.47,5.3,20.2,12.0,6342.0942545,0.1364821212,8.5,0.095,16.634631991,3.0,0.337,0.0058327128,0.0044676098,,,,,-9.0,
2020-10-23,1667,"-96.1397,40.909",31025,"Nebraska, Cass",0.202898550724638,3.74632057800375,0.0184640085630185,483,1.01373884235888,1.01450601496967,0.0082815734989648,4,0.0001529110440001,1.04195362743721,1.01237228389728,0.42314857241192,1.00967548671848,0.0229,0.1385,0.0493,,2286.58,6.2,16.5,35.3,5415.0946371,0.1558773076,9.3,0.117,19.94238127,4.0,0.398,0.006078214,0.005925303,,,,,-26.0,7.0
2020-10-23,1668,"-97.2531,42.5989",31027,"Nebraska, Cedar",0.195488721804511,3.07838029836609,0.015747099218565,133,1.01005991593583,1.01450601496967,0.0,0,0.0,,1.01237228389728,0.42314857241192,1.00967548671848,0.0799,0.0306,0.0156,,1788.15,5.5,21.1,10.5,5715.3631606,0.1263550952,8.1,0.088,13.957650329,3.0,0.364,0.0029599811,0.0063935591,,,,,-23.0,
2020-10-23,1669,"-101.6978,40.5237",31029,"Nebraska, Chase",0.58273381294964,20.3671108876037,0.0349509680663817,139,1.03399263421418,1.01450601496967,0.0,0,0.0,,1.01237228389728,0.42314857241192,1.00967548671848,0.172,0.6794,0.0901,0.0055318078953985,1681.89,8.1,22.4,4.6,7119.040803,0.1441586791,6.2,0.076,13.212865398,3.0,0.322,0.0047774705,0.0045260246,,,,,,
2020-10-23,1670,"-101.1244,42.545",31031,"Nebraska, Cherry",0.142857142857143,1.56222877972574,0.0109356014580802,63,1.01188315252133,1.01450601496967,0.0634920634920635,4,0.0006943239021003,1.0,1.01237228389728,0.42314857241192,1.00967548671848,0.1675,0.6017,0.2929,0.004339524388127,1607.73,5.9,21.1,1.0,6128.6628651,0.1434746814,5.0,0.078,23.077590091,3.0,0.275,0.0036452005,0.063530637,,,,,,
2020-10-23,1671,"-102.9942,41.22",31033,"Nebraska, Cheyenne",0.402439024390244,3.54457572502685,0.0088077336197637,82,1.03149500910428,1.01450601496967,0.0121951219512195,1,0.0001074113856068,1.0,1.01237228389728,0.42314857241192,1.00967548671848,0.0717,0.1882,0.2732,0.0026852846401718,2008.98,6.0,17.9,9.0,7123.3829199,0.1395940291,5.3,0.088,10.782332237,3.7,0.293,0.0048335124,0.0105263158,,,,62.0,-15.0,
2020-10-23,1672,"-98.0513,40.5244",31035,"Nebraska, Clay",0.349315068493151,8.20727389765047,0.0234953331187641,146,1.0321388896388,1.01450601496967,0.0,0,0.0,,1.01237228389728,0.42314857241192,1.00967548671848,0.2583,0.5591,0.0178,,1677.81,8.9,19.6,10.0,6058.1330321,0.1478798001,8.0,0.098,6.3446196269,3.0,0.352,0.0045059543,0.0128741551,,,,,-15.0,
2020-10-23,1673,"-97.0869,41.5749",31037,"Nebraska, Colfax",0.0884353741496599,7.16845878136201,0.0810587262200165,882,1.00665232072394,1.01450601496967,0.0079365079365079,7,0.0006433232239683,1.04924143725562,1.01237228389728,0.42314857241192,1.00967548671848,0.5834,0.965,0.3139,0.0022975829427442,1631.43,13.5,12.4,25.6,6303.3330268,0.1487880765,8.6,0.067,31.041802337,3.0,0.316,0.0378641669,0.0334528076,,,,,-14.0,
2020-10-23,1674,"-96.7873,41.9164",31039,"Nebraska, Cuming",0.21875,6.26398210290828,0.0286353467561521,256,1.01796553667459,1.01450601496967,0.00390625,1,0.0001118568232662,,1.01237228389728,0.42314857241192,1.00967548671848,0.2162,0.5361,0.0933,0.0027964205816554,1727.31,7.5,21.6,15.4,3837.4364308,0.1306847538,8.7,0.096,45.165273114,3.0,0.355,0.0025727069,0.0082774049,,,,,-13.0,
2020-10-23,1675,"-99.7281,41.3937",31041,"Nebraska, Custer",0.357142857142857,6.45756457564576,0.0180811808118081,196,1.03033831362892,1.01450601496967,0.0204081632653061,4,0.0003690036900369,1.0,1.01237228389728,0.42314857241192,1.00967548671848,0.0946,0.3282,0.1379,0.0032287822878228,1679.55,7.1,21.6,4.3,5833.9899,0.1479918233,6.7,0.11,40.620420246,3.0,0.36,0.0056273063,0.0063653137,,,,,-14.0,
2020-10-23,1676,"-96.5666,42.3904",31043,"Nebraska, Dakota",0.0589651022864019,7.3196235622168,0.124134840412289,2493,1.00395856882491,1.01450601496967,0.01764941837144,44,0.0021909077329084,1.0,1.01237228389728,0.42314857241192,1.00967548671848,0.7236,0.9599,0.8055,,1557.47,12.8,12.9,85.6,5596.0362007,0.1689220353,8.9,0.109,141.76873361,4.0,0.386,0.0539759996,0.040382413,-12.0,,,,-17.0,7.0
2020-10-23,1677,"-103.1314,42.7199",31045,"Nebraska, Dawes",0.286407766990291,6.7691601652134,0.0236346948141349,206,1.01785313570934,1.01450601496967,0.0,0,0.0,,1.01237228389728,0.42314857241192,1.00967548671848,0.2127,0.2159,0.5441,0.0028682882055989,1248.92,9.7,17.7,6.6,5947.9194698,0.1495495499,4.1,0.076,37.970682814,3.0,0.28,0.0174391923,0.040614961,,,,,-14.0,
2020-10-23,1678,"-99.8201,40.8703",31047,"Nebraska, Dawson",0.0962783171521036,5.01919102450546,0.0521321017335189,1236,1.00774732418457,1.01450601496967,0.0121359223300971,15,0.0006326711375427,1.00990485606307,1.01237228389728,0.42314857241192,1.00967548671848,0.5261,0.9319,0.7475,0.0024463283984984,1647.79,10.5,15.4,23.5,5770.0118422,0.1395749112,7.2,0.114,31.876543995,3.7,0.356,0.0571512928,0.0186848876,20.0,,,,-11.0,3.0
2020-10-23,1679,"-102.3333,41.1117",31049,"Nebraska, Deuel",0.5,2.19178082191781,0.0043835616438356,8,1.04195362743721,1.01450601496967,0.0,0,0.0,,1.01237228389728,0.42314857241192,1.00967548671848,0.3121,0.5275,0.0137,,1642.31,15.1,24.6,3.8,5507.7627247,0.1394962069,5.6,0.12,20.933097321,3.0,0.355,0.0021917808,0.015890411,,,,46.0,,
2020-10-23,1680,"-96.8678,42.4919",31051,"Nebraska, Dixon",0.157894736842105,4.20388859695218,0.0266246277806971,152,1.00775379492937,1.01450601496967,0.0131578947368421,2,0.000350324049746,1.0,1.01237228389728,0.42314857241192,1.00967548671848,0.3264,0.702,0.1904,,1759.59,5.9,19.6,9.8,4694.2019391,0.130838361,8.5,0.092,15.228810258,3.0,0.359,0.0035032405,0.0099842354,,,,,-21.0,
2020-10-23,1681,"-96.656,41.5807",31053,"Nebraska, Dodge",0.122610415293342,5.05558424614716,0.0412329102226088,1517,1.00766946671179,1.01450601496967,0.011206328279499,17,0.0004620695278736,1.01804126125684,1.01237228389728,0.42314857241192,1.00967548671848,0.3771,0.7393,0.5737,0.0022016253975157,1644.17,9.6,18.7,68.5,6973.3621372,0.1739900728,9.0,0.12,42.985863043,5.0,0.352,0.0093772934,0.0153841972,4.0,8.0,,,-17.0,4.0
2020-10-23,1682,"-96.1509,41.2952",31055,"Nebraska, Douglas",0.155106707317073,5.74372001128987,0.0370307648885126,20992,1.01290427976734,1.01450601496967,0.0103372713414634,217,0.0003827970646344,1.00401363601579,1.01237228389728,0.42314857241192,1.00967548671848,0.2338,0.8459,0.6606,0.0040255433248659,2203.78,9.2,12.3,1860.1,6440.1113627,0.1589361354,9.5,0.088,309.62297626,5.0,0.301,0.1104254869,0.0122283376,-13.0,3.0,-3.0,-19.0,-31.0,9.0
2020-10-23,1683,"-101.6877,40.1764",31057,"Nebraska, Dundy",0.166666666666667,1.69491525423729,0.0101694915254237,18,1.01696850489722,1.01450601496967,0.0555555555555556,1,0.0005649717514124,1.0,1.01237228389728,0.42314857241192,1.00967548671848,0.3666,0.6689,0.0509,0.007909604519774,1639.71,15.2,19.9,2.2,7653.3028004,0.156888851,6.2,0.073,4.8570409244,2.3,0.345,0.004519774,0.0163841808,,,,,,
2020-10-23,1684,"-97.5965,40.5246",31059,"Nebraska, Fillmore",0.314606741573034,5.06603944273566,0.0161027682286955,89,1.03919559973014,1.01450601496967,0.0112359550561798,1,0.0001809299800977,1.0,1.01237228389728,0.42314857241192,1.00967548671848,0.0822,0.2627,0.0656,0.003618599601954,1757.71,5.8,23.3,10.2,4510.4390391,0.1377712701,8.2,0.128,8.3989458678,3.0,0.324,0.0070562692,0.0085037091,,,,,-23.0,
2020-10-23,1685,"-98.953,40.1764",31061,"Nebraska, Franklin",0.411764705882353,11.5779027456169,0.028117763810784,85,1.03680343450237,1.01450601496967,0.0,0,0.0,,1.01237228389728,0.42314857241192,1.00967548671848,0.2022,0.1579,0.0481,0.0046311610982467,1614.63,5.0,26.5,4.7,12124.060048,0.1471571437,7.3,0.064,6.9425647649,2.3,0.303,0.0016539861,0.0056235528,,,,,,
2020-10-23,1686,"-100.3925,40.5299",31063,"Nebraska, Frontier",0.606060606060606,7.66871165644172,0.0126533742331288,33,1.0465440871019,1.01450601496967,0.0,0,0.0,,1.01237228389728,0.42314857241192,1.00967548671848,0.1344,0.0341,0.2222,,1588.99,9.6,24.9,2.6,4131.1839347,0.1385209261,6.5,0.111,8.4476533919,3.0,0.435,0.004601227,0.0053680982,,,,,,
2020-10-23,1687,"-99.9125,40.1764",31065,"Nebraska, Furnas",0.348837209302326,6.3626723223754,0.0182396606574761,86,1.02984410489444,1.01450601496967,0.0348837209302326,3,0.0006362672322375,1.05963402266705,1.01237228389728,0.42314857241192,1.00967548671848,0.2605,0.1433,0.1621,0.0042417815482502,1401.8,8.2,23.9,6.8,6771.5591233,0.1553281938,6.9,0.103,29.505276545,3.0,0.341,0.0044538706,0.0072110286,,,,,,
2020-10-23,1688,"-96.6895,40.2619",31067,"Nebraska, Gage",0.366935483870968,8.46787326106174,0.0230772809752012,496,1.03918239565912,1.01450601496967,0.0100806451612903,5,0.0002326338807983,1.0,1.01237228389728,0.42314857241192,1.00967548671848,0.2242,0.1159,0.1264,0.001163169403992,1648.13,5.3,20.4,24.2,7768.3859175,0.1459456533,8.9,0.109,38.361104649,4.0,0.386,0.0073047039,0.0066998558,18.0,,,,-5.0,1.0
2020-10-23,1689,"-102.3314,41.617",31069,"Nebraska, Garden",0.277777777777778,2.63574064312072,0.0094886663152345,18,1.02638809625704,1.01450601496967,0.0,0,0.0,,1.01237228389728,0.42314857241192,1.00967548671848,0.0328,0.0519,0.0287,0.0052714812862414,1699.11,9.9,26.0,1.1,3888.8555434,0.1426143155,5.0,0.124,14.414235199,3.0,0.289,0.0036900369,0.0126515551,,,,,,
2020-10-23,1690,"-98.9911,41.9143",31071,"Nebraska, Garfield",0.5,5.53598389531958,0.0110719677906392,22,1.05623761998229,1.01450601496967,0.0,0,0.0,,1.01237228389728,0.42314857241192,1.00967548671848,0.0624,0.0131,0.086,,1453.3,3.8,28.3,3.7,10692.009637,0.1334198696,6.5,0.068,3.7898289258,3.0,0.275,0.0020130851,0.0025163563,,,,,,
2020-10-23,1691,"-99.8302,40.5148",31073,"Nebraska, Gosper",0.127272727272727,3.50701402805611,0.0275551102204409,55,1.00804496919444,1.01450601496967,0.0,0,0.0,,1.01237228389728,0.42314857241192,1.00967548671848,0.0096,0.0812,0.0315,,1870.35,5.1,25.2,3.7,6619.8169512,0.1228790391,6.9,0.069,17.210813943,3.0,0.252,0.0065130261,0.006012024,,,,,,
2020-10-23,1692,"-101.7407,41.9153",31075,"Nebraska, Grant",0.5,3.03030303030303,0.006060606060606,4,1.10408951367381,1.01450601496967,0.0,0,0.0,,1.01237228389728,0.42314857241192,1.00967548671848,0.4589,0.0118,0.1363,,1287.21,11.4,22.1,0.8,,0.1639898566,5.1,0.072,6.7699875711,,0.334,0.0015151515,0.0015151515,,,,,,
2020-10-23,1693,"-98.5215,41.5674",31077,"Nebraska, Greeley",0.195652173913043,3.82003395585739,0.0195246179966044,46,1.01308078292908,1.01450601496967,0.0,0,0.0,,1.01237228389728,0.42314857241192,1.00967548671848,0.1299,0.0764,0.0175,,1565.16,6.1,25.0,3.8,4743.8701958,0.1326973918,7.1,0.1,5.3870920493,3.0,0.384,0.0067911715,0.0012733447,,,,,,
2020-10-23,1694,"-98.5022,40.8726",31079,"Nebraska, Hall",0.142170604725671,5.76233220250945,0.0405311084779327,2497,1.0093201765541,1.01450601496967,0.0196235482579095,49,0.0007953641631632,1.00294995503671,1.01237228389728,0.42314857241192,1.00967548671848,0.4455,0.8838,0.5909,0.0025808755498563,1862.95,11.9,14.4,122.5,6880.4191097,0.1571880189,7.9,0.103,59.6542743,5.0,0.349,0.0306134043,0.0193484507,0.0,6.0,,32.0,-14.0,4.0
2020-10-23,1695,"-98.021,40.8735",31081,"Nebraska, Hamilton",0.257777777777778,6.25,0.0242456896551724,225,1.01409562067793,1.01450601496967,0.0533333333333333,12,0.0012931034482758,1.0,1.01237228389728,0.42314857241192,1.00967548671848,0.0194,0.0675,0.0185,0.0015086206896551,1949.25,5.8,19.0,15.8,5047.1307983,0.1253978336,8.1,0.094,33.857917453,3.0,0.306,0.0034482759,0.0033405172,,,,33.0,-12.0,
2020-10-23,1696,"-99.4044,40.1766",31083,"Nebraska, Harlan",0.403846153846154,6.17465451337842,0.0152896206997942,52,1.02415191411056,1.01450601496967,0.0,0,0.0,,1.01237228389728,0.42314857241192,1.00967548671848,0.2124,0.2257,0.0662,0.0055865921787709,1487.42,6.7,25.0,5.3,8620.5592176,0.1503883813,7.1,0.111,13.080131488,3.0,0.347,0.0023522493,0.0058806233,,,,,,
2020-10-23,1697,"-101.0604,40.5245",31085,"Nebraska, Hayes",0.894736842105263,18.5589519650655,0.0207423580786026,19,1.17900221636237,1.01450601496967,0.0,0,0.0,,1.01237228389728,0.42314857241192,1.00967548671848,0.2987,0.4998,0.0006,,1639.03,8.3,18.1,1.2,,0.1415429243,6.2,0.08,0.6732426954,,0.253,0.0032751092,0.0054585153,,,,,,
2020-10-23,1698,"-101.0416,40.1761",31087,"Nebraska, Hitchcock",0.588235294117647,7.12758374910905,0.0121168923734854,34,1.04490543205253,1.01450601496967,0.0,0,0.0,,1.01237228389728,0.42314857241192,1.00967548671848,0.2691,0.0863,0.1372,,1423.07,10.5,24.8,3.3,11965.239993,0.1610582183,6.3,0.102,14.285344341,3.0,0.377,0.0021382751,0.0053456878,,,,,,
2020-10-23,1699,"-98.784,42.4552",31089,"Nebraska, Holt",0.43265306122449,10.4146197681273,0.0240715268225585,245,1.0354366922852,1.01450601496967,0.0040816326530612,1,9.82511298879937e-05,1.0,1.01237228389728,0.42314857241192,1.00967548671848,0.0615,0.3407,0.1086,0.0042247985851837,1614.19,6.0,21.2,4.3,4770.251107,0.1344544389,6.7,0.102,36.898369414,3.0,0.32,0.0032422873,0.0073688347,,,,,-24.0,
2020-10-23,1700,"-101.1354,41.9159",31091,"Nebraska, Hooker",0.380952380952381,11.7302052785924,0.030791788856305,21,1.02226578920968,1.01450601496967,0.0476190476190476,1,0.001466275659824,1.0,1.01237228389728,0.42314857241192,1.00967548671848,0.2882,0.0169,0.1557,,1325.47,8.5,32.7,1.2,,0.1300172646,5.3,0.087,10.457354356,,0.266,0.0,0.004398827,,,,,,
2020-10-23,1701,"-98.5166,41.2201",31093,"Nebraska, Howard",0.122137404580153,2.47371675943105,0.0202535559678417,131,1.01021990995455,1.01450601496967,0.0381679389312977,5,0.0007730364873222,1.0,1.01237228389728,0.42314857241192,1.00967548671848,0.1997,0.2044,0.0261,0.003865182436611,1709.63,6.0,21.1,8.8,3153.8985357,0.148096562,7.5,0.111,9.370162663,3.0,0.373,0.0047928262,0.0060296846,,,,,-11.0,
2020-10-23,1702,"-97.1426,40.1758",31095,"Nebraska, Jefferson",0.5375,6.05889812596872,0.0112723686064534,80,1.05498614657627,1.01450601496967,0.0,0,0.0,,1.01237228389728,0.42314857241192,1.00967548671848,0.2293,0.4432,0.0793,0.0023953783288713,1488.2,5.6,23.2,13.1,4778.4052485,0.1544844593,8.4,0.097,38.637827936,3.0,0.366,0.0046498521,0.007890658,,,,,-27.0,
2020-10-23,1703,"-96.2652,40.3926",31097,"Nebraska, Johnson",0.237113402061856,4.47993767043241,0.0188936501753019,97,1.01400779737741,1.01450601496967,0.0,0,0.0,,1.01237228389728,0.42314857241192,1.00967548671848,0.3414,0.7141,0.8287,0.0035060381768601,1457.28,6.1,18.2,12.4,7717.9489563,0.158611278,8.9,0.1,11.100506886,3.0,0.365,0.0619400078,0.0155823919,,,,,,
2020-10-23,1704,"-98.9488,40.5066",31099,"Nebraska, Kearney",0.317269076305221,12.0721271393643,0.0380501222493888,249,1.01394170551339,1.01450601496967,0.0,0,0.0,,1.01237228389728,0.42314857241192,1.00967548671848,0.0771,0.2932,0.1792,0.0015281173594132,1806.36,6.1,19.1,12.4,6942.977531,0.1492266342,7.5,0.1,30.042933103,3.0,0.374,0.0024449878,0.0056540342,,,,,-25.0,
2020-10-23,1705,"-101.662,41.1993",31101,"Nebraska, Keith",0.204545454545455,2.24410921331505,0.0109712005984291,88,1.01925902092718,1.01450601496967,0.0,0,0.0,,1.01237228389728,0.42314857241192,1.00967548671848,0.2341,0.3021,0.2932,0.002244109213315,1503.25,8.0,26.5,7.4,7369.0038453,0.1510700571,6.0,0.097,20.468365082,3.7,0.301,0.0077297095,0.0076050368,,,,37.0,-16.0,
2020-10-23,1706,"-99.7134,42.8799",31103,"Nebraska, Keya Paha",0.444444444444444,4.93827160493827,0.0111111111111111,9,1.01696850489722,1.01450601496967,0.0,0,0.0,,1.01237228389728,0.42314857241192,1.00967548671848,0.0108,0.0032,0.0032,,1450.2,6.4,23.2,0.9,,0.1185104217,5.6,0.136,3.4474032318,,0.299,0.0,0.0061728395,,,,,,
2020-10-23,1707,"-103.7148,41.1977",31105,"Nebraska, Kimball",0.404761904761905,4.69872857932559,0.0116086235489221,42,1.03505205734318,1.01450601496967,0.0,0,0.0,,1.01237228389728,0.42314857241192,1.00967548671848,0.529,0.4524,0.2423,0.0033167495854063,1433.48,13.6,24.4,3.8,9489.4303569,0.1514006041,4.8,0.119,21.46410979,3.0,0.386,0.002763958,0.0226644555,,,,,-37.0,
2020-10-23,1708,"-97.8918,42.6376",31107,"Nebraska, Knox",0.156626506024096,4.63237914241596,0.0295759591400404,249,1.00768956997167,1.01450601496967,0.0040160642570281,1,0.0001187789523696,,1.01237228389728,0.42314857241192,1.00967548671848,0.2201,0.4565,0.4721,0.0027319159045017,1562.28,7.8,24.1,7.2,7026.6635809,0.1348708893,7.6,0.102,5.5038923208,3.0,0.32,0.0034445896,0.1027437938,,,,,-24.0,
2020-10-23,1709,"-96.6878,40.7842",31109,"Nebraska, Lancaster",0.158007371299489,4.18883481681333,0.0265103759550165,8411,1.01163064627575,1.01450601496967,0.0047556770895256,40,0.0001260747875639,1.06347347762604,1.01237228389728,0.42314857241192,1.00967548671848,0.1573,0.6988,0.6925,0.0031014397740739,2025.81,7.2,13.0,390.0,5410.9664078,0.1289922142,9.1,0.075,106.42396083,5.0,0.287,0.0396568244,0.0098149222,-11.0,4.0,7.0,-15.0,-23.0,8.0
2020-10-23,1710,"-100.7475,41.0466",31111,"Nebraska, Lincoln",0.312751677852349,6.62214011652693,0.0211737956515561,745,1.02729665185771,1.01450601496967,0.0093959731543624,7,0.0001989484155179,1.08322761045516,1.01237228389728,0.42314857241192,1.00967548671848,0.1338,0.333,0.7491,0.003296859457155,1786.34,9.4,18.3,14.5,7487.8134017,0.1581891442,6.5,0.119,42.745367725,4.0,0.372,0.010686372,0.0108853204,2.0,23.0,,30.0,-23.0,7.0
2020-10-23,1711,"-100.4818,41.5665",31113,"Nebraska, Logan",0.222222222222222,2.67022696929239,0.0120160213618158,9,1.01696850489722,1.01450601496967,0.0,0,0.0,,1.01237228389728,0.42314857241192,1.00967548671848,0.1494,0.3677,0.1009,,1469.18,8.5,19.4,1.2,,0.1465860801,5.8,0.113,4.7218284742,,0.349,0.0013351135,0.0093457944,,,,,,
2020-10-23,1712,"-99.4544,41.9137",31115,"Nebraska, Loup",0.5,4.85436893203883,0.0097087378640776,6,1.02638809625704,1.01450601496967,0.0,0,0.0,,1.01237228389728,0.42314857241192,1.00967548671848,0.0439,0.0048,0.0067,,1641.59,5.1,28.9,1.0,,0.1305580222,6.1,0.074,7.6797664989,,0.306,0.0113268608,0.003236246,,,,,,
2020-10-23,1713,"-101.0599,41.568",31117,"Nebraska, McPherson",0.3,6.09756097560976,0.0203252032520325,10,1.05227402814137,1.01450601496967,0.0,0,0.0,,1.01237228389728,0.42314857241192,1.00967548671848,0.3682,0.0417,0.0643,,1570.3,4.6,22.0,0.5,,0.1428615174,5.6,0.194,1.7032188259,,0.268,0.0040650407,0.0,,,,,,
2020-10-23,1714,"-97.6005,41.9168",31119,"Nebraska, Madison",0.194542253521127,6.24434900542495,0.0320976491862568,1136,1.01679277987538,1.01450601496967,0.0070422535211267,8,0.0002260397830018,1.0,1.01237228389728,0.42314857241192,1.00967548671848,0.3331,0.7896,0.6848,0.0037014014466546,1645.8,8.8,15.3,67.8,7492.3454509,0.15489283,8.3,0.11,66.339493775,5.0,0.342,0.0120931284,0.0203718354,-9.0,-10.0,,,-20.0,6.0
2020-10-23,1715,"-98.0375,41.1662",31121,"Nebraska, Merrick",0.232558139534884,3.87947756368809,0.0166817535238588,129,1.02302274443395,1.01450601496967,0.0077519379844961,1,0.0001293159187896,1.0,1.01237228389728,0.42314857241192,1.00967548671848,0.1086,0.2165,0.5587,0.002586318375792,1584.19,9.1,19.8,14.3,5579.3228668,0.1555087525,8.0,0.155,39.967180622,3.7,0.383,0.0036208457,0.0085348506,,,,,-11.0,
2020-10-23,1716,"-103.0061,41.7171",31123,"Nebraska, Morrill",0.225490196078431,4.9082373026035,0.0217669654289373,102,1.01643550195036,1.01450601496967,0.0,0,0.0,,1.01237228389728,0.42314857241192,1.00967548671848,0.4124,0.7026,0.1172,0.0042680324370465,1528.77,9.3,20.2,3.2,6527.87474,0.1459330521,4.9,0.137,32.138479397,3.0,0.377,0.0027742211,0.0185659411,,,,,,
2020-10-23,1717,"-97.9933,41.3975",31125,"Nebraska, Nance",0.171052631578947,3.6806342015855,0.0215175537938845,76,1.01389954647601,1.01450601496967,0.0,0,0.0,,1.01237228389728,0.42314857241192,1.00967548671848,0.1818,0.0653,0.0487,0.0053793884484711,1564.41,5.8,20.1,7.3,4397.2041395,0.1513503873,7.8,0.114,23.435505319,3.0,0.307,0.004813137,0.0076443941,,,,,,
2020-10-23,1718,"-95.8543,40.3851",31127,"Nebraska, Nemaha",0.128834355828221,3.01810865191147,0.0234262719172176,163,1.01003136300525,1.01450601496967,0.0,0,0.0,,1.01237228389728,0.42314857241192,1.00967548671848,0.2541,0.1821,0.2245,0.0022995113538373,1808.45,6.5,19.4,17.7,7625.9832884,0.1470043137,9.0,0.105,32.522440249,3.0,0.386,0.0135096292,0.0050301811,,,,,,
2020-10-23,1719,"-98.0474,40.1764",31129,"Nebraska, Nuckolls",0.759493670886076,14.3027413587604,0.0188319427890346,79,1.0615641648765,1.01450601496967,0.0,0,0.0,,1.01237228389728,0.42314857241192,1.00967548671848,0.1994,0.326,0.1598,0.0059594755661501,1388.06,6.7,26.8,6.8,6028.4132361,0.1418944577,7.8,0.103,21.952807556,3.0,0.344,0.0019070322,0.0057210965,,,,,,
2020-10-23,1720,"-96.1337,40.6484",31131,"Nebraska, Otoe",0.282142857142857,4.9421332499218,0.0175164216452925,280,1.02045323840167,1.01450601496967,0.0035714285714285,1,6.25586487331874e-05,1.0,1.01237228389728,0.42314857241192,1.00967548671848,0.1659,0.545,0.1487,0.0022521113543947,1781.67,6.4,19.0,24.5,4863.977397,0.137629247,9.2,0.124,30.360134145,4.0,0.397,0.0078198311,0.0066312168,,,,,-15.0,
2020-10-23,1721,"-96.2371,40.1314",31133,"Nebraska, Pawnee",0.25,2.65957446808511,0.0106382978723404,28,1.02226578920968,1.01450601496967,0.0,0,0.0,,1.01237228389728,0.42314857241192,1.00967548671848,0.4057,0.1716,0.3212,0.0041793313069908,1504.41,13.2,27.4,6.0,6571.304274,0.1529865176,8.7,0.075,11.6931611,3.0,0.329,0.0056990881,0.001899696,,,,,,
2020-10-23,1722,"-101.6503,40.8508",31135,"Nebraska, Perkins",0.170731707317073,2.38989416182998,0.0139979515192899,41,1.0187526821158,1.01450601496967,0.24390243902439,10,0.0034141345168999,1.0,1.01237228389728,0.42314857241192,1.00967548671848,0.0694,0.2155,0.0439,0.0068282690337999,1796.01,4.8,22.7,3.5,5039.3454019,0.1206933963,6.1,0.108,20.883162724,3.0,0.256,0.0058040287,0.0034141345,,,,,,
2020-10-23,1723,"-99.4146,40.5116",31137,"Nebraska, Phelps",0.40590405904059,12.2276567363273,0.030124499777679,271,1.0378093333116,1.01450601496967,0.0,0,0.0,,1.01237228389728,0.42314857241192,1.00967548671848,0.0392,0.3954,0.2674,0.0027790128946198,1761.33,3.9,19.8,17.7,4782.9429012,0.1338236257,7.5,0.1,82.869131163,4.0,0.368,0.0038906181,0.0082258782,,,,,-25.0,
2020-10-23,1724,"-97.6012,42.2643",31139,"Nebraska, Pierce",0.305389221556886,7.14085690282834,0.0233828059367124,167,1.01839008487831,1.01450601496967,0.0479041916167665,8,0.0011201344161299,1.0,1.01237228389728,0.42314857241192,1.00967548671848,0.0417,0.1732,0.0385,0.0056006720806496,1725.61,4.6,18.5,10.1,8884.905533,0.145828616,7.9,0.114,22.131668279,3.0,0.323,0.0043405209,0.0037804537,,,,,-16.0,
2020-10-23,1725,"-97.5214,41.5725",31141,"Nebraska, Platte",0.170547945205479,7.46335761172556,0.0437610526631298,1460,1.0126519583778,1.01450601496967,0.0047945205479452,7,0.000209813266193,1.04924143725562,1.01237228389728,0.42314857241192,1.00967548671848,0.2067,0.8032,0.3442,0.0015286395108353,1846.68,9.1,16.9,52.2,5279.8235926,0.1489869763,8.6,0.094,84.979024191,4.3,0.358,0.0064442646,0.0132182358,-3.0,-2.0,,-7.0,-12.0,3.0
2020-10-23,1726,"-97.5663,41.1881",31143,"Nebraska, Polk",0.412087912087912,14.2099280030315,0.0344827586206897,182,1.02800957861816,1.01450601496967,0.0164835164835165,3,0.0005683971201212,1.16993081275869,1.01237228389728,0.42314857241192,1.00967548671848,0.1978,0.3973,0.2464,0.0030314513073133,2030.37,12.0,21.1,10.3,7933.6375451,0.1360169647,8.2,0.104,22.000801487,3.0,0.352,0.0017051914,0.0060629026,,,,,,
2020-10-23,1727,"-100.477,40.1756",31145,"Nebraska, Red Willow",0.511111111111111,8.57728883087824,0.0167816520604139,180,1.04417768847511,1.01450601496967,0.0,0,0.0,,1.01237228389728,0.42314857241192,1.00967548671848,0.2248,0.2343,0.4365,0.0023307850083908,1560.18,8.2,19.6,15.7,6658.4148777,0.1562492246,6.7,0.09,38.682919182,4.0,0.349,0.0131456274,0.007924669,,,,,-15.0,
2020-10-23,1728,"-95.7176,40.1247",31147,"Nebraska, Richardson",0.244444444444444,2.77182814665491,0.0113392969635883,90,1.01879760858828,1.01450601496967,0.0222222222222222,2,0.0002519843769686,1.0,1.01237228389728,0.42314857241192,1.00967548671848,0.1981,0.1328,0.029,0.0030238125236235,1506.08,8.7,23.8,12.9,7602.6255435,0.1681022825,9.3,0.104,37.519408797,3.0,0.363,0.0037797657,0.0317500315,,,,,-6.0,
2020-10-23,1729,"-99.4483,42.4225",31149,"Nebraska, Rock",0.12962962962963,5.14705882352941,0.0397058823529412,54,1.01105509534937,1.01450601496967,0.0185185185185185,1,0.000735294117647,1.0,1.01237228389728,0.42314857241192,1.00967548671848,0.0076,0.1592,0.0713,0.0176470588235294,1613.35,9.0,27.2,1.4,11081.210588,0.1318272905,5.9,0.152,17.338118976,3.0,0.347,0.0014705882,0.0095588235,,,,,,
2020-10-23,1730,"-97.1409,40.5242",31151,"Nebraska, Saline",0.101149425287356,6.13240418118467,0.0606271777003484,870,1.00866722012354,1.01450601496967,0.0022988505747126,2,0.0001393728222996,1.0,1.01237228389728,0.42314857241192,1.00967548671848,0.501,0.8784,0.5339,0.0029965156794425,1557.64,12.7,14.2,25.5,5900.7422415,0.1547058982,8.6,0.118,34.527495863,4.0,0.366,0.008989547,0.0183275261,,,,,-9.0,
2020-10-23,1731,"-96.1116,41.1131",31153,"Nebraska, Sarpy",0.223786587625046,6.54888078109499,0.029263955675787,5398,1.01652184709542,1.01450601496967,0.0064838829195998,35,0.0001897440623661,1.01288402997981,1.01237228389728,0.42314857241192,1.00967548671848,0.0121,0.6001,0.1439,0.0009541415707555,2517.31,5.4,11.0,647.7,4882.6882578,0.1297344456,9.5,0.093,90.479860142,5.0,0.326,0.0391414894,0.0073674909,-2.0,-1.0,44.0,12.0,-29.0,9.0
2020-10-23,1732,"-96.6377,41.2278",31155,"Nebraska, Saunders",0.145996860282575,4.36558231235037,0.0299018917523354,637,1.01199275265131,1.01450601496967,0.0062794348508634,4,0.0001877669811763,1.0,1.01237228389728,0.42314857241192,1.00967548671848,0.049,0.2365,0.0302,0.0007510679247054,2197.66,4.5,17.8,22.4,5986.5438283,0.1404424784,9.1,0.109,18.667959843,4.0,0.345,0.0049288833,0.0048819415,,,,,-23.0,5.0
2020-10-23,1733,"-103.7081,41.8507",31157,"Nebraska, Scotts Bluff",0.302147239263804,5.47389480118925,0.0181166467531746,652,1.03924248637552,1.01450601496967,0.0122699386503067,8,0.0002222901442107,1.0,1.01237228389728,0.42314857241192,1.00967548671848,0.4229,0.7412,0.2878,0.0046125204923726,1633.91,9.3,18.4,50.7,7424.3131464,0.1820336043,5.0,0.115,50.896775683,3.7,0.355,0.0080580177,0.0337881019,-13.0,4.0,,,-19.0,7.0
2020-10-23,1734,"-97.1397,40.8724",31159,"Nebraska, Seward",0.206686930091185,3.92655040997806,0.018997574777688,329,1.0212342352692,1.01450601496967,0.0091185410334346,3,0.000173230165146,1.0,1.01237228389728,0.42314857241192,1.00967548671848,0.0347,0.155,0.2394,0.0013858413211687,2111.81,5.1,16.7,26.6,5410.8471509,0.1358258961,8.6,0.097,33.670815946,4.3,0.314,0.0068137198,0.005196905,,,,,-13.0,
2020-10-23,1735,"-102.4127,42.5028",31161,"Nebraska, Sheridan",0.429824561403509,9.44123314065511,0.0219653179190751,114,1.03599882662726,1.01450601496967,0.0,0,0.0,,1.01237228389728,0.42314857241192,1.00967548671848,0.3525,0.49,0.7736,0.0048169556840077,1429.59,12.4,25.1,2.0,8397.9003461,0.162492126,4.6,0.126,15.395860596,3.0,0.319,0.0040462428,0.1069364162,,,,,,
2020-10-23,1736,"-98.9759,41.2205",31163,"Nebraska, Sherman",0.189189189189189,2.30414746543779,0.0121790651744569,37,1.01647863522043,1.01450601496967,0.0810810810810811,3,0.0009874917709019,1.05963402266705,1.01237228389728,0.42314857241192,1.00967548671848,0.1529,0.1764,0.0627,,1474.96,9.1,26.1,4.7,7279.6535047,0.1400569482,7.1,0.114,5.3012856583,3.0,0.357,0.0023041475,0.0039499671,,,,,,
2020-10-23,1737,"-103.7577,42.4893",31165,"Nebraska, Sioux",0.416666666666667,4.212299915754,0.0101095197978096,12,1.01250777270301,1.01450601496967,0.0,0,0.0,,1.01237228389728,0.42314857241192,1.00967548671848,0.1398,0.1178,0.0325,,1582.64,8.0,21.8,0.5,,0.1414451132,3.8,0.07,1.8857519721,,0.232,0.00168492,0.0151642797,,,,,,
2020-10-23,1738,"-97.1939,41.917",31167,"Nebraska, Stanton",0.261538461538462,2.84757118927973,0.0108877721943049,65,1.02415191411056,1.01450601496967,0.0,0,0.0,,1.01237228389728,0.42314857241192,1.00967548671848,0.0666,0.4909,0.0057,,1780.78,4.4,16.6,11.5,6264.3121024,0.1406903313,8.3,0.072,5.1281148915,3.0,0.381,0.008040201,0.0083752094,,,,,-16.0,
2020-10-23,1739,"-97.595,40.1763",31169,"Nebraska, Thayer",0.345454545454545,3.77058940265926,0.0109148640603294,55,1.03927501250899,1.01450601496967,0.0,0,0.0,,1.01237228389728,0.42314857241192,1.00967548671848,0.0796,0.1334,0.0608,0.0037705894026592,1651.58,4.9,25.1,9.2,7484.2596593,0.1346677152,8.1,0.089,3.9717954808,3.0,0.33,0.0041674936,0.0041674936,,,,,,
2020-10-23,1740,"-100.5557,41.9136",31171,"Nebraska, Thomas",0.3,4.16666666666667,0.0138888888888889,10,1.03239118471,1.01450601496967,0.0,0,0.0,,1.01237228389728,0.42314857241192,1.00967548671848,0.1264,0.007,0.0029,,1716.47,2.8,22.3,1.0,,0.1376504718,5.5,0.063,14.138532102,,0.274,0.0083333333,0.0180555556,,,,,,
2020-10-23,1741,"-96.5416,42.1573",31173,"Nebraska, Thurston",0.0739549839228296,3.14939066137204,0.0425852389429002,311,1.00611856033932,1.01450601496967,0.0128617363344051,4,0.0005477201150212,1.0,1.01237228389728,0.42314857241192,1.00967548671848,0.8952,0.8437,0.6377,0.0028755306038614,1506.8,25.3,12.1,19.5,16595.712285,0.2701198096,8.7,0.192,33.553073173,3.0,0.441,0.004792551,0.585649733,,,,,-16.0,
2020-10-23,1742,"-98.982,41.5673",31175,"Nebraska, Valley",0.305555555555556,5.25059665871122,0.0171837708830549,72,1.03393669433935,1.01450601496967,0.0138888888888889,1,0.0002386634844868,1.0,1.01237228389728,0.42314857241192,1.00967548671848,0.1258,0.2194,0.1859,0.0038186157517899,1662.99,8.6,24.4,7.7,4533.591559,0.141785654,6.9,0.11,58.189788246,3.0,0.318,0.0035799523,0.0031026253,,,,,,
2020-10-23,1743,"-96.2202,41.5282",31177,"Nebraska, Washington",0.221445221445221,4.59670005322495,0.0207577297140369,429,1.01633511545816,1.01450601496967,0.0163170163170163,7,0.0003387042144481,1.02226578920968,1.01237228389728,0.42314857241192,1.00967548671848,0.0159,0.2028,0.1038,0.0012096579087434,2371.33,5.3,17.2,50.8,4632.8703341,0.1361038606,8.8,0.113,68.888061458,4.3,0.32,0.0069676296,0.0042579958,,,,,-19.0,5.0
2020-10-23,1744,"-97.1193,42.2093",31179,"Nebraska, Wayne",0.287162162162162,9.03966819100287,0.0314793151121982,296,1.01538328677311,1.01450601496967,0.0,0,0.0,,1.01237228389728,0.42314857241192,1.00967548671848,0.1914,0.3932,0.3645,0.0026587259385302,1820.43,3.6,15.1,21.8,3487.4382666,0.1392901606,8.4,0.105,41.148078607,4.0,0.346,0.0138253749,0.008614272,,,,,-11.0,
2020-10-23,1745,"-98.5002,40.1764",31181,"Nebraska, Webster",0.803738317757009,24.3419190489669,0.0302858760260402,107,1.07146285647101,1.01450601496967,0.0,0,0.0,,1.01237228389728,0.42314857241192,1.00967548671848,0.1927,0.1146,0.0611,0.0036795924143787,1386.27,6.4,22.3,5.9,7966.2716142,0.1513020966,7.5,0.105,13.456831163,3.0,0.332,0.0050948203,0.003962638,,,,,,
2020-10-23,1746,"-98.528,41.9148",31183,"Nebraska, Wheeler",0.333333333333333,1.24223602484472,0.0037267080745341,3,1.0,1.01450601496967,0.0,0,0.0,,1.01237228389728,0.42314857241192,1.00967548671848,0.0723,0.0022,0.0086,,1608.69,11.4,23.6,1.5,,0.1451294559,6.9,0.115,2.7262322363,,0.289,0.0,0.001242236,,,,,,
2020-10-23,1747,"-97.5971,40.8727",31185,"Nebraska, York",0.441913439635535,14.0865524252106,0.0318762706941621,439,1.03416710797947,1.01450601496967,0.0045558086560364,2,0.0001452221899506,1.0,1.01237228389728,0.42314857241192,1.00967548671848,0.0787,0.4489,0.3604,0.0027592216090618,1757.74,7.1,19.3,25.7,6967.4009222,0.1420626977,8.3,0.111,32.303520604,4.0,0.365,0.0155387743,0.0087133314,5.0,,,41.0,-14.0,
2020-10-23,1748,"-118.3395,39.5811",32001,"Nevada, Churchill",0.181818181818182,1.47299509001637,0.00810147299509,198,1.01210993050336,1.00765117834044,0.0202020202020202,4,0.0001636661211129,1.0,1.00375898250859,0.430169206879006,1.00783320593795,0.471,0.8188,0.6358,0.0016366612111293,1590.31,11.2,18.5,5.0,8859.1817091,0.1810033228,7.4,0.085,172.58983525,3.7,0.324,0.0205810147,0.054705401,0.0,6.0,,,-21.0,3.0
2020-10-23,1749,"-115.013,36.2146",32003,"Nevada, Clark",0.0871682049546324,3.00047453741564,0.034421662565809,76817,1.00700429638028,1.00765117834044,0.0193707122121405,1488,0.0006667721194256,1.00291385172641,1.00375898250859,0.430169206879006,1.00783320593795,0.5459,0.9608,0.7443,0.002479334769343,2025.53,11.7,14.1,279.6,7166.9123543,0.1697970467,9.4,0.107,849.97979398,5.0,0.255,0.1166743665,0.0122649326,-17.0,-8.0,-15.0,-33.0,-34.0,10.0
2020-10-23,1750,"-119.6171,38.9129",32005,"Nevada, Douglas",0.139175257731959,1.11416015020529,0.0080054470051787,388,1.00916336778516,1.00765117834044,0.0025773195876288,1,2.06325953741721e-05,1.0,1.00375898250859,0.430169206879006,1.00783320593795,0.1239,0.667,0.1452,0.0004745496936059,2285.2,7.8,26.4,66.5,6073.4697505,0.1415392219,7.5,0.089,238.75437338,4.0,0.25,0.0086656901,0.0230672416,-12.0,-4.0,18.0,,-20.0,5.0
2020-10-23,1751,"-115.3578,41.1453",32007,"Nevada, Elko",0.190217391304348,4.6702249332825,0.0245520396492566,1288,1.01695440618228,1.00765117834044,0.0085403726708074,11,0.000209683568433,1.0,1.00375898250859,0.430169206879006,1.00783320593795,0.3283,0.8434,0.5893,0.0014296606938619,2321.4,10.1,10.5,3.1,7179.6759726,0.1718416404,5.8,0.102,129.595164,3.7,0.291,0.0109035456,0.0646969119,-14.0,27.0,,35.0,-19.0,6.0
2020-10-23,1752,"-117.632,37.7844",32009,"Nevada, Esmeralda",,0.0,0.0,0,,1.00765117834044,,0,0.0,,1.00375898250859,0.430169206879006,1.00783320593795,0.2669,0.7886,0.937,,1188.96,11.9,27.4,0.2,,0.1929152261,5.2,0.056,54.045843435,,0.275,0.0363196126,0.0714285714,,,,,,
2020-10-23,1753,"-116.2683,39.981",32011,"Nevada, Eureka",0.0,0.0,0.0049925112331502,10,1.0,1.00765117834044,0.0,0,0.0,,1.00375898250859,0.430169206879006,1.00783320593795,0.0156,0.1722,0.1824,,1749.96,9.9,15.5,1.4,,0.1707759367,4.7,0.075,23.213444071,3.0,0.232,0.007988018,0.0314528208,,,,,,
2020-10-23,1754,"-118.1109,41.4069",32013,"Nevada, Humboldt",0.203592814371257,2.02549743834147,0.0099487668295007,167,1.01545514549281,1.00765117834044,0.0239520958083832,4,0.0002382938162754,1.0,1.00375898250859,0.430169206879006,1.00783320593795,0.4172,0.8695,0.6084,0.003991421422614,2062.32,12.1,12.3,1.9,9342.316202,0.1713560073,6.7,0.087,79.509667915,3.7,0.333,0.0079232694,0.048671512,4.0,,,27.0,-18.0,
2020-10-23,1755,"-117.0397,39.9332",32015,"Nevada, Lander",0.147058823529412,2.69058295964126,0.0182959641255605,102,1.01804126125684,1.00765117834044,0.0196078431372549,2,0.0003587443946188,1.10408951367381,1.00375898250859,0.430169206879006,1.00783320593795,0.5777,0.8558,0.9083,0.0053811659192825,2001.69,6.7,14.3,1.1,8814.3430512,0.1711454245,4.8,0.161,55.182711337,3.0,0.349,0.0077130045,0.0584753363,,,,,,
2020-10-23,1756,"-114.879,37.6427",32017,"Nevada, Lincoln",0.818181818181818,6.9217458181119,0.0084599115554701,44,1.13619875797759,1.00765117834044,0.0,0,0.0,,1.00375898250859,0.430169206879006,1.00783320593795,0.5707,0.3922,0.3327,0.0038454143433955,1455.14,9.4,23.7,0.5,5784.4951767,0.1606139244,4.6,0.079,21.466549015,3.0,0.297,0.0301865026,0.0186502596,,,,,,
2020-10-23,1757,"-119.187,39.0178",32019,"Nevada, Lyon",0.186291739894552,1.89936926605505,0.0101956708715596,569,1.00938072720398,1.00765117834044,0.0210896309314587,12,0.0002150229357798,1.02638809625704,1.00375898250859,0.430169206879006,1.00783320593795,0.5618,0.7361,0.3419,0.001128870412844,1551.98,8.1,20.6,24.1,8005.3059061,0.2064720726,8.3,0.124,115.21710273,3.7,0.349,0.0108765768,0.0333643922,-1.0,9.0,,20.0,-21.0,5.0
2020-10-23,1758,"-118.4345,38.5384",32021,"Nevada, Mineral",0.0,0.0,0.0031014621178555,14,1.0,1.00765117834044,0.0,0,0.0,,1.00375898250859,0.430169206879006,1.00783320593795,0.8503,0.4419,0.8663,0.0077536552946389,1347.6,9.8,24.7,1.3,10732.295347,0.2147184907,5.5,0.132,84.807490477,3.0,0.3,0.0363314134,0.1809924679,,,,5.0,,
2020-10-23,1759,"-116.4723,38.0426",32023,"Nevada, Nye",0.123128119800333,1.63189696996427,0.0132536497155207,601,1.00784698466762,1.00765117834044,0.0266222961730449,16,0.0003528425881003,1.0,1.00375898250859,0.430169206879006,1.00783320593795,0.7261,0.7167,0.5664,0.0005513165439068,1486.01,9.8,28.9,2.6,11506.385223,0.1801625477,6.5,0.136,33.285839812,3.7,0.335,0.0322189388,0.018127288,-5.0,-20.0,18.0,,-23.0,5.0
2020-10-23,1760,"-118.4006,40.44",32027,"Nevada, Pershing",0.0,0.0,0.0033003300330033,22,,1.00765117834044,0.0,0,0.0,,1.00375898250859,0.430169206879006,1.00783320593795,0.7978,0.858,0.9984,0.0057005700570057,1403.01,11.8,16.0,0.9,6842.5185906,0.1795000836,5.7,0.068,60.762601784,3.0,0.348,0.0432043204,0.0453045305,,,,48.0,,
2020-10-23,1761,"-119.525,39.4488",32029,"Nevada, Storey",0.285714285714286,1.48920327624721,0.0052122114668652,21,1.03961211126014,1.00765117834044,0.0,0,0.0,,1.00375898250859,0.430169206879006,1.00783320593795,0.0545,0.3403,0.0197,,2062.67,10.1,29.8,12.5,5869.6546288,0.1528190069,7.5,0.126,299.90193395,3.3,0.246,0.0156366344,0.018615041,,,,,,
2020-10-23,1762,"-119.6632,40.6656",32031,"Nevada, Washoe",0.134281601896537,3.40537000654879,0.025359914973107,11811,1.01042419038928,1.00765117834044,0.016002032004064,189,0.00040581017102,1.00941508603088,1.00375898250859,0.430169206879006,1.00783320593795,0.3347,0.8787,0.772,0.0037081172769922,2225.44,9.4,15.5,73.0,6943.3778907,0.1516561963,8.4,0.075,1106.1089227,3.7,0.233,0.0227296639,0.0221757008,-9.0,3.0,-9.0,-21.0,-25.0,7.0
2020-10-23,1763,"-114.9,39.4416",32033,"Nevada, White Pine",0.3125,3.69393139841689,0.011820580474934,112,1.0301070886466,1.00765117834044,0.0089285714285714,1,0.0001055408970976,1.0,1.00375898250859,0.430169206879006,1.00783320593795,0.3691,0.6364,0.4935,0.0012664907651715,1689.23,7.7,16.3,1.1,7201.5947824,0.1775645913,4.5,0.084,202.41206505,3.7,0.328,0.0490765172,0.0506596306,,,,,-7.0,
2020-10-23,1764,"-119.748,39.1551",32510,"Nevada, Carson City",0.210862619808307,2.38206951311943,0.0112967842061573,626,1.0,1.00765117834044,0.012779552715655,8,0.0001443678492799,1.0,1.00375898250859,0.430169206879006,1.00783320593795,0.4615,0.843,0.9605,0.003807702024759,1906.78,10.6,19.6,398.8,10026.294098,0.1897246173,7.2,0.111,224.24527985,5.0,0.283,0.0188580503,0.0289277078,-8.0,-8.0,,,-20.0,7.0
2020-10-23,1765,"-71.4168,43.5164",33001,"New Hampshire, Belknap",0.178217821782178,0.589951165153551,0.003310281537806,202,1.01263803229901,1.00829998878793,0.0247524752475248,5,8.19376618268821e-05,1.0,1.00214596223349,0.422288784466603,1.01077766070942,0.1159,0.1016,0.2356,0.0022450919340565,2107.25,6.6,20.8,125.8,7493.5205837,0.1426895515,6.8,0.089,74.645239477,4.0,0.286,0.0056536987,0.0029825309,-1.0,-6.0,,,-14.0,7.0
2020-10-23,1766,"-71.2043,43.875",33003,"New Hampshire, Carroll",0.0510948905109489,0.143504376883495,0.0028085856618626,137,1.00316802560218,1.00829998878793,0.0145985401459854,2,4.10012505381414e-05,1.0,1.00214596223349,0.422288784466603,1.01077766070942,0.0605,0.0408,0.2111,0.0010250312634535,2010.33,9.0,26.2,49.1,7677.7870617,0.1479899726,6.8,0.101,67.471340892,3.7,0.272,0.0054531663,0.0035261075,9.0,12.0,,,-9.0,5.0
2020-10-23,1767,"-72.2531,42.9202",33005,"New Hampshire, Cheshire",0.129213483146067,0.300681108075249,0.0023270103146693,178,1.00915446785247,1.00829998878793,0.0168539325842697,3,3.92192749663368e-05,1.0,1.00214596223349,0.422288784466603,1.01077766070942,0.093,0.2174,0.5556,0.0022093524897703,2059.4,6.3,18.6,105.5,7299.3351893,0.1662463549,8.3,0.087,74.515544896,4.0,0.3,0.0072032735,0.003137542,4.0,4.0,,,-20.0,7.0
2020-10-23,1768,"-71.3063,44.6906",33007,"New Hampshire, Coos",0.388888888888889,0.443192250466935,0.0011396372154864,36,1.03655432261531,1.00829998878793,0.0,0,0.0,,1.00214596223349,0.422288784466603,1.01077766070942,0.4497,0.3305,0.6979,0.0020893348950584,1548.55,7.2,22.5,17.8,7968.8604102,0.1650977817,6.2,0.131,62.263736657,3.7,0.336,0.0086739055,0.0048434582,1.0,9.0,,,-6.0,4.0
2020-10-23,1769,"-71.8206,43.9378",33009,"New Hampshire, Grafton",0.169312169312169,0.356403002695298,0.0021050052346691,189,1.01188315252133,1.00829998878793,0.0052910052910052,1,1.11375938342281e-05,1.0,1.00214596223349,0.422288784466603,1.01077766070942,0.0713,0.3836,0.6855,0.0056356224801193,2398.71,7.1,19.3,60.2,5563.134641,0.1323682887,7.0,0.07,54.458837086,3.7,0.236,0.0109037044,0.0038758827,-15.0,7.0,3.0,-32.0,-24.0,8.0
2020-10-23,1770,"-71.72,42.9154",33011,"New Hampshire, Hillsborough",0.0866488140780413,1.09091697230805,0.0125900969784249,5228,1.00641921589368,1.00829998878793,0.0598699311400153,313,0.0007537682391444,1.00230313494526,1.00214596223349,0.422288784466603,1.01077766070942,0.0927,0.6492,0.4998,0.0026706996077033,2696.92,6.2,14.8,448.0,6809.1098705,0.13527797,7.5,0.095,375.37116661,5.0,0.28,0.0249128832,0.003226995,-14.0,-6.0,79.0,,-28.0,11.0
2020-10-23,1771,"-71.6812,43.2966",33013,"New Hampshire, Merrimack",0.226044226044226,1.21747876028902,0.0053860201678003,814,1.01808891455664,1.00829998878793,0.0319410319410319,26,0.0001720350422147,1.01150029829051,1.00214596223349,0.422288784466603,1.01077766070942,0.042,0.4288,0.538,0.0026136092951856,2422.79,5.7,17.2,165.3,6400.2528299,0.1360364507,7.7,0.088,117.00869761,3.7,0.276,0.014464177,0.0028848953,-18.0,-1.0,24.0,-14.0,-23.0,10.0
2020-10-23,1772,"-71.1288,42.985",33015,"New Hampshire, Rockingham",0.112969004893964,0.895929826377209,0.0079307578854762,2452,1.00837179695947,1.00829998878793,0.0428221859706362,105,0.0003396123890599,1.0,1.00214596223349,0.422288784466603,1.01077766070942,0.0146,0.2837,0.114,0.0016721867156571,3086.28,4.4,16.6,418.8,5587.9569418,0.1245844062,7.9,0.089,140.22568218,5.0,0.266,0.0077819753,0.0022543794,-5.0,5.0,109.0,-21.0,-26.0,10.0
2020-10-23,1773,"-71.0234,43.2918",33017,"New Hampshire, Strafford",0.101341281669151,0.522715043431471,0.0051579675609193,671,1.00813580042547,1.00829998878793,0.0208643815201192,14,0.0001076178030594,1.0,1.00214596223349,0.422288784466603,1.01077766070942,0.1172,0.3556,0.8029,0.0023137827657775,2148.2,6.0,14.2,318.4,7361.708565,0.17177487,7.4,0.104,113.88033899,4.3,0.298,0.0116227227,0.002705819,-8.0,-5.0,,-37.0,-22.0,10.0
2020-10-23,1774,"-72.222,43.3609",33019,"New Hampshire, Sullivan",0.125,0.208603745596143,0.0016688299647691,72,1.01250777270301,1.00829998878793,0.0138888888888889,1,2.3178193955127e-05,1.0,1.00214596223349,0.422288784466603,1.01077766070942,0.1662,0.099,0.3314,0.0005794548488781,2035.43,7.0,20.0,69.2,6523.8454346,0.1625616254,7.7,0.101,50.135083224,3.7,0.334,0.0065362507,0.003940293,-5.0,8.0,,,-15.0,6.0
2020-10-23,1775,"-74.6585,39.4754",34001,"New Jersey, Atlantic",0.100722394220846,1.83853309171191,0.0182534689125906,4845,1.00850880976865,1.00477711480219,0.0544891640866873,264,0.0009946162627293,1.00054229998701,1.00058110435319,0.464165203647744,1.00935781749086,0.5551,0.928,0.8812,0.004569960328374,2210.36,8.1,16.9,493.3,8917.8426693,0.156441948,9.4,0.123,288.49412843,5.0,0.298,0.1456397003,0.0066119377,-16.0,5.0,109.0,-30.0,-27.0,7.0
2020-10-23,1776,"-74.0716,40.9601",34003,"New Jersey, Bergen",0.0501820287936455,1.2949827691493,0.0258057077459827,24172,1.00406643215287,1.00477711480219,0.0850570908489161,2056,0.0021949584281706,1.00041759494602,1.00058110435319,0.464165203647744,1.00935781749086,0.0752,0.9287,0.5616,0.0029486746977661,3699.62,7.5,16.7,3870.4,3826.7306714,0.1141098699,9.9,0.082,965.10062016,5.0,0.223,0.0550671939,0.0046952467,-18.0,1.0,76.0,-28.0,-37.0,14.0
2020-10-23,1777,"-74.6693,39.8768",34005,"New Jersey, Burlington",0.07299451918286,1.31571857094103,0.0180248953711853,8028,1.00592111340963,1.00477711480219,0.0632785251619332,508,0.0011405887952867,1.00112994927034,1.00058110435319,0.464165203647744,1.00935781749086,0.1379,0.7778,0.3193,0.0016839401505218,3061.81,4.3,16.3,540.0,6639.4431703,0.1244563816,11.4,0.115,240.07548398,5.0,0.293,0.1674801969,0.0033409373,-18.0,0.0,76.0,-20.0,-34.0,11.0
2020-10-23,1778,"-74.9639,39.8034",34007,"New Jersey, Camden",0.0709059705536988,1.54808530443048,0.0218329330004457,11071,1.00560778539532,1.00477711480219,0.0562731460572667,623,0.0012286078275926,1.00161552573707,1.00058110435319,0.464165203647744,1.00935781749086,0.4061,0.9166,0.6301,0.0034708664150288,2451.29,6.5,15.0,2109.8,8529.154346,0.1613460917,11.6,0.12,623.273179,5.0,0.314,0.1861685973,0.0063796891,-15.0,-4.0,38.0,-38.0,-31.0,10.0
2020-10-23,1779,"-74.8017,39.1501",34009,"New Jersey, Cape May",0.0184672206832872,0.216076058772688,0.0117005185825411,1083,1.00253171039416,1.00477711480219,0.0923361034164358,100,0.0010803802938634,1.00289026984454,1.00058110435319,0.464165203647744,1.00935781749086,0.3127,0.5798,0.5202,0.0026145203111495,2447.93,6.0,25.2,355.3,8785.3035426,0.1575610744,9.0,0.102,85.545219413,5.0,0.287,0.0410544512,0.0034140017,28.0,20.0,195.0,,-4.0,4.0
2020-10-23,1780,"-75.1071,39.372",34011,"New Jersey, Cumberland",0.0256410256410256,0.668998224836393,0.0260909307686193,3939,1.00197393138104,1.00477711480219,0.0408733181010409,161,0.001066422912858,1.0,1.00058110435319,0.464165203647744,1.00935781749086,0.8102,0.9573,0.9844,0.0022189545081207,1841.3,9.4,14.6,292.8,10214.982457,0.1826114668,9.9,0.124,60.320976872,5.0,0.359,0.1861537239,0.0163341547,-13.0,-5.0,,-38.0,-21.0,4.0
2020-10-23,1781,"-74.2466,40.7868",34013,"New Jersey, Essex",0.0662822958210508,1.9118068137345,0.0288434006404365,23068,1.00595443045321,1.00477711480219,0.0927258539968788,2139,0.0026745289565586,1.00033438121018,1.00058110435319,0.464165203647744,1.00935781749086,0.5742,0.9796,0.9411,0.0045163153768535,2739.93,11.4,13.1,6415.1,7289.251061,0.1423538927,9.9,0.106,1347.4424419,5.0,0.291,0.3862800041,0.007447169,-24.0,-8.0,26.0,-49.0,-34.0,12.0
2020-10-23,1782,"-75.14,39.7158",34015,"New Jersey, Gloucester",0.0806786050895382,1.46873112611871,0.0182047164113545,5305,1.00643699395738,1.00477711480219,0.0452403393025448,240,0.0008235875473562,1.00362337833333,1.00058110435319,0.464165203647744,1.00935781749086,0.1646,0.6345,0.2286,0.0018565035963322,2865.83,4.3,14.9,803.2,7474.99169,0.1561131845,10.9,0.1,233.31303826,5.0,0.31,0.1036553561,0.002779608,-18.0,-4.0,88.0,-30.0,-34.0,9.0
2020-10-23,1783,"-74.0752,40.7377",34017,"New Jersey, Hudson",0.0485621269669018,1.58861404518231,0.0327130244164358,22116,1.00454499214383,1.00477711480219,0.0689546030023512,1525,0.0022557136116415,1.00046926366993,1.00058110435319,0.464165203647744,1.00935781749086,0.4943,0.9914,0.8434,0.0025204826191719,2712.17,12.9,11.5,13390.6,5083.9992323,0.1538203815,9.9,0.077,979.52922972,5.0,0.239,0.1069814706,0.0111321316,-21.0,-5.0,21.0,-45.0,-42.0,14.0
2020-10-23,1784,"-74.9128,40.5634",34019,"New Jersey, Hunterdon",0.0516898608349901,0.625430986096188,0.0120996840771686,1509,1.00384527167282,1.00477711480219,0.0834990059642147,126,0.0010103115929246,1.0,1.00058110435319,0.464165203647744,1.00935781749086,0.0185,0.5444,0.141,0.0014753756595089,4160.29,2.6,17.2,273.6,4441.0361674,0.1252955142,10.2,0.068,223.30163926,4.3,0.204,0.0251214779,0.0020767516,-12.0,0.0,,-1.0,-38.0,12.0
2020-10-23,1785,"-74.7048,40.2805",34021,"New Jersey, Mercer",0.030393457117595,0.743623093958806,0.0244665518332337,9048,1.00245541628405,1.00477711480219,0.0705128205128205,638,0.0017252055779844,1.00022411479177,1.00058110435319,0.464165203647744,1.00935781749086,0.35,0.9459,0.8672,0.0025526552752622,3196.85,7.7,14.5,1882.8,6163.1624933,0.1355615998,8.8,0.09,417.13780535,5.0,0.258,0.195518792,0.0060436277,-23.0,-3.0,18.0,-37.0,-38.0,10.0
2020-10-23,1786,"-74.4143,40.4363",34023,"New Jersey, Middlesex",0.0557613844205787,1.43307399796308,0.025700115103925,21323,1.00461988266074,1.00477711480219,0.0676734043052103,1443,0.0017392142801183,1.00069492837459,1.00058110435319,0.464165203647744,1.00935781749086,0.2134,0.9592,0.907,0.0028986904668639,3097.48,6.8,14.3,2632.7,4976.6980703,0.1097046789,9.7,0.105,843.30175868,5.0,0.259,0.0965197635,0.0064060457,-22.0,-3.0,81.0,-37.0,-35.0,14.0
2020-10-23,1787,"-74.2224,40.2655",34025,"New Jersey, Monmouth",0.0713389893028403,1.55627870746788,0.0218152615095421,13555,1.0049004813509,1.00477711480219,0.0641829583179638,870,0.0014001680201624,1.00032883933985,1.00058110435319,0.464165203647744,1.00935781749086,0.0924,0.7864,0.3126,0.0033652314139765,3738.4,5.7,16.6,1260.8,5608.3422783,0.1336045242,9.9,0.091,328.04982546,5.0,0.252,0.0681382915,0.0027842422,-16.0,2.0,96.0,-26.0,-34.0,11.0
2020-10-23,1788,"-74.5455,40.861",34027,"New Jersey, Morris",0.0690610925049082,1.20996786908067,0.0175202538099824,8659,1.00641423711246,1.00477711480219,0.0963159718212265,834,0.001687480272263,1.0003430533347,1.00058110435319,0.464165203647744,1.00935781749086,0.0389,0.8281,0.2881,0.002589897779972,4308.79,4.7,16.3,1144.7,4031.72747,0.1211193518,10.0,0.076,403.49618503,5.0,0.213,0.0322826712,0.0031362043,-22.0,-5.0,36.0,-40.0,-40.0,14.0
2020-10-23,1789,"-74.2809,39.8895",34029,"New Jersey, Ocean",0.0912771439087229,2.4731945928786,0.0270954423743998,16302,1.00553622790236,1.00477711480219,0.0650840387682493,1061,0.0017634808219383,1.00094607717933,1.00058110435319,0.464165203647744,1.00935781749086,0.2344,0.6208,0.3757,0.0021108582882767,2575.65,5.6,22.3,834.2,6848.7325373,0.1444327372,7.8,0.109,266.2821314,5.0,0.281,0.0302517572,0.0026925909,-7.0,1.0,33.0,0.0,-23.0,7.0
2020-10-23,1790,"-74.2995,41.0324",34031,"New Jersey, Passaic",0.0392360595715205,1.57556972839801,0.0401561661798891,20211,1.00285251726715,1.00477711480219,0.062342288852605,1260,0.0025034273111998,1.00022696327872,1.00058110435319,0.464165203647744,1.00935781749086,0.5111,0.9729,0.9067,0.0022828872861655,2366.19,12.5,13.9,2376.1,5822.7875287,0.1378206914,9.7,0.086,1006.9401107,5.0,0.273,0.1015914645,0.0148596293,-14.0,-6.0,51.0,-16.0,-30.0,10.0
2020-10-23,1791,"-75.347,39.5872",34033,"New Jersey, Salem",0.0364583333333333,0.670851502228185,0.0184004983468302,1152,1.00313924961541,1.00477711480219,0.0763888888888889,88,0.0014055936237162,1.0,1.00058110435319,0.464165203647744,1.00935781749086,0.451,0.7854,0.5922,0.0035459293689204,2193.53,5.3,17.7,171.3,9424.6306418,0.1779365465,10.9,0.144,107.49622146,4.3,0.365,0.1339466833,0.0059578002,-19.0,2.0,30.0,-15.0,-23.0,5.0
2020-10-23,1792,"-74.6168,40.5647",34035,"New Jersey, Somerset",0.04375,0.82436496720658,0.0188426278218647,6240,1.00350560427287,1.00477711480219,0.0948717948717949,592,0.0017876339215615,1.00096899588565,1.00058110435319,0.464165203647744,1.00935781749086,0.0318,0.8914,0.1777,0.0018480269594521,4202.75,5.3,14.8,1179.5,4492.0224287,0.1084382115,9.9,0.073,319.60266944,5.0,0.222,0.0939987438,0.003617543,-25.0,-6.0,95.0,,-40.0,15.0
2020-10-23,1793,"-74.6912,41.1389",34037,"New Jersey, Sussex",0.0522796352583587,0.610799792612163,0.0116833216145001,1645,1.00496018930508,1.00477711480219,0.119756838905775,197,0.001399157664472,1.0,1.00058110435319,0.464165203647744,1.00935781749086,0.0882,0.4992,0.0465,0.0010369391828067,3078.08,3.9,16.1,215.7,6386.8956647,0.1375730572,9.1,0.085,70.170707797,4.3,0.278,0.0212004347,0.0028196223,-4.0,-1.0,127.0,-21.0,-25.0,10.0
2020-10-23,1794,"-74.3068,40.6584",34039,"New Jersey, Union",0.0574082772297897,1.97108949283867,0.0343345870657107,19161,1.00549428784328,1.00477711480219,0.0713428317937477,1367,0.0024495266697367,1.00052361561232,1.00058110435319,0.464165203647744,1.00935781749086,0.3354,0.9745,0.7905,0.0031107375996072,3046.15,11.3,13.9,5110.2,5178.7395541,0.1307573586,10.4,0.083,1046.8610174,5.0,0.249,0.2093440393,0.0076549948,-16.0,-10.0,39.0,-29.0,-32.0,12.0
2020-10-23,1795,"-74.9956,40.8595",34041,"New Jersey, Warren",0.0354098360655738,0.510498303065826,0.0144168502254701,1525,1.00284234657417,1.00477711480219,0.112131147540984,171,0.0016165779597084,1.0,1.00058110435319,0.464165203647744,1.00935781749086,0.2076,0.7179,0.3372,0.00292118473421,2730.36,5.7,17.2,255.6,6821.0125891,0.1433012764,10.0,0.095,186.94564384,5.0,0.296,0.0478828501,0.0031008045,-13.0,-7.0,,-12.0,-31.0,9.0
2020-10-23,1796,"-106.6704,35.0516",35001,"New Mexico, Bernalillo",0.247702632937532,3.53469348063433,0.0142699067778005,9685,1.02005834710313,1.01737135587735,0.019514713474445,189,0.0002784731420758,1.00383752414777,1.00473541682952,0.428973460314551,1.00687915525617,0.5204,0.9436,0.659,0.0020745512383214,1862.46,8.2,15.2,619.0,8173.6103252,0.1520998963,6.9,0.07,626.7282759,5.0,0.234,0.024946184,0.0622586382,-21.0,-4.0,8.0,-21.0,-35.0,11.0
2020-10-23,1797,"-108.4047,33.9151",35003,"New Mexico, Catron",0.0,0.0,0.0025153717160424,9,1.0,1.01737135587735,0.111111111111111,1,0.0002794857462269,1.0,1.00473541682952,0.428973460314551,1.00687915525617,0.4529,0.4502,0.1732,,1233.46,10.7,38.5,0.5,8884.8778702,0.1447911682,4.3,0.108,2.3617356264,3.0,0.255,0.0061486864,0.0380100615,,,,,,
2020-10-23,1798,"-104.4665,33.3641",35005,"New Mexico, Chaves",0.226435536294691,6.4616859125972,0.0285365363508479,1846,1.01493859526017,1.01737135587735,0.0097508125677139,18,0.0002782544172888,1.01696850489722,1.00473541682952,0.428973460314551,1.00687915525617,0.8376,0.9624,0.7972,0.0029062128027949,1423.08,10.0,15.4,10.3,9997.1696751,0.1743944482,7.4,0.117,82.226417281,3.7,0.34,0.0141909753,0.0230023652,-17.0,-3.0,,,-22.0,6.0
2020-10-23,1799,"-107.9989,34.9113",35006,"New Mexico, Cibola",0.152255639097744,3.02849024153144,0.0198908247962312,532,1.01510478305704,1.01737135587735,0.0394736842105263,21,0.0007851641366933,1.0,1.00473541682952,0.428973460314551,1.00687915525617,0.957,0.9093,0.9959,0.0018694384206984,1163.98,9.1,15.2,5.6,10721.333344,0.2325305817,5.2,0.139,71.747994265,3.7,0.309,0.0099080236,0.4384206984,-22.0,12.0,,20.0,-22.0,12.0
2020-10-23,1800,"-104.6473,36.6057",35007,"New Mexico, Colfax",0.0476190476190476,0.165152766308836,0.0034682080924855,42,1.00344843960223,1.01737135587735,0.0238095238095238,1,8.25763831544178e-05,1.0,1.00473541682952,0.428973460314551,1.00687915525617,0.8025,0.8195,0.9678,0.0020644095788604,1206.23,6.0,25.5,3.5,11430.902066,0.1694809983,4.6,0.133,81.681767601,2.0,0.281,0.0056977704,0.0283236994,,,,18.0,-15.0,
2020-10-23,1801,"-103.3469,34.5742",35009,"New Mexico, Curry",0.27344309234073,7.72700608855715,0.0282581871877339,1397,1.02754786273749,1.01737135587735,0.007158196134574,10,0.0002022776462973,1.03239118471,1.00473541682952,0.428973460314551,1.00687915525617,0.7914,0.9414,0.5692,0.0021441430507514,1452.43,10.5,12.0,38.3,9095.79629,0.1899906272,7.1,0.071,84.563762734,3.7,0.301,0.0567995631,0.0212391529,-20.0,-8.0,,9.0,-26.0,8.0
2020-10-23,1802,"-104.4118,34.3427",35011,"New Mexico, De Baca",0.0,0.0,0.0005614823133071,1,1.0,1.01737135587735,0.0,0,0.0,,1.00473541682952,0.428973460314551,1.00687915525617,0.6207,0.7619,0.2668,,1232.27,4.1,20.9,0.8,7970.8853168,0.1649320264,5.9,0.262,83.762908434,3.0,0.373,0.0039303762,0.019651881,,,,,,
2020-10-23,1803,"-106.8329,32.3528",35013,"New Mexico, Doña Ana",0.257446808510638,6.11892130451173,0.0237677108522356,5170,1.02480962979997,1.01737135587735,0.0125725338491296,65,0.000298820349206,1.00447463046663,1.00473541682952,0.428973460314551,1.00687915525617,0.9341,0.9854,0.9723,0.0016871856639788,1406.26,10.3,14.9,57.0,6811.9867073,0.1642898942,7.8,0.087,196.87445182,3.7,0.284,0.016099521,0.0235286546,-24.0,-8.0,-3.0,-6.0,-37.0,12.0
2020-10-23,1804,"-104.3054,32.4717",35015,"New Mexico, Eddy",0.251152073732719,5.64766839378238,0.0224870466321244,1302,1.02584867214428,1.01737135587735,0.0153609831029186,20,0.0003454231433506,1.03239118471,1.00473541682952,0.428973460314551,1.00687915525617,0.4659,0.922,0.6297,0.0045423143350604,1960.45,9.5,14.2,14.7,10317.050767,0.1553087037,7.5,0.094,59.378962563,3.3,0.345,0.0129533679,0.0242487047,-33.0,-23.0,-21.0,-37.0,-33.0,11.0
2020-10-23,1805,"-108.3828,32.7391",35017,"New Mexico, Grant",0.209302325581395,1.31646310246471,0.0062897681562202,172,1.01404608493983,1.01737135587735,0.0174418604651163,3,0.0001097052585387,1.05963402266705,1.00473541682952,0.428973460314551,1.00687915525617,0.7465,0.8208,0.8994,0.0025963577854165,1386.2,3.7,25.6,7.7,9292.7454046,0.143534322,6.0,0.085,100.23353518,3.7,0.274,0.0071308418,0.0246105463,-17.0,0.0,,,-18.0,8.0
2020-10-23,1806,"-104.7907,34.8632",35019,"New Mexico, Guadalupe",0.0769230769230769,0.691085003455425,0.0089841050449205,39,1.0075488835911,1.01737135587735,0.0256410256410256,1,0.0002303616678184,1.0,1.00473541682952,0.428973460314551,1.00687915525617,0.7882,0.9526,0.8895,0.0023036166781847,993.53,5.1,22.6,1.5,10238.281488,0.1493256997,5.5,0.121,128.92394327,3.7,0.352,0.0152038701,0.0338631652,,,,4.0,,
2020-10-23,1807,"-103.8221,35.8575",35021,"New Mexico, Harding",0.0,0.0,0.0015267175572519,1,1.0,1.01737135587735,0.0,0,0.0,,1.00473541682952,0.428973460314551,1.00687915525617,0.5016,0.4753,0.1837,,1338.23,7.8,38.3,0.3,,0.1374218585,5.0,0.083,2.6468363956,,0.249,0.0030534351,0.0213740458,,,,,,
2020-10-23,1808,"-108.7152,31.9138",35023,"New Mexico, Hidalgo",0.0714285714285714,1.88679245283019,0.0264150943396226,112,1.00128205970575,1.01737135587735,0.0178571428571429,2,0.0004716981132075,1.0,1.00473541682952,0.428973460314551,1.00687915525617,0.9564,0.9468,0.7876,,1035.68,4.2,21.0,1.4,7686.133975,0.1702488815,6.1,0.086,90.945827163,3.0,0.249,0.0101415094,0.0127358491,,,,-22.0,,
2020-10-23,1809,"-103.4124,32.7922",35025,"New Mexico, Lea",0.178423236514523,4.94174771228685,0.0276967720618868,1928,1.01703445616323,1.01737135587735,0.0145228215767635,28,0.000402235278907,1.0,1.00473541682952,0.428973460314551,1.00687915525617,0.7631,0.9707,0.9382,0.0030311301374782,1682.85,13.0,11.0,16.6,9374.8636281,0.167793962,7.6,0.113,101.75319897,3.3,0.331,0.0338739567,0.0199968396,-37.0,-25.0,-63.0,-41.0,-36.0,11.0
2020-10-23,1810,"-105.4586,33.7453",35027,"New Mexico, Lincoln",0.273809523809524,4.70443853548783,0.0171814276948251,336,1.03338260115477,1.01737135587735,0.0119047619047619,4,0.0002045408058907,1.0,1.00473541682952,0.428973460314551,1.00687915525617,0.385,0.8812,0.3301,0.0012783800368173,1467.76,10.5,27.7,4.3,11848.962523,0.1591402617,5.6,0.117,118.21197908,3.7,0.232,0.0058805482,0.0433626508,-9.0,19.0,-32.0,,-23.0,5.0
2020-10-23,1811,"-106.3135,35.8663",35028,"New Mexico, Los Alamos",0.1,0.209413119731951,0.0020941311973195,40,1.01119961438567,1.01737135587735,0.0,0,0.0,,1.00473541682952,0.428973460314551,1.00687915525617,0.0067,0.5899,0.057,0.0024606041568504,3765.53,3.2,17.3,240.1,4613.8188165,0.114489648,5.0,0.064,141.63445204,3.0,0.231,0.0139783257,0.0132977331,-37.0,,,,-47.0,
2020-10-23,1812,"-107.7509,32.1818",35029,"New Mexico, Luna",0.322627737226277,9.22255143345992,0.0285857363435296,685,1.03788909730805,1.01737135587735,0.0160583941605839,11,0.0004590410215749,1.01370885629547,1.00473541682952,0.428973460314551,1.00687915525617,0.9949,0.9895,0.9768,0.0010432750490339,1060.73,8.6,20.6,8.3,9737.4935341,0.1921608449,6.9,0.11,73.637252109,3.3,0.325,0.0095563994,0.0227851271,-24.0,-10.0,,0.0,-34.0,8.0
2020-10-23,1813,"-108.2622,35.5801",35031,"New Mexico, McKinley",0.0277223331115547,1.72914649329091,0.0623737723059898,4509,1.00191555342074,1.01737135587735,0.0578842315369262,261,0.0036104578779914,1.00054854701222,1.00473541682952,0.428973460314551,1.00687915525617,0.9955,0.9538,0.8338,0.0031539632037626,1236.08,19.9,11.5,13.3,16329.866975,0.2162166965,6.0,0.171,89.922099004,3.7,0.388,0.0046756121,0.7924332549,-10.0,,,11.0,-22.0,9.0
2020-10-23,1814,"-104.9498,36.011",35033,"New Mexico, Mora",0.5,1.55348424323125,0.0031069684864624,14,1.02226578920968,1.01737135587735,0.0,0,0.0,,1.00473541682952,0.428973460314551,1.00687915525617,0.7318,0.9596,0.4785,,1288.08,5.0,25.2,2.1,8026.8905348,0.1868248679,4.3,0.137,6.0926550362,3.0,0.272,0.0035508211,0.0297381269,,,,,,
2020-10-23,1815,"-105.7418,32.6135",35035,"New Mexico, Otero",0.311004784688995,1.9466614755694,0.0062592653599077,418,1.03936807080464,1.01737135587735,0.0311004784688995,13,0.0001946661475569,1.0,1.00473541682952,0.428973460314551,1.00687915525617,0.849,0.943,0.8618,0.0016771237327982,1429.02,8.5,16.7,10.0,8769.3295866,0.1932136557,6.7,0.103,60.223737706,3.7,0.312,0.0332879112,0.0848744403,-12.0,-13.0,35.0,,-29.0,9.0
2020-10-23,1816,"-103.5482,35.104",35037,"New Mexico, Quay",0.189473684210526,2.18102508178844,0.011510965709439,95,1.01432007747726,1.01737135587735,0.0210526315789474,2,0.0002423361201987,1.0,1.00473541682952,0.428973460314551,1.00687915525617,0.8481,0.7867,0.1423,0.0030292015024839,1075.76,6.0,24.2,3.0,12316.82796,0.1682277086,5.9,0.079,50.820985946,3.7,0.301,0.0155095117,0.0271416455,,,,5.0,-19.0,
2020-10-23,1817,"-106.6932,36.5107",35039,"New Mexico, Rio Arriba",0.116379310344828,1.38440239963083,0.0118956058042352,464,1.01160414842819,1.01737135587735,0.0323275862068966,15,0.0003845562221196,1.00990485606307,1.00473541682952,0.428973460314551,1.00687915525617,-999.0,0.9268,0.5409,0.0020509665179715,1239.99,9.1,18.0,6.2,15166.972435,0.1793258266,5.4,0.089,98.088870045,3.7,0.283,0.0041532072,0.1929959493,-6.0,-12.0,,,-33.0,10.0
2020-10-23,1818,"-103.4799,34.021",35041,"New Mexico, Roosevelt",0.217703349282297,4.85514592114389,0.0223016592861335,418,1.01955795318983,1.01737135587735,0.0167464114832536,7,0.0003734727631649,1.04924143725562,1.00473541682952,0.428973460314551,1.00687915525617,0.9424,0.9405,0.7389,0.001600597556421,1249.98,10.9,13.5,7.8,8466.7600598,0.1793080561,6.9,0.076,78.011502789,3.7,0.287,0.020754415,0.0223550125,-25.0,,,,-22.0,
2020-10-23,1819,"-106.8688,35.6886",35043,"New Mexico, Sandoval",0.202739726027397,2.54857796237748,0.0125706885982132,1825,1.01698840799152,1.01737135587735,0.0246575342465753,45,0.0003099621846134,1.0065157606758,1.00473541682952,0.428973460314551,1.00687915525617,0.5264,0.8749,0.1847,0.0018666611562278,1886.59,8.8,16.4,33.9,7312.2965877,0.1619123681,7.0,0.072,144.26775838,3.3,0.248,0.0202715269,0.1403646533,-11.0,6.0,7.0,-32.0,-38.0,12.0
2020-10-23,1820,"-108.3204,36.5084",35045,"New Mexico, San Juan",0.0661404463799673,1.94333149396608,0.0293818926289356,3674,1.00548424686923,1.01737135587735,0.0552531301034295,203,0.0016234415361115,1.00070571770744,1.00473541682952,0.428973460314551,1.00687915525617,0.8424,0.9109,0.7857,0.0019913149876442,1531.9,13.5,13.7,24.8,11749.51413,0.2162104602,6.5,0.126,132.23892391,3.7,0.332,0.0057420247,0.4107307086,-9.0,2.0,44.0,-48.0,-30.0,8.0
2020-10-23,1821,"-104.8164,35.4801",35047,"New Mexico, San Miguel",0.269736842105263,1.4859918089232,0.0055090428038128,152,1.02485387013382,1.01737135587735,0.0,0,0.0,,1.00473541682952,0.428973460314551,1.00687915525617,0.8857,0.9838,0.9128,0.0019571599434598,997.64,5.7,19.7,5.8,10234.660218,0.1835512046,5.4,0.14,56.918057712,3.7,0.291,0.0157660107,0.031930702,-15.0,-15.0,,13.0,-29.0,12.0
2020-10-23,1822,"-105.9775,35.5071",35049,"New Mexico, Santa Fe",0.232729711602951,2.31247001119582,0.0099362904515647,1491,1.02272369138637,1.01737135587735,0.0087189805499664,13,8.66343231860106e-05,1.07182013000649,1.00473541682952,0.428973460314551,1.00687915525617,0.2611,0.9513,0.6552,0.0017193581063069,2174.25,10.8,22.0,79.8,7127.6806132,0.13676492,6.1,0.056,288.93370571,3.3,0.144,0.0082235965,0.0424441542,-18.0,-3.0,-3.0,-21.0,-27.0,11.0
2020-10-23,1823,"-107.1926,33.1303",35051,"New Mexico, Sierra",0.393258426966292,3.19110138584974,0.0081145149525893,89,1.04139732481265,1.01737135587735,0.0112359550561798,1,9.11743253099927e-05,1.0,1.00473541682952,0.428973460314551,1.00687915525617,0.8338,0.7883,0.6975,0.0022793581327498,1130.18,5.3,35.2,2.7,13859.308329,0.1575035949,5.5,0.142,96.675506464,3.0,0.267,0.0068380744,0.030269876,,,,,-19.0,
2020-10-23,1824,"-106.9298,34.0072",35053,"New Mexico, Socorro",0.360406091370558,4.2426053181954,0.0117717358828802,197,1.04170200853585,1.01737135587735,0.0406091370558376,8,0.000478040035853,1.04195362743721,1.00473541682952,0.428973460314551,1.00687915525617,0.8548,0.9529,0.9803,0.001434120107559,1161.32,8.2,18.5,2.8,10862.128918,0.1880198702,5.2,0.165,91.234752913,3.0,0.335,0.0100388408,0.1458619659,-26.0,,,,-31.0,
2020-10-23,1825,"-105.631,36.5801",35055,"New Mexico, Taos",0.17032967032967,0.944114511953708,0.0055428658443733,182,1.0149883959768,1.01737135587735,0.021978021978022,4,0.0001218212273488,1.0,1.00473541682952,0.428973460314551,1.00687915525617,0.7331,0.9074,0.6606,0.0008832038982792,1416.6,9.7,24.3,14.7,9716.821058,0.1633172204,4.8,0.063,73.178594966,2.0,0.192,0.0048423938,0.0745241358,-16.0,4.0,,,-26.0,9.0
2020-10-23,1826,"-105.8509,34.6405",35057,"New Mexico, Torrance",0.106382978723404,0.641395676993137,0.0060291193637354,94,1.0046443625966,1.01737135587735,0.0106382978723404,1,6.41395676993137e-05,1.0,1.00473541682952,0.428973460314551,1.00687915525617,0.7783,0.8736,0.5486,,1314.95,6.0,19.2,4.4,10623.188413,0.1955110932,5.8,0.07,42.09471223,3.7,0.253,0.0134693092,0.042139696,,,,23.0,-23.0,
2020-10-23,1827,"-103.471,36.4813",35059,"New Mexico, Union",0.128205128205128,1.21418164157358,0.0094706168042739,39,1.0075488835911,1.01737135587735,0.0512820512820513,2,0.0004856726566294,1.0,1.00473541682952,0.428973460314551,1.00687915525617,0.5096,0.9249,0.5014,0.0060709082078679,1354.53,13.9,19.4,1.1,5061.9897976,0.1534797799,4.9,0.13,101.42620423,3.0,0.318,0.0189412336,0.0337542496,,,,,,
2020-10-23,1828,"-106.8104,34.7167",35061,"New Mexico, Valencia",0.24249699879952,2.6420424819504,0.0108951553834885,833,1.02474406749419,1.01737135587735,0.0048019207683073,4,5.2317672909909e-05,1.0,1.00473541682952,0.428973460314551,1.00687915525617,0.8554,0.9411,0.5492,,1517.37,8.2,16.6,62.7,9286.2581631,0.1706638115,6.3,0.126,84.333069263,3.3,0.316,0.0100319138,0.0621141572,-13.0,-2.0,18.0,4.0,-26.0,10.0
2020-10-23,1829,"-73.9772,42.6006",36001,"New York, Albany",0.067947247706422,0.771692872748822,0.0113572351904974,3488,1.00497125038269,1.00316836599563,0.0361238532110092,126,0.0004102670969044,1.0022883773974,1.00036851914419,0.691331824360286,1.00830536113393,0.1745,0.7564,0.7297,0.0045845720035035,2362.52,3.1,16.1,738.0,5821.0724177,0.1453185466,9.1,0.091,2106.6802276,5.0,0.273,0.1279382125,0.0029662962,-29.0,-3.0,76.0,-36.0,-37.0,12.0
2020-10-23,1830,"-78.0275,42.2575",36003,"New York, Allegany",0.460905349794239,2.41223346973939,0.005233685117381,243,1.04716079042559,1.00316836599563,0.037037037037037,9,0.0001938401895326,1.08759574725442,1.00036851914419,0.691331824360286,1.00830536113393,0.614,0.2397,0.829,0.0016368727116088,1371.92,6.6,18.0,42.9,7283.1368139,0.1655903538,8.5,0.109,27.253401868,3.7,0.359,0.0127719147,0.0031660564,0.0,-3.0,,,-17.0,4.0
2020-10-23,1831,"-73.8628,40.8521",36005,"New York, Bronx",0.0199064088034219,0.760404767158335,0.0381989928302698,54706,1.00165342766426,1.00316836599563,0.0910869008883852,4983,0.0034794278739669,1.00028701826281,1.00036851914419,0.691331824360286,1.00830536113393,0.9739,0.9968,0.9704,0.0027287987420154,1363.23,8.6,12.1,30055.2,6695.7687245,0.1592116872,10.3,0.125,3705.6128009,5.0,0.29,0.2922258563,0.0291355825,-21.0,-3.0,-21.0,-29.0,-34.0,11.0
2020-10-23,1832,"-75.8133,42.159",36007,"New York, Broome",0.292798483891346,4.83671520773874,0.0165189216264303,3166,1.0228436807932,1.00316836599563,0.0284270372710044,90,0.0004695840007513,1.00485482547268,1.00036851914419,0.691331824360286,1.00830536113393,0.5217,0.6116,0.8303,0.0038714592061943,1651.48,4.2,18.3,284.9,7415.0655257,0.1551405143,8.9,0.106,663.09466602,5.0,0.28,0.0546961009,0.0026818464,-23.0,-13.0,132.0,-19.0,-34.0,8.0
2020-10-23,1833,"-78.6792,42.2478",36009,"New York, Cattaraugus",0.260180995475113,1.49661634565331,0.0057522123893805,442,1.02067874456753,1.00316836599563,0.0361990950226244,16,0.0002082248828735,1.01925902092718,1.00036851914419,0.691331824360286,1.00830536113393,0.6111,0.4117,0.8968,0.0024206142634044,1538.58,6.9,18.2,57.2,7254.9515966,0.1675436036,9.3,0.133,266.80082941,3.7,0.376,0.0137818844,0.0354763144,-16.0,22.0,,,-28.0,5.0
2020-10-23,1834,"-76.5573,42.9126",36011,"New York, Cayuga",0.307017543859649,1.36107330351935,0.0044332101886058,342,1.03489493367672,1.00316836599563,0.0087719298245614,3,3.88878086719813e-05,1.0,1.00036851914419,0.691331824360286,1.00830536113393,0.3834,0.3327,0.8329,0.0012832976861753,1866.9,5.1,17.8,95.7,6465.7445631,0.1571761064,8.3,0.124,255.07502022,4.0,0.341,0.0396526022,0.004666537,-8.0,-12.0,,-4.0,-19.0,5.0
2020-10-23,1835,"-79.3669,42.2277",36013,"New York, Chautauqua",0.235431235431235,1.57887743377703,0.0067063209810925,858,1.0178605852776,1.00316836599563,0.0046620046620046,4,3.12648996787532e-05,1.0,1.00036851914419,0.691331824360286,1.00830536113393,0.6602,0.5584,0.7921,0.0028060247461681,1461.22,5.4,19.0,119.6,7995.6636114,0.1710859469,9.6,0.121,227.66007914,4.0,0.334,0.0213851914,0.0071283971,-18.0,-1.0,,,-21.0,6.0
2020-10-23,1836,"-76.7639,42.1389",36015,"New York, Chemung",0.412774725274725,7.13319248937736,0.0172810786431505,1456,1.04032809892061,1.00316836599563,0.0068681318681318,10,0.0001186887269447,1.05227402814137,1.00036851914419,0.691331824360286,1.00830536113393,0.3866,0.3158,0.6899,0.0046407292235383,1740.51,4.3,17.9,208.8,7969.1384684,0.1680214825,8.3,0.119,438.22223301,4.3,0.36,0.0602582667,0.0034894486,-29.0,-5.0,,-44.0,-26.0,8.0
2020-10-23,1837,"-75.6089,42.4943",36017,"New York, Chenango",0.230547550432277,1.68293503870751,0.0072997307303938,347,1.02546182618929,1.00316836599563,0.0172910662824208,6,0.000126220127903,1.0,1.00036851914419,0.691331824360286,1.00830536113393,0.4901,0.2305,0.7571,0.0012201279030629,1490.86,4.3,19.7,54.4,7863.0070561,0.1625396801,8.2,0.133,167.75147936,3.7,0.388,0.0089195557,0.0041652642,-18.0,-3.0,,,-24.0,8.0
2020-10-23,1838,"-73.6788,44.7453",36019,"New York, Clinton",0.209821428571429,0.582440052047834,0.0027758845033769,224,1.02612652939595,1.00316836599563,0.0223214285714286,5,6.19617076646632e-05,1.0,1.00036851914419,0.691331824360286,1.00830536113393,0.4736,0.3983,0.9061,0.0037177024598797,1801.51,3.9,15.9,71.6,6220.7055513,0.1675344737,6.7,0.115,198.71676121,3.7,0.353,0.0404486028,0.0040770804,-14.0,-11.0,,-34.0,-16.0,5.0
2020-10-23,1839,"-73.6309,42.2482",36021,"New York, Columbia",0.0784313725490196,0.867881701048134,0.0110654916883637,663,1.0064098896539,1.00316836599563,0.0723981900452489,48,0.0008011215701982,1.003012157342,1.00036851914419,0.691331824360286,1.00830536113393,0.2322,0.5727,0.632,0.0032044862807931,2313.01,4.6,22.3,93.1,6838.8716659,0.145780036,8.5,0.079,69.089788275,3.7,0.24,0.0467654717,0.0032879364,-5.0,-1.0,,6.0,-18.0,6.0
2020-10-23,1840,"-76.0705,42.5951",36023,"New York, Cortland",0.452631578947368,4.49574472534136,0.0099324592769169,475,1.03593232692614,1.00316836599563,0.0021052631578947,1,2.09104405829831e-05,1.0,1.00036851914419,0.691331824360286,1.00830536113393,0.3908,0.2601,0.7969,0.0033874913744432,1627.92,3.2,15.7,95.4,7018.3043692,0.1530232844,7.9,0.118,324.11532148,4.0,0.352,0.0167283525,0.0035756853,-24.0,-22.0,,,-26.0,9.0
2020-10-23,1841,"-74.9671,42.1984",36025,"New York, Delaware",0.121951219512195,0.449165674759135,0.0036831585330249,164,1.00716992752008,1.00316836599563,0.0304878048780488,5,0.0001122914186897,1.0,1.00036851914419,0.691331824360286,1.00830536113393,0.5016,0.4374,0.8991,0.0015047050104431,1519.17,5.1,23.3,32.2,6851.2372132,0.1584691835,7.9,0.091,48.180260641,3.0,0.299,0.0172030453,0.0037280751,-2.0,3.0,,,-20.0,6.0
2020-10-23,1842,"-73.7436,41.7649",36027,"New York, Dutchess",0.0297287253808993,0.544740192974213,0.0183236982411701,5382,1.00249322581972,1.00316836599563,0.0304719435154218,164,0.0005583586977985,1.00087412854464,1.00036851914419,0.691331824360286,1.00830536113393,0.2245,0.7771,0.9293,0.0031526838668382,2744.62,4.7,16.6,332.6,5753.3255218,0.1504086551,9.3,0.092,726.54217783,4.3,0.269,0.1045152153,0.0046575286,-16.0,-2.0,121.0,-30.0,-24.0,9.0
2020-10-23,1843,"-78.7306,42.7625",36029,"New York, Erie",0.055098814229249,0.75784016639865,0.0137542010113959,12650,1.00437833694061,1.00316836599563,0.0510671936758893,646,0.000702388446906,1.00133393567735,1.00036851914419,0.691331824360286,1.00830536113393,0.2806,0.723,0.6355,0.0029345919786369,1932.82,3.2,17.2,916.8,7178.0603331,0.1725372426,10.7,0.111,1170.0493989,5.0,0.301,0.1309258589,0.0074914186,-16.0,-11.0,90.0,-31.0,-31.0,8.0
2020-10-23,1844,"-73.773,44.1163",36031,"New York, Essex",0.0974358974358974,0.509383378016086,0.0052278820375335,195,1.00990485606307,1.00316836599563,0.0717948717948718,14,0.0003753351206434,1.0,1.00036851914419,0.691331824360286,1.00830536113393,0.2659,0.3305,0.7151,0.0010723860589812,1764.9,3.6,22.0,19.2,5261.6893708,0.1375657786,6.6,0.106,91.058522134,2.3,0.288,0.0232439678,0.0052546917,-5.0,6.0,,,-19.0,5.0
2020-10-23,1845,"-74.2993,44.5904",36033,"New York, Franklin",0.10126582278481,0.159067862326765,0.0015707951404768,79,1.00745043726524,1.00316836599563,0.0126582278481013,1,1.98834827908456e-05,1.0,1.00036851914419,0.691331824360286,1.00830536113393,0.6873,0.447,0.8908,0.0034398425228163,1661.01,5.1,15.9,28.7,5946.1572876,0.1869897222,7.4,0.125,147.60967943,3.7,0.339,0.0561509554,0.0758356034,-6.0,12.0,,,-13.0,3.0
2020-10-23,1846,"-74.418,43.1136",36035,"New York, Fulton",0.025,0.16793864641451,0.0067175458565804,360,1.00119617909085,1.00316836599563,0.0777777777777778,28,0.0005224757888451,1.0,1.00036851914419,0.691331824360286,1.00830536113393,0.5494,0.2786,0.4801,0.0013808288705193,1637.11,4.8,18.6,93.8,6695.4599491,0.1838344499,8.0,0.125,110.83628252,3.7,0.34,0.0198354201,0.0030042358,-8.0,-11.0,,,-20.0,4.0
2020-10-23,1847,"-78.1914,43.0023",36037,"New York, Genesee",0.0482573726541555,0.312983603136791,0.0064857157761124,373,1.00115429625993,1.00316836599563,0.0160857908847185,6,0.0001043278677122,1.0,1.00036851914419,0.691331824360286,1.00830536113393,0.2366,0.3247,0.2773,0.0022778251117177,1789.81,3.5,18.0,111.6,7910.0310198,0.1592210155,9.1,0.135,176.73798128,4.0,0.366,0.027612109,0.0115630053,-12.0,-4.0,,-21.0,-20.0,5.0
2020-10-23,1848,"-74.1238,42.2758",36039,"New York, Greene",0.236139630390144,2.42151144427365,0.0102545745509676,487,1.01007425346647,1.00316836599563,0.0308008213552361,15,0.0003158493188183,1.0,1.00036851914419,0.691331824360286,1.00830536113393,0.4197,0.517,0.7727,,1859.38,4.2,21.0,63.5,7900.3495829,0.1544606035,8.2,0.101,39.551718694,3.7,0.279,0.0558421596,0.0045482302,-2.0,-4.0,,,-23.0,6.0
2020-10-23,1849,"-74.4972,43.6615",36041,"New York, Hamilton",0.0625,0.2255299954894,0.0036084799278304,16,1.0,1.00316836599563,0.0625,1,0.0002255299954894,1.0,1.00036851914419,0.691331824360286,1.00830536113393,0.5589,0.4024,0.2028,,1684.04,6.1,28.8,2.0,5198.5675372,0.1393683141,6.6,0.113,20.311591264,3.0,0.297,0.0094722598,0.0031574199,,,,,,
2020-10-23,1850,"-74.9615,43.4203",36043,"New York, Herkimer",0.0558510638297872,0.339624472369123,0.0060808953147995,376,1.00346703851313,1.00316836599563,0.0265957446808511,10,0.0001617259392233,1.0,1.00036851914419,0.691331824360286,1.00830536113393,0.5433,0.2693,0.7106,0.0004043148480584,1551.78,5.0,19.6,36.1,6536.9032964,0.1782729688,7.8,0.124,391.81299381,3.7,0.32,0.0120971003,0.0033315543,-7.0,-3.0,,0.0,-22.0,5.0
2020-10-23,1851,"-75.9465,44.042",36045,"New York, Jefferson",0.0876288659793814,0.152118473446378,0.001735940226388,194,1.00603405850637,1.00316836599563,0.0051546391752577,1,8.94814549684578e-06,1.0,1.00036851914419,0.691331824360286,1.00830536113393,0.4834,0.4868,0.9207,0.0030781620509149,1536.67,5.3,12.8,96.0,6534.4305792,0.1601914683,7.8,0.117,111.88287248,4.0,0.343,0.0621538186,0.0065500425,-8.0,-6.0,,,-11.0,4.0
2020-10-23,1852,"-73.9494,40.6362",36047,"New York, Kings",0.0410630959626699,1.17545483055408,0.0286255773705587,73935,1.00306300973192,1.00316836599563,0.0997633056062758,7376,0.0028557822233751,1.00029085560139,1.00036851914419,0.691331824360286,1.00830536113393,0.6736,0.9799,0.9096,0.0022576011584192,2237.29,7.3,13.2,33915.1,5111.129221,0.13840802,10.1,0.097,3626.9639418,5.0,0.226,0.2994935787,0.0092305727,-28.0,-4.0,21.0,-38.0,-41.0,13.0
2020-10-23,1853,"-75.449,43.7844",36049,"New York, Lewis",0.15625,0.37811472000605,0.0024199342080387,64,1.02188604687923,1.00316836599563,0.078125,5,0.000189057360003,1.0,1.00036851914419,0.691331824360286,1.00830536113393,0.5258,0.1948,0.1875,0.0011721556320187,1668.45,5.5,17.3,17.5,6932.5772148,0.1568566686,7.0,0.116,35.050484519,3.0,0.385,0.0065035732,0.0034030325,-11.0,,,,-16.0,3.0
2020-10-23,1854,"-77.7797,42.726",36051,"New York, Livingston",0.172413793103448,0.711721258323185,0.0041279832982744,261,1.01696850489722,1.00316836599563,0.0229885057471264,6,9.48961677764246e-05,1.0,1.00036851914419,0.691331824360286,1.00830536113393,0.3503,0.3203,0.8278,0.0010596738735034,1760.09,3.2,16.8,87.1,6184.8486851,0.1532609978,8.5,0.119,124.932455,3.7,0.355,0.0253372768,0.0037009505,-5.0,-14.0,,-25.0,-22.0,6.0
2020-10-23,1855,"-75.6727,42.9165",36053,"New York, Madison",0.073394495412844,0.565011653365351,0.0076982837771029,545,1.00645441955531,1.00316836599563,0.0165137614678899,9,0.0001271276220072,1.0,1.00036851914419,0.691331824360286,1.00830536113393,0.236,0.2057,0.531,0.0017797867081008,1887.94,4.4,17.0,95.3,5429.5335206,0.1515958424,8.0,0.101,170.92753964,4.0,0.303,0.016583092,0.0075287803,-2.0,0.0,,-4.0,-23.0,6.0
2020-10-23,1856,"-77.6932,43.1464",36055,"New York, Monroe",0.0868873789214978,0.809455954013205,0.0093161511379523,6917,1.00733591256562,1.00316836599563,0.0377331212953593,261,0.0003515274608942,1.00054854701222,1.00036851914419,0.691331824360286,1.00830536113393,0.3621,0.8039,0.6574,0.0025994176227046,2041.99,3.3,16.3,1186.7,6446.6017069,0.1515144227,8.9,0.094,1631.7803009,5.0,0.294,0.1462664012,0.0041469466,-17.0,-14.0,129.0,-17.0,-29.0,9.0
2020-10-23,1857,"-74.4401,42.9012",36057,"New York, Montgomery",0.0656370656370656,0.343746840562127,0.0052370842179759,259,1.00506523426369,1.00316836599563,0.0347490347490347,9,0.000181983621474,1.0,1.00036851914419,0.691331824360286,1.00830536113393,0.7414,0.6667,0.7138,0.0026286523101809,1591.02,6.3,18.1,116.1,7649.0392479,0.1653712749,8.2,0.113,341.97558728,4.0,0.351,0.0203821656,0.0060863411,-9.0,2.0,,,-25.0,6.0
2020-10-23,1858,"-73.5894,40.7407",36059,"New York, Nassau",0.0262561042888376,0.946005537629303,0.0360299276397788,48941,1.0019681927211,1.00316836599563,0.0451155472916369,2208,0.0016255099043466,1.00019425022357,1.00036851914419,0.691331824360286,1.00830536113393,0.0764,0.9105,0.5546,0.0032672160124504,4105.08,4.4,17.1,4424.3,4292.1835498,0.1122536464,10.0,0.086,2597.0328412,5.0,0.236,0.1163314421,0.0054294092,-19.0,-9.0,82.0,-43.0,-33.0,11.0
2020-10-23,1859,"-73.9715,40.7673",36061,"New York, New York",0.0339793464422125,0.737397471973063,0.0217013435860849,35345,1.00289481974486,1.00316836599563,0.0902815108218984,3191,0.0019592300858168,1.00008956962086,1.00036851914419,0.691331824360286,1.00830536113393,0.4201,0.9612,0.9736,0.0052164270790034,3608.74,5.2,15.8,146437.5,3925.1677134,0.1241823421,10.8,0.065,4444.1247471,4.0,0.146,0.1245673699,0.0117885358,-56.0,-23.0,-35.0,-54.0,-55.0,17.0
2020-10-23,1860,"-78.7478,43.199",36063,"New York, Niagara",0.071106659989985,0.67479910470316,0.0094899564231845,1997,1.00503590321364,1.00316836599563,0.0450676014021032,90,0.0004276895734034,1.0,1.00036851914419,0.691331824360286,1.00830536113393,0.3201,0.4655,0.4645,0.0029605622692258,1815.61,3.3,18.1,361.1,7692.4617485,0.1680214371,11.0,0.128,788.12792768,5.0,0.335,0.0703121659,0.0113290216,-12.0,5.0,180.0,-43.0,-26.0,6.0
2020-10-23,1861,"-75.4371,43.2438",36065,"New York, Oneida",0.0464761904761905,0.531412118809811,0.0114340722284898,2625,1.00319695570521,1.00316836599563,0.048,126,0.0005488354669675,1.0,1.00036851914419,0.691331824360286,1.00830536113393,0.472,0.7179,0.8679,0.0030534417646367,1745.33,4.0,18.0,191.2,7265.0456208,0.1683525727,8.1,0.138,531.96134428,4.0,0.331,0.0612082221,0.0034803138,-19.0,-4.0,,3.0,-22.0,5.0
2020-10-23,1862,"-76.1997,43.0049",36067,"New York, Onondaga",0.0969052224371373,1.08486408883326,0.0111951044695967,5170,1.00745711851749,1.00316836599563,0.0353965183752418,183,0.0003962677210708,1.00078308727638,1.00036851914419,0.691331824360286,1.00830536113393,0.3532,0.7128,0.7708,0.0037634606514814,2046.16,3.7,16.2,628.9,6621.7243811,0.1575882059,8.2,0.108,1060.9644599,5.0,0.295,0.1091035471,0.0093003818,-20.0,-9.0,147.0,-30.0,-28.0,8.0
2020-10-23,1863,"-77.3087,42.8515",36069,"New York, Ontario",0.181523500810373,1.01944221947135,0.0056160343697662,617,1.02003679910518,1.00316836599563,0.0470016207455429,29,0.0002639627175416,1.00502563202403,1.00036851914419,0.691331824360286,1.00830536113393,0.0876,0.4699,0.6301,0.0036317629068666,2215.42,3.3,18.8,172.5,6165.9640498,0.1404008102,8.5,0.111,354.06382745,4.3,0.33,0.0225642613,0.0036408651,-15.0,-10.0,,3.0,-29.0,6.0
2020-10-23,1864,"-74.3024,41.4034",36071,"New York, Orange",0.04803427798241,1.67298946723533,0.0348290749336957,13303,1.00293357613092,1.00316836599563,0.0314214838758175,418,0.0010943812164387,1.00068540224706,1.00036851914419,0.691331824360286,1.00830536113393,0.2646,0.8777,0.9004,0.0024139222046807,2684.3,4.8,13.3,436.6,5849.3994098,0.1514202321,9.0,0.097,489.85499069,4.3,0.304,0.1039766881,0.0084618184,-14.0,-1.0,107.0,-16.0,-24.0,8.0
2020-10-23,1865,"-78.232,43.2517",36073,"New York, Orleans",0.0952380952380952,0.886437506155816,0.009307593814636,378,1.00860300421239,1.00316836599563,0.145502645502645,55,0.0013542795232936,1.0,1.00036851914419,0.691331824360286,1.00830536113393,0.5213,0.5177,0.8539,0.0009603072983354,1518.6,5.1,16.9,92.7,7556.2424868,0.17041979,9.0,0.155,196.59901714,3.7,0.381,0.0593913129,0.0079533143,-5.0,3.0,,,-22.0,4.0
2020-10-23,1866,"-76.1464,43.4278",36075,"New York, Oswego",0.115511551155116,0.593733566303075,0.0051400363025666,606,1.00929414874576,1.00316836599563,0.0066006600660066,4,3.39276323601757e-05,1.04195362743721,1.00036851914419,0.691331824360286,1.00830536113393,0.6541,0.1751,0.9354,0.0010687204193455,1721.45,4.6,15.3,104.0,7397.3923193,0.1860683158,8.2,0.121,153.58442673,4.0,0.341,0.0096100019,0.00480076,3.0,9.0,,-2.0,-18.0,5.0
2020-10-23,1867,"-75.0315,42.6349",36077,"New York, Otsego",0.053475935828877,0.334733635709384,0.0062595189877654,374,1.00466966701276,1.00316836599563,0.0106951871657754,4,6.69467271418769e-05,1.0,1.00036851914419,0.691331824360286,1.00830536113393,0.4596,0.3457,0.8153,0.0040168036285126,1854.8,4.8,20.0,62.1,6268.5584957,0.1550593136,7.8,0.097,161.30808442,3.7,0.296,0.0203852784,0.0025607123,-17.0,-16.0,,,-25.0,7.0
2020-10-23,1868,"-73.7497,41.4263",36079,"New York, Putnam",0.0559954751131222,1.00109210047324,0.0178780892286535,1768,1.00477645588525,1.00316836599563,0.0356334841628959,63,0.000637058609392,1.0,1.00036851914419,0.691331824360286,1.00830536113393,0.0895,0.7507,0.1773,0.0016583747927031,3531.41,3.7,16.2,306.5,4830.5589206,0.1263148198,9.3,0.063,309.75187877,4.3,0.232,0.0277676657,0.0044998584,-16.0,-2.0,,-15.0,-30.0,11.0
2020-10-23,1869,"-73.8168,40.7109",36081,"New York, Queens",0.0258395201986842,0.858306573417245,0.0332168154368807,75698,1.00202810674008,1.00316836599563,0.0962905228671827,7289,0.0031984645263999,1.00013726836999,1.00036851914419,0.691331824360286,1.00830536113393,0.5223,0.9936,0.8478,0.0018078850114923,2271.74,9.5,14.8,18032.9,4306.4080914,0.1242777748,8.1,0.109,4496.4113693,5.0,0.233,0.1795743221,0.0132458294,-25.0,0.0,42.0,-44.0,-37.0,13.0
2020-10-23,1870,"-73.5109,42.7135",36083,"New York, Rensselaer",0.0945179584120983,0.627187315763726,0.0066356418007802,1058,1.00708278218951,1.00316836599563,0.0396975425330813,42,0.0002634186726207,1.0,1.00036851914419,0.691331824360286,1.00830536113393,0.2258,0.5183,0.7498,0.002558924248316,2231.46,3.7,16.0,215.2,6570.3862422,0.1456438162,9.1,0.088,1307.9807034,4.0,0.303,0.0693920046,0.0034244427,-18.0,-9.0,47.0,-18.0,-34.0,10.0
2020-10-23,1871,"-74.1481,40.5858",36085,"New York, Richmond",0.03540137343121,1.2558302655094,0.0354740549247237,16892,1.00284838845887,1.00316836599563,0.0647051858868103,1093,0.0022953553180631,1.00052390365297,1.00036851914419,0.691331824360286,1.00830536113393,0.2955,0.9004,0.8067,0.0024402588102373,2849.47,4.3,15.5,7050.8,5567.4136028,0.1537341777,9.8,0.11,1550.4116385,5.0,0.275,0.0943216732,0.006432455,-22.0,-3.0,-9.0,-35.0,-33.0,12.0
2020-10-23,1872,"-74.0256,41.1503",36087,"New York, Rockland",0.0610591189226204,3.28528224258892,0.0538049402047928,17524,1.00458281808205,1.00316836599563,0.0291600091303355,511,0.0015689525476289,1.00056038176282,1.00036851914419,0.691331824360286,1.00830536113393,0.357,0.916,0.9074,0.0020295061330385,3425.57,5.6,15.3,1662.7,4356.6163647,0.121652885,9.7,0.081,2018.1001602,5.0,0.232,0.1140299974,0.0053854066,-19.0,-8.0,101.0,-37.0,-24.0,9.0
2020-10-23,1873,"-75.0655,44.4976",36089,"New York, St. Lawrence",0.0984042553191489,0.342443566225809,0.0034799670513757,376,1.00987745171978,1.00316836599563,0.0106382978723404,4,3.70209260784659e-05,1.0,1.00036851914419,0.691331824360286,1.00830536113393,0.678,0.4244,0.943,0.0029524188547576,1603.13,6.0,16.3,38.9,6605.4919964,0.1738965495,7.9,0.108,31.025397515,3.7,0.329,0.0228696771,0.0099586291,-17.0,-4.0,,,-18.0,4.0
2020-10-23,1874,"-73.8665,43.109",36091,"New York, Saratoga",0.0980707395498392,0.530059132006448,0.0054048652476723,1244,1.00733017449292,1.00316836599563,0.0120578778135048,15,6.51712047548911e-05,1.0,1.00036851914419,0.691331824360286,1.00830536113393,0.0245,0.3273,0.2642,0.0007429517342057,2753.87,3.3,17.0,246.8,4949.6424967,0.1479515368,9.4,0.09,435.6101585,4.0,0.259,0.0173616089,0.0023722319,-17.0,-1.0,121.0,-20.0,-27.0,9.0
2020-10-23,1875,"-74.0528,42.8167",36093,"New York, Schenectady",0.0551905387647832,0.540714515609913,0.0097972320566462,1522,1.0042966694555,1.00316836599563,0.0315374507227332,48,0.0003089797232056,1.0,1.00036851914419,0.691331824360286,1.00830536113393,0.3385,0.7042,0.6135,0.0023688445445767,2104.57,4.2,16.5,729.3,6796.9333297,0.1414383626,9.0,0.099,714.44375534,4.3,0.296,0.1082458964,0.0070872224,-19.0,-3.0,,-27.0,-35.0,9.0
2020-10-23,1876,"-74.4434,42.5883",36095,"New York, Schoharie",0.128712871287129,0.41804675692189,0.0032479017268546,101,1.00578948585968,1.00316836599563,0.0198019801980198,2,6.43148856802907e-05,1.0,1.00036851914419,0.691331824360286,1.00830536113393,0.4,0.2388,0.5995,0.0012862977136058,1771.99,3.8,20.3,45.8,6061.3445057,0.1498757521,7.5,0.12,65.793596832,3.7,0.36,0.0127665048,0.002829855,-6.0,,,,-23.0,6.0
2020-10-23,1877,"-76.8773,42.3918",36097,"New York, Schuyler",0.431192660550459,2.62393925859759,0.0060853059401518,109,1.04149922079949,1.00316836599563,0.018348623853211,2,0.0001116569897275,,1.00036851914419,0.691331824360286,1.00830536113393,0.4532,0.1375,0.5654,0.0013957123715944,1478.09,5.5,20.0,46.2,7035.7094454,0.1621694372,8.0,0.111,232.70254539,3.0,0.322,0.0095466726,0.0039079946,,,,,-11.0,
2020-10-23,1878,"-76.825,42.7808",36099,"New York, Seneca",0.155555555555556,0.612244897959184,0.003935860058309,135,1.01221589950921,1.00316836599563,0.0148148148148148,2,5.83090379008746e-05,1.0,1.00036851914419,0.691331824360286,1.00830536113393,0.3745,0.4091,0.6832,,1604.79,8.3,18.3,80.1,8160.3088378,0.1583434488,8.3,0.126,157.62961878,4.0,0.382,0.049271137,0.0050728863,0.0,,,,-16.0,5.0
2020-10-23,1879,"-77.383,42.2689",36101,"New York, Steuben",0.33551912568306,3.20472671092739,0.0095515470374545,915,1.0260999737475,1.00316836599563,0.0754098360655738,69,0.000720280596267,1.00637045739233,1.00036851914419,0.691331824360286,1.00830536113393,0.4468,0.2948,0.6055,0.0057935613178003,1681.15,5.5,18.5,68.3,6916.9195468,0.1539756419,7.9,0.133,183.24760574,4.0,0.337,0.014885799,0.0031003382,-14.0,-6.0,,12.0,-25.0,7.0
2020-10-23,1880,"-72.8012,40.8832",36103,"New York, Suffolk",0.0230189616626646,0.750796877711258,0.0326164528493484,48308,1.0017780358543,1.00316836599563,0.0417943197814027,2019,0.0013631824605207,1.00014159293171,1.00036851914419,0.691331824360286,1.00830536113393,0.1255,0.8545,0.4288,0.0022213324889119,3435.01,4.7,16.1,1534.4,5813.7858882,0.1262548147,9.0,0.081,776.89243027,5.0,0.246,0.0739244598,0.0061373594,-15.0,-4.0,83.0,-34.0,-25.0,8.0
2020-10-23,1881,"-74.7639,41.7158",36105,"New York, Sullivan",0.0444704505558806,1.00664918275981,0.022636361228112,1709,1.00390549291343,1.00316836599563,0.0216500877706261,37,0.0004900792073962,1.0,1.00036851914419,0.691331824360286,1.00830536113393,0.5678,0.7841,0.8962,0.0022384698932422,1951.51,5.6,18.0,72.6,8084.84768,0.1614407528,8.4,0.119,112.64612895,3.7,0.325,0.0816180561,0.0074968873,-16.0,11.0,,,-19.0,6.0
2020-10-23,1882,"-76.3084,42.1685",36107,"New York, Tioga",0.394422310756972,4.07742998352554,0.010337726523888,502,1.03672299146771,1.00316836599563,0.049800796812749,25,0.0005148270181219,1.0,1.00036851914419,0.691331824360286,1.00830536113393,0.3029,0.1414,0.2725,,1895.97,4.2,19.2,79.6,5846.2989589,0.1565940552,8.7,0.126,281.69498582,3.7,0.349,0.008669687,0.0025947282,0.0,-2.0,,,-24.0,7.0
2020-10-23,1883,"-76.4723,42.4495",36109,"New York, Tompkins",0.196891191709845,1.10902493360443,0.0056326792680435,579,1.01687444565381,1.00316836599563,0.0,0,0.0,,1.00036851914419,0.691331824360286,1.00830536113393,0.3159,0.5969,0.957,0.0020623972449485,2121.34,3.4,13.2,241.7,5338.4002532,0.1414917359,8.2,0.053,351.22396549,3.7,0.227,0.0397887016,0.0046695787,-19.0,-10.0,,,-36.0,14.0
2020-10-23,1884,"-74.2625,41.8903",36111,"New York, Ulster",0.0381773399014778,0.520719600893622,0.0136394940621168,2436,1.00260732370871,1.00316836599563,0.0344827586206897,84,0.0004703273814523,1.0,1.00036851914419,0.691331824360286,1.00830536113393,0.3404,0.673,0.8023,0.0018197190353809,2225.69,5.4,18.6,142.9,6534.0908606,0.1572173015,8.9,0.082,325.55372747,4.0,0.284,0.0607506201,0.004462511,-9.0,-2.0,175.0,-17.0,-20.0,8.0
2020-10-23,1885,"-73.8434,43.5617",36113,"New York, Warren",0.0382882882882883,0.264529681786353,0.0069088928654788,444,1.00325959071133,1.00316836599563,0.0675675675675676,30,0.0004668170855053,1.0,1.00036851914419,0.691331824360286,1.00830536113393,0.1596,0.256,0.369,0.0063798335019061,2117.16,3.9,20.9,80.5,6571.3310731,0.142160231,8.5,0.089,174.556269,3.7,0.305,0.0120750019,0.0031121139,-15.0,-6.0,,,-15.0,5.0
2020-10-23,1886,"-73.4304,43.3115",36115,"New York, Washington",0.0368098159509202,0.196088043531546,0.0053270585159403,326,1.00087951019595,1.00316836599563,0.0429447852760736,14,0.0002287693841201,1.0,1.00036851914419,0.691331824360286,1.00830536113393,0.4449,0.3457,0.6361,,1707.61,5.5,18.3,58.8,6949.619936,0.1535492042,8.9,0.124,160.02051153,3.7,0.336,0.0293968659,0.0032844747,-6.0,7.0,,,-18.0,5.0
2020-10-23,1887,"-77.0298,43.1549",36117,"New York, Wayne",0.1325,0.588470421033931,0.0044412861964825,400,1.01119961438567,1.00316836599563,0.0075,3,3.33096464736188e-05,1.0,1.00036851914419,0.691331824360286,1.00830536113393,0.3599,0.3706,0.4183,0.0013323858589447,1629.6,4.2,17.7,131.7,7146.8660444,0.1609241112,8.6,0.121,156.55370754,4.0,0.363,0.0280245159,0.0041637058,-5.0,-10.0,,,-19.0,5.0
2020-10-23,1888,"-73.7574,41.1628",36119,"New York, Westchester",0.0275201688908995,1.13165194313423,0.0411208211555872,39789,1.00213280625733,1.00316836599563,0.0369448842644952,1470,0.0015192039784541,1.00068212950925,1.00036851914419,0.691331824360286,1.00830536113393,0.264,0.9392,0.9386,0.0023480485979917,3960.43,5.8,16.4,2086.6,4257.6513773,0.1137154602,10.4,0.076,2804.6893615,5.0,0.207,0.1380429346,0.0095647842,-17.0,-6.0,45.0,-39.0,-35.0,12.0
2020-10-23,1889,"-78.222,42.7015",36121,"New York, Wyoming",0.155172413793103,0.67356866658351,0.0043407758513159,174,1.01572221247326,1.00316836599563,0.028735632183908,5,0.0001247349382562,1.0,1.00036851914419,0.691331824360286,1.00830536113393,0.3933,0.3754,0.4683,0.0015467132343769,1615.84,4.2,16.6,58.6,6456.0095038,0.1589791286,8.8,0.123,62.053815875,3.7,0.379,0.0511912187,0.0044405638,8.0,4.0,,,-23.0,5.0
2020-10-23,1890,"-77.1037,42.6351",36123,"New York, Yates",0.343137254901961,1.40896099190854,0.0041061148907048,102,1.03906724058202,1.00316836599563,0.0588235294117647,6,0.0002415361700414,1.0,1.00036851914419,0.691331824360286,1.00830536113393,0.3971,0.2869,0.8691,0.0010064007085061,1779.51,17.6,19.5,58.6,7491.4017741,0.1513063247,7.9,0.143,15.153931408,3.0,0.295,0.0088563262,0.0033009943,,21.0,,,-12.0,2.0
2020-10-23,1891,"-79.3998,36.0435",37001,"North Carolina, Alamance",0.124923453766075,3.67708909130236,0.0294347376769449,4899,1.00966528211048,1.00819764366367,0.0146968769136558,72,0.0004325987166238,1.02885543229696,1.00749933728571,0.351234347944166,1.00905012369462,0.6054,0.8606,0.802,0.001429979091062,1664.55,11.2,16.4,366.6,8077.6461602,0.1709856025,10.5,0.126,181.69073909,5.0,0.324,0.1989413348,0.0142577327,-6.0,-1.0,,9.0,-24.0,6.0
2020-10-23,1892,"-81.1775,35.9224",37003,"North Carolina, Alexander",0.234354194407457,4.71180360345889,0.0201054801488502,751,1.02402799977612,1.00819764366367,0.0119840213049268,9,0.0002409445024496,1.0,1.00749933728571,0.351234347944166,1.00905012369462,0.7029,0.5807,0.5696,0.0006692902845822,1343.47,8.9,19.1,120.3,8854.860179,0.1656872447,10.1,0.183,13.144477715,5.0,0.348,0.0574251064,0.0053275507,-10.0,3.0,,,-15.0,2.0
2020-10-23,1893,"-81.1286,36.4936",37005,"North Carolina, Alleghany",0.109090909090909,2.68793118896156,0.0246393692321477,275,1.00749231229669,1.00819764366367,0.0072727272727272,2,0.0001791954125974,1.10408951367381,1.00749933728571,0.351234347944166,1.00905012369462,0.8742,0.5565,0.1121,0.0036735059582474,1337.96,11.3,25.5,48.3,8239.8174784,0.1720532183,8.7,0.11,27.66115365,3.0,0.257,0.0155900009,0.0057342532,,,,,3.0,
2020-10-23,1894,"-80.0995,34.974",37007,"North Carolina, Anson",0.0623229461756374,1.76870201390843,0.0283796277686216,706,1.00537474084716,1.00819764366367,0.0127478753541076,9,0.0003617799573903,1.01696850489722,1.00749933728571,0.351234347944166,1.00905012369462,0.9178,0.8383,0.9682,0.0006029665956506,1244.11,11.1,17.2,43.4,11387.890127,0.2021710468,10.2,0.185,79.430119625,3.7,0.386,0.4822124854,0.0096072678,-16.0,,,,-21.0,
2020-10-23,1895,"-81.4986,36.433",37009,"North Carolina, Ashe",0.188328912466843,2.61905640193294,0.0139068206130805,377,1.01191621152333,1.00819764366367,0.0079575596816976,3,0.0001106643550112,1.16993081275869,1.00749933728571,0.351234347944166,1.00905012369462,0.6379,0.3916,0.4218,0.0028034969936183,1390.56,12.6,24.0,59.3,7387.1355681,0.167474188,8.5,0.173,18.047239796,4.0,0.26,0.0074145118,0.0042421336,14.0,16.0,,,-19.0,
2020-10-23,1896,"-81.9231,36.0757",37011,"North Carolina, Avery",0.246598639455782,8.28334761496715,0.0335904027420737,588,1.02910988540177,1.00819764366367,0.0,0,0.0,,1.00749933728571,0.351234347944166,1.00905012369462,0.6475,0.538,0.8071,0.0028563267637817,1513.93,15.9,21.1,68.8,7900.7887606,0.1738596539,8.5,0.18,35.472732186,4.3,0.265,0.0441588118,0.0061125393,,23.0,,,-5.0,
2020-10-23,1897,"-76.8433,35.4853",37013,"North Carolina, Beaufort",0.183863460046548,5.03409163321226,0.0273795110346439,1289,1.01368638884587,1.00819764366367,0.030256012412723,39,0.0008283948257184,1.01557919328246,1.00749933728571,0.351234347944166,1.00905012369462,0.7137,0.717,0.3996,0.0030162068013339,1389.1,12.0,22.9,57.5,10201.594333,0.1769732422,9.2,0.11,53.163639,4.0,0.393,0.2434843561,0.0106204465,-11.0,-1.0,33.0,,-17.0,2.0
2020-10-23,1898,"-76.9655,36.0688",37015,"North Carolina, Bertie",0.1,3.73173551981499,0.0373173551981499,710,1.00918121968383,1.00819764366367,0.0267605633802817,19,0.0009986334489645,1.05570923645175,1.00749933728571,0.351234347944166,1.00905012369462,0.9535,0.6565,0.923,0.0003153579312519,1106.1,11.9,21.0,27.5,11007.103136,0.1995360125,9.1,0.204,23.589517215,3.0,0.433,0.6072742563,0.0068853148,,,,,-17.0,
2020-10-23,1899,"-78.5618,34.613",37017,"North Carolina, Bladen",0.0936329588014981,3.01295570955107,0.0321783669780054,1068,1.00886704125168,1.00819764366367,0.0177902621722846,19,0.0005724615848147,1.0,1.00749933728571,0.351234347944166,1.00905012369462,0.9061,0.8341,0.7555,0.0017475143115396,1182.58,12.9,20.0,41.3,11127.709707,0.1873988081,10.0,0.192,18.545636813,3.7,0.437,0.335100934,0.0302500753,-12.0,-8.0,,,-22.0,5.0
2020-10-23,1900,"-78.2281,34.0706",37019,"North Carolina, Brunswick",0.147198480531814,2.26700988708828,0.015401041361961,2106,1.01164904834724,1.00819764366367,0.0175688509021842,37,0.0002705785994266,1.0255979572807,1.00749933728571,0.351234347944166,1.00905012369462,0.3592,0.5603,0.3419,0.0012724507108172,1946.94,9.8,29.3,144.7,8736.6893084,0.1499510475,9.3,0.128,43.278357978,5.0,0.289,0.1001798982,0.0083294331,7.0,2.0,101.0,,-20.0,4.0
2020-10-23,1901,"-82.533,35.6111",37021,"North Carolina, Buncombe",0.112057836302608,1.67500955218581,0.0149477234922019,3873,1.00756395091424,1.00819764366367,0.0258197779499096,100,0.0003859469014253,1.01042116787884,1.00749933728571,0.351234347944166,1.00905012369462,0.2134,0.6587,0.8838,0.0034040516705711,1932.42,10.7,19.0,435.3,7415.9251915,0.1663768144,9.0,0.083,270.1721254,5.0,0.221,0.0603003439,0.0051871264,-10.0,-1.0,59.0,-19.0,-27.0,6.0
2020-10-23,1902,"-81.7076,35.7499",37023,"North Carolina, Burke",0.0954616588419405,2.69965258569184,0.0282799672501162,2556,1.00736637973908,1.00819764366367,0.0183881064162754,47,0.0005200150472439,1.00623149432493,1.00749933728571,0.351234347944166,1.00905012369462,0.8376,0.6517,0.7924,0.0034852072315284,1390.35,12.1,19.2,169.1,9784.3067442,0.173031982,10.1,0.089,96.473698281,5.0,0.364,0.0666836317,0.0091721803,-6.0,-2.0,,,-16.0,3.0
2020-10-23,1903,"-80.5527,35.3878",37025,"North Carolina, Cabarrus",0.0888178913738019,1.97310520388754,0.0222151772955683,4695,1.00607850183787,1.00819764366367,0.0185303514376997,87,0.0004116550425376,1.00849140221475,1.00749933728571,0.351234347944166,1.00905012369462,0.3191,0.8103,0.3633,0.0021623718901117,2194.96,7.7,12.8,535.6,6642.3591456,0.1552044606,11.0,0.117,116.0577952,5.0,0.359,0.1800210086,0.0071306224,-8.0,-1.0,,-15.0,-35.0,7.0
2020-10-23,1904,"-81.548,35.952",37027,"North Carolina, Caldwell",0.178524661719773,4.98604152190079,0.0279291470089846,2291,1.01410771024996,1.00819764366367,0.0082933216935835,19,0.0002316254007728,1.0,1.00749933728571,0.351234347944166,1.00905012369462,0.7818,0.5686,0.3693,0.0013409891623694,1456.62,12.3,18.9,160.1,9025.1775075,0.1672011169,9.9,0.187,64.392493364,5.0,0.39,0.0477148326,0.0063757939,-2.0,-5.0,,,-18.0,3.0
2020-10-23,1905,"-76.1557,36.338",37029,"North Carolina, Camden",0.0597014925373134,0.746965452847806,0.0125116713352007,134,1.00433872075462,1.00819764366367,0.0223880597014925,3,0.0002801120448179,1.0,1.00749933728571,0.351234347944166,1.00905012369462,0.585,0.5234,0.0341,,2197.35,7.6,17.1,30.1,6289.1420511,0.1555760781,8.4,0.107,24.506464057,3.0,0.324,0.1160597572,0.0055088702,,,,,-19.0,
2020-10-23,1906,"-76.5412,34.8933",37031,"North Carolina, Carteret",0.183057448880234,2.70410218054197,0.0147718773373224,1027,1.01195840568544,1.00819764366367,0.0048685491723466,5,7.19176111846269e-05,1.0,1.00749933728571,0.351234347944166,1.00905012369462,0.3232,0.4852,0.5151,0.0019417755019849,1925.77,10.5,23.6,129.8,8751.1935058,0.1564647399,8.7,0.11,129.65478889,5.0,0.319,0.0549019044,0.0062568322,12.0,20.0,61.0,,-9.0,3.0
2020-10-23,1907,"-79.3335,36.3931",37033,"North Carolina, Caswell",0.189419795221843,4.89029870473169,0.0258172526213763,586,1.01309254406567,1.00819764366367,0.0085324232081911,5,0.0002202837254383,1.0,1.00749933728571,0.351234347944166,1.00905012369462,0.8261,0.7316,0.8981,,1185.21,7.4,20.2,38.1,10090.551275,0.1766468938,10.2,0.062,18.276575648,3.7,0.286,0.3191911182,0.0072693629,,,,,-20.0,4.0
2020-10-23,1908,"-81.2133,35.6621",37035,"North Carolina, Catawba",0.154799513973269,4.01507702392658,0.0259372715124928,4115,1.01297196921063,1.00819764366367,0.0143377885783718,59,0.0003718831152459,1.0049387522123,1.00749933728571,0.351234347944166,1.00905012369462,0.5799,0.7857,0.6616,0.0038638025363689,1841.49,11.6,17.1,425.0,8342.6260312,0.1602464796,10.5,0.106,106.74795227,5.0,0.313,0.0848019565,0.0060698888,-10.0,-7.0,,3.0,-21.0,3.0
2020-10-23,1909,"-79.2554,35.7039",37037,"North Carolina, Chatham",0.0672669491525424,1.7364196940073,0.0258138612778408,1888,1.0038416522716,1.00819764366367,0.0317796610169492,60,0.0008203557609483,1.0,1.00749933728571,0.351234347944166,1.00905012369462,0.2793,0.8284,0.283,0.0003418149003951,2566.74,11.7,23.4,89.2,6197.8159203,0.1417891525,10.3,0.112,42.099221914,4.0,0.238,0.1200590656,0.0119635215,-5.0,1.0,,,-32.0,8.0
2020-10-23,1910,"-84.0597,35.1349",37039,"North Carolina, Cherokee",0.0929614873837981,2.46626501779234,0.0265299651199662,753,1.00682254808482,1.00819764366367,0.0185922974767596,14,0.0004932530035584,1.02226578920968,1.00749933728571,0.351234347944166,1.00905012369462,0.7,0.3457,0.2884,0.0067293802628333,1326.34,14.2,28.3,65.5,10653.806943,0.17350195,9.0,0.131,24.681089264,4.0,0.27,0.014586196,0.0154317725,8.0,3.0,,,-17.0,3.0
2020-10-23,1911,"-76.6012,36.1291",37041,"North Carolina, Chowan",0.129032258064516,4.56197875828641,0.0353553353767197,496,1.00559551615155,1.00819764366367,0.0201612903225806,10,0.0007128091809822,1.10408951367381,1.00749933728571,0.351234347944166,1.00905012369462,0.8283,0.3929,0.7173,0.006344001710742,1261.26,9.3,23.4,77.8,9837.3522503,0.1797144501,8.6,0.165,82.640977559,4.0,0.385,0.3399386984,0.0044194169,,-11.0,,,-15.0,
2020-10-23,1912,"-83.7435,35.057",37043,"North Carolina, Clay",0.284263959390863,5.02738127300476,0.017685609121106,197,1.02833800677827,1.00819764366367,0.0152284263959391,3,0.0002693239967681,1.0,1.00749933728571,0.351234347944166,1.00905012369462,0.3707,0.2311,0.2044,,1325.71,13.5,29.3,45.1,10263.858116,0.1631099429,8.5,0.062,20.986214798,3.3,0.314,0.0114911572,0.0061944519,,,,,-19.0,
2020-10-23,1913,"-81.552,35.3355",37045,"North Carolina, Cleveland",0.142043551088777,4.34226022837831,0.0305699216549747,2985,1.01162541604503,1.00819764366367,0.0271356783919598,81,0.0008295355624968,1.01105509534937,1.00749933728571,0.351234347944166,1.00905012369462,0.864,0.5174,0.7654,0.0035127246658815,1296.81,12.2,17.9,205.5,10469.890647,0.1837049576,10.6,0.154,94.133787582,5.0,0.381,0.2064826668,0.0037687542,-5.0,-2.0,,,-13.0,2.0
2020-10-23,1914,"-78.658,34.2674",37047,"North Carolina, Columbus",0.0922509225092251,2.69517563561225,0.0292157038900368,1626,1.00667627179861,1.00819764366367,0.0362853628536285,59,0.0010601024166741,1.0,1.00749933728571,0.351234347944166,1.00905012369462,0.8637,0.8115,0.9007,0.0027670469858952,1321.93,12.6,19.2,56.0,11745.545017,0.1920530509,9.7,0.191,39.534388164,4.0,0.462,0.3000269518,0.0371395203,1.0,-2.0,,,-17.0,2.0
2020-10-23,1915,"-77.084,35.1183",37049,"North Carolina, Craven",0.141888838680524,3.05115049751244,0.021503809079602,2213,1.01183811177475,1.00819764366367,0.0257568910980569,57,0.0005538712686567,1.01889460922101,1.00749933728571,0.351234347944166,1.00905012369462,0.5793,0.8217,0.9054,0.0034009639303482,1813.52,10.7,18.0,147.2,9835.3044453,0.156588877,9.4,0.154,111.1919673,5.0,0.306,0.2085276741,0.0065104167,-14.0,-3.0,41.0,,-19.0,5.0
2020-10-23,1916,"-78.8262,35.0476",37051,"North Carolina, Cumberland",0.106722313310478,2.15448499984955,0.0201877651731712,6709,1.00822796441971,1.00819764366367,0.0135638694291251,91,0.0002738242108747,1.00317977863105,1.00749933728571,0.351234347944166,1.00905012369462,0.678,0.8532,0.8567,0.0028014323112568,1493.26,9.9,11.2,571.3,9399.6655118,0.1809085747,10.6,0.115,169.35789409,5.0,0.337,0.3712364216,0.0184575572,-13.0,-6.0,39.0,-8.0,-29.0,6.0
2020-10-23,1917,"-75.9588,36.3612",37053,"North Carolina, Currituck",0.0995475113122172,0.812647754137116,0.0081634160756501,221,1.00528111558868,1.00819764366367,0.0180995475113122,4,0.0001477541371158,1.0,1.00749933728571,0.351234347944166,1.00905012369462,0.2742,0.3047,0.0579,,1925.22,13.3,15.5,82.9,7121.9453564,0.1537226844,8.5,0.094,45.195247598,4.0,0.286,0.0553339243,0.0067966903,,,,,-18.0,4.0
2020-10-23,1918,"-75.7177,35.6652",37055,"North Carolina, Dare",0.158640226628895,1.53420454234131,0.0096709679186871,353,1.01686565613644,1.00819764366367,0.0084985835694051,3,8.21895290539985e-05,1.0,1.00749933728571,0.351234347944166,1.00905012369462,0.1296,0.616,0.1885,0.0005753267033779,2135.23,13.2,20.1,98.1,7250.835786,0.157578202,8.2,0.103,124.28451809,4.3,0.226,0.0241637215,0.005588888,53.0,42.0,160.0,,-4.0,2.0
2020-10-23,1919,"-80.2126,35.7912",37057,"North Carolina, Davidson",0.126871997739474,2.6948515730971,0.0212407120650125,3539,1.00847452388032,1.00819764366367,0.012150324950551,43,0.0002580815537709,1.00336715580588,1.00749933728571,0.351234347944166,1.00905012369462,0.7006,0.7014,0.5024,0.001458460873636,1557.93,11.3,17.5,254.0,9018.559568,0.1785797094,10.8,0.158,93.913522475,5.0,0.322,0.0949259966,0.0077904618,-9.0,0.0,,6.0,-21.0,4.0
2020-10-23,1920,"-80.545,35.931",37059,"North Carolina, Davie",0.150684931506849,2.57412304308146,0.0170828165586315,730,1.01125310852024,1.00819764366367,0.010958904109589,8,0.0001872089485877,1.04195362743721,1.00749933728571,0.351234347944166,1.00905012369462,0.4376,0.6737,0.3356,0.0011700559286733,2163.66,9.6,19.8,134.5,7772.0686825,0.1507357569,10.4,0.159,29.32953781,5.0,0.412,0.0624341844,0.0069267311,2.0,2.0,,27.0,-21.0,4.0
2020-10-23,1921,"-77.9314,34.9345",37061,"North Carolina, Duplin",0.0611337532419415,2.80345249422319,0.0458576865570205,2699,1.0038155799204,1.00819764366367,0.0200074101519081,54,0.0009174935435639,1.0,1.00749933728571,0.351234347944166,1.00905012369462,0.9643,0.9459,0.767,0.0017160527388881,1293.28,17.1,17.3,68.9,7384.2022931,0.213033962,9.9,0.206,20.570533795,4.0,0.398,0.2421163518,0.0139493,-4.0,-5.0,,14.0,-12.0,4.0
2020-10-23,1922,"-78.8761,36.0364",37063,"North Carolina, Durham",0.0655473781048758,1.79958893600093,0.027454781381516,8696,1.0042608179851,1.00819764366367,0.0113845446182153,99,0.0003125601836212,1.00291980744868,1.00749933728571,0.351234347944166,1.00905012369462,0.3873,0.9577,0.9019,0.0047704892671884,2191.76,12.0,12.1,1282.5,6103.6972489,0.1478937225,10.6,0.066,394.89288729,5.0,0.247,0.3596873135,0.0091621177,-23.0,-9.0,8.0,-45.0,-41.0,12.0
2020-10-23,1923,"-77.5944,35.9123",37065,"North Carolina, Edgecombe",0.18534253850239,6.71089318334776,0.0362080569176041,1883,1.01428697402875,1.00819764366367,0.0276155071694105,52,0.0009999038553985,1.0,1.00749933728571,0.351234347944166,1.00905012369462,0.9229,0.8163,0.9089,0.0022497836746466,1069.8,10.3,18.4,105.0,12204.343614,0.2079478765,10.2,0.164,64.881720503,4.0,0.38,0.5723103548,0.0077877127,-13.0,-9.0,,,-23.0,5.0
2020-10-23,1924,"-80.2546,36.1286",37067,"North Carolina, Forsyth",0.0983291260968866,2.15774771233899,0.0219441359644842,8319,1.00764712258272,1.00819764366367,0.0138237768962616,115,0.0003033508397542,1.00637045739233,1.00749933728571,0.351234347944166,1.00905012369462,0.522,0.8895,0.7835,0.005025072606364,1917.02,10.8,15.2,986.9,7676.6354491,0.1837982048,9.4,0.113,295.85134237,5.0,0.33,0.2581568403,0.0085861477,-11.0,-6.0,109.0,-26.0,-32.0,6.0
2020-10-23,1925,"-78.2871,36.0815",37069,"North Carolina, Franklin",0.0566714490674319,1.16933096506809,0.0206335109532268,1394,1.00374474885976,1.00819764366367,0.0222381635581062,31,0.0004588513913558,1.0,1.00749933728571,0.351234347944166,1.00905012369462,0.5631,0.8125,0.6052,,1702.34,9.9,16.1,110.7,8298.3567744,0.1800853694,10.6,0.085,36.837342452,4.0,0.361,0.2519094139,0.0093990527,-8.0,10.0,,,-25.0,5.0
2020-10-23,1926,"-81.1748,35.2937",37071,"North Carolina, Gaston",0.158711903392754,4.95409385853908,0.0312143812318821,6956,1.01347174401478,1.00819764366367,0.0155261644623347,108,0.0004846396165962,1.01105509534937,1.00749933728571,0.351234347944166,1.00905012369462,0.6497,0.6823,0.5661,0.0019520206779569,1673.88,10.3,15.6,568.1,9266.9940469,0.1676801465,10.9,0.105,179.6824344,5.0,0.292,0.1701668417,0.0058740116,-5.0,3.0,114.0,,-21.0,4.0
2020-10-23,1927,"-76.6975,36.4467",37073,"North Carolina, Gates",0.072289156626506,1.03689622396958,0.0143437310982459,166,1.0070810608894,1.00819764366367,0.0180722891566265,3,0.0002592240559923,1.0,1.00749933728571,0.351234347944166,1.00905012369462,0.5449,0.4161,0.1372,,1483.84,6.6,19.1,25.9,11221.668344,0.1582855843,8.8,0.151,6.3340447751,3.0,0.447,0.3098591549,0.0057029292,,,,,-22.0,
2020-10-23,1928,"-83.8337,35.3507",37075,"North Carolina, Graham",0.129707112970711,3.65393682225365,0.0281706742102782,239,1.00994798121737,1.00819764366367,0.0292887029288703,7,0.0008250825082508,1.0,1.00749933728571,0.351234347944166,1.00905012369462,0.8529,0.4202,0.3321,,1244.67,16.6,23.3,27.3,8707.7418348,0.182984576,8.4,0.07,33.300455938,3.0,0.43,0.0043611504,0.0800330033,,,,,-15.0,
2020-10-23,1929,"-78.6518,36.3034",37077,"North Carolina, Granville",0.064215432418436,2.06271313316144,0.0321217666139899,1931,1.00474976793285,1.00819764366367,0.0258933195235629,50,0.0008317391665973,1.0,1.00749933728571,0.351234347944166,1.00905012369462,0.5818,0.809,0.517,0.0023621392331364,1678.43,8.8,16.2,104.9,7535.4819885,0.1662712889,10.5,0.109,45.123973594,4.0,0.372,0.3134492223,0.0084005656,-3.0,-8.0,,,-25.0,6.0
2020-10-23,1930,"-77.6758,35.4854",37079,"North Carolina, Greene",0.20509977827051,8.80449267085475,0.0429278507519513,902,1.01710951551606,1.00819764366367,0.0133037694013304,12,0.0005711022272986,1.08004153648474,1.00749933728571,0.351234347944166,1.00905012369462,0.9758,0.9417,0.9793,,1262.69,16.6,15.2,63.8,8234.4138635,0.1977367131,10.4,0.117,24.223043679,3.3,0.284,0.3569388921,0.0227013135,,0.0,,,-17.0,
2020-10-23,1931,"-79.7882,36.0796",37081,"North Carolina, Guilford",0.122108208955224,2.45282665317518,0.0200873198793262,10720,1.00735452613864,1.00819764366367,0.0186567164179104,200,0.0003747634305844,1.00659938611519,1.00749933728571,0.351234347944166,1.00905012369462,0.4631,0.9064,0.7619,0.003033709970581,1906.19,9.5,14.5,887.6,7664.9216697,0.1581145302,10.5,0.096,271.38092861,5.0,0.334,0.3416905578,0.0076189405,-14.0,-7.0,84.0,-28.0,-32.0,8.0
2020-10-23,1932,"-77.6556,36.2567",37083,"North Carolina, Halifax",0.147192716236722,3.83596314311702,0.0260608217661249,1318,1.01228847273274,1.00819764366367,0.0189681335356601,25,0.0004943251473088,1.00584875104734,1.00749933728571,0.351234347944166,1.00905012369462,0.9455,0.6883,0.8918,0.0060505398030608,1243.56,12.4,19.5,67.2,10894.628297,0.202366134,9.8,0.222,48.568949985,4.0,0.437,0.5310436193,0.0400996559,-5.0,-1.0,,,-21.0,3.0
2020-10-23,1933,"-78.8724,35.3673",37085,"North Carolina, Harnett",0.108563238982444,2.25758862711789,0.0207951480471486,2791,1.00852414082253,1.00819764366367,0.0243640272303834,68,0.0005066535532805,1.00869827228079,1.00749933728571,0.351234347944166,1.00905012369462,0.7497,0.8144,0.5982,0.0011250689197848,1736.5,11.2,11.8,175.3,8205.2591694,0.189103602,10.9,0.118,53.352716891,5.0,0.332,0.2087785179,0.0170623035,-10.0,1.0,,12.0,-21.0,5.0
2020-10-23,1934,"-82.982,35.5527",37087,"North Carolina, Haywood",0.0793650793650794,0.88751190072776,0.0111826499491698,693,1.00526263148886,1.00819764366367,0.051948051948052,36,0.0005809168804763,1.0,1.00749933728571,0.351234347944166,1.00905012369462,0.371,0.3352,0.1872,0.003065950202514,1707.57,9.9,24.1,106.3,9037.5042707,0.1818128124,8.7,0.114,136.4841381,5.0,0.317,0.0123283471,0.0066805441,23.0,16.0,,20.0,-20.0,4.0
2020-10-23,1935,"-82.4767,35.3379",37089,"North Carolina, Henderson",0.106683271066833,2.2013225065954,0.0206341864528729,2409,1.00776707590507,1.00819764366367,0.0269821502698215,65,0.0005567547195669,1.00221733845789,1.00749933728571,0.351234347944166,1.00905012369462,0.193,0.7144,0.4167,0.0027837735978346,1824.91,11.6,25.1,304.9,6837.0073976,0.1395995578,9.2,0.098,115.15014595,5.0,0.284,0.0317093226,0.0068866276,-1.0,6.0,,,-20.0,3.0
2020-10-23,1936,"-76.981,36.3608",37091,"North Carolina, Hertford",0.0424028268551237,1.52161967961452,0.0358848641109092,849,1.00220679900831,1.00819764366367,0.0400471142520612,34,0.0014370852529692,1.0,1.00749933728571,0.351234347944166,1.00905012369462,0.9608,0.8239,0.9828,0.0048184623187793,1204.82,11.4,18.8,66.9,9242.6949212,0.1933254559,9.1,0.217,9.1635379694,3.7,0.465,0.6025613931,0.0128492329,-11.0,-12.0,,,-19.0,
2020-10-23,1937,"-79.2365,35.0189",37093,"North Carolina, Hoke",0.0962962962962963,2.61120444087357,0.0271163538090717,1485,1.00743105539104,1.00819764366367,0.0168350168350168,25,0.0004565042728799,1.02522041319334,1.00749933728571,0.351234347944166,1.00905012369462,0.8615,0.929,0.5129,0.0008947483748447,1424.53,13.9,9.1,107.5,8250.0211148,0.2020812102,10.4,0.119,31.757900893,4.0,0.374,0.3370279746,0.0911547732,4.0,-5.0,,,-19.0,5.0
2020-10-23,1938,"-76.1518,35.4202",37095,"North Carolina, Hyde",0.171428571428571,5.73613766730402,0.0334608030592734,175,1.014705787398,1.00819764366367,0.0285714285714286,5,0.0009560229445506,1.0,1.00749933728571,0.351234347944166,1.00905012369462,0.9398,0.8625,0.581,,1478.42,17.4,16.4,7.4,7280.0185475,0.1731200094,7.8,0.202,3.5094654263,3.0,0.364,0.2845124283,0.0084130019,,,,,,
2020-10-23,1939,"-80.8743,35.8095",37097,"North Carolina, Iredell",0.0989854675075404,2.02314568330204,0.0204388152548547,3647,1.00729846498643,1.00819764366367,0.0093227310117905,34,0.0001905455768206,1.0,1.00749933728571,0.351234347944166,1.00905012369462,0.3424,0.7112,0.3069,0.0028077451172695,2115.88,9.0,15.2,302.4,7526.6599576,0.1543159383,10.9,0.119,84.69452262,5.0,0.319,0.1179084821,0.0055202174,-10.0,1.0,104.0,1.0,-29.0,4.0
2020-10-23,1940,"-83.1409,35.2881",37099,"North Carolina, Jackson",0.212284482758621,4.54681838114801,0.0214185150137328,928,1.02363697687313,1.00819764366367,0.0075431034482758,7,0.000161562074457,1.0,1.00749933728571,0.351234347944166,1.00905012369462,0.5841,0.6409,0.8733,0.0019849054861864,1393.98,13.1,18.9,90.7,8780.3937793,0.175268077,8.4,0.082,94.675445912,5.0,0.284,0.0210953909,0.0903593602,11.0,23.0,,,-13.0,5.0
2020-10-23,1941,"-78.3662,35.5175",37101,"North Carolina, Johnston",0.087038789025544,2.26964351794745,0.0260762304181571,5285,1.0069181783863,1.00819764366367,0.011352885525071,60,0.0002960404588627,1.00240390165174,1.00749933728571,0.351234347944166,1.00905012369462,0.5172,0.8211,0.2401,0.0009818675218946,1921.66,12.0,12.7,216.4,6765.0980968,0.1768175871,10.4,0.097,62.710833258,5.0,0.372,0.1583421734,0.0093302085,-3.0,-1.0,,13.0,-30.0,6.0
2020-10-23,1942,"-77.3587,35.0225",37103,"North Carolina, Jones",0.108695652173913,2.07533464771194,0.0190930787589499,184,1.01052243278248,1.00819764366367,0.0815217391304348,15,0.0015565009857839,1.00990485606307,1.00749933728571,0.351234347944166,1.00905012369462,0.9162,0.7447,0.6568,,1273.15,15.8,21.2,18.1,8739.3178796,0.1861275476,9.5,0.296,45.434155847,3.0,0.409,0.2971879216,0.010065373,,,,,-24.0,
2020-10-23,1943,"-79.1757,35.4762",37105,"North Carolina, Lee",0.109226932668329,3.56375707869557,0.0326270910629434,2005,1.00862642255554,1.00819764366367,0.0094763092269326,19,0.0003091844040877,1.02485387013382,1.00749933728571,0.351234347944166,1.00905012369462,0.7545,0.9156,0.6447,0.0020666536483759,1570.27,13.9,15.8,239.4,10139.27753,0.1684535569,10.5,0.113,97.767259179,5.0,0.329,0.191157326,0.012741652,-13.0,-15.0,,,-23.0,5.0
2020-10-23,1944,"-77.6425,35.2403",37107,"North Carolina, Lenoir",0.175094339622642,4.14463341432042,0.0236708589395455,1325,1.01317444072951,1.00819764366367,0.0286792452830189,38,0.0006788623695869,1.01601628385513,1.00749933728571,0.351234347944166,1.00905012369462,0.9207,0.8854,0.9672,0.0046627125911104,1244.21,12.5,19.1,154.0,9998.2812544,0.1931611817,10.3,0.178,76.185700478,4.3,0.334,0.4092646849,0.0064134629,-15.0,-7.0,,,-20.0,5.0
2020-10-23,1945,"-81.2174,35.4851",37109,"North Carolina, Lincoln",0.158949243098842,4.26166885519876,0.0268115076996538,2246,1.01179551880886,1.00819764366367,0.0071237756010685,16,0.0001909991643786,1.0,1.00749933728571,0.351234347944166,1.00905012369462,0.528,0.5387,0.1939,0.0012056822251402,1872.05,8.8,16.9,245.0,8018.1795734,0.1621411102,10.8,0.121,48.123726587,5.0,0.37,0.0540169512,0.0046197923,-3.0,-6.0,,,-25.0,3.0
2020-10-23,1946,"-82.0482,35.6774",37111,"North Carolina, McDowell",0.119426751592357,3.2961961895972,0.0276001494275606,1256,1.00932365984514,1.00819764366367,0.0254777070063694,32,0.0007031885204474,1.00454582940699,1.00749933728571,0.351234347944166,1.00905012369462,0.715,0.5365,0.7539,0.0014283516821587,1204.96,11.5,19.5,101.5,8858.5255288,0.1856570274,9.2,0.128,48.462623985,4.3,0.4,0.0372030677,0.008328389,6.0,-2.0,,18.0,-15.0,2.0
2020-10-23,1947,"-83.417,35.1487",37113,"North Carolina, Macon",0.075,1.53039535213263,0.0204052713617685,720,1.0065157606758,1.00819764366367,0.0097222222222222,7,0.0001983845826838,1.0,1.00749933728571,0.351234347944166,1.00905012369462,0.4338,0.5575,0.2232,0.0023522743375372,1433.22,13.3,28.1,67.8,8991.5090252,0.1591412664,8.6,0.136,36.548990311,4.0,0.288,0.0128099759,0.0082187899,8.0,15.0,,,-15.0,4.0
2020-10-23,1948,"-82.7135,35.854",37115,"North Carolina, Madison",0.359375,3.17051877039011,0.0088223131002159,192,1.05272218605936,1.00819764366367,0.0052083333333333,1,4.59495473969581e-05,1.0,1.00749933728571,0.351234347944166,1.00905012369462,0.6404,0.2528,0.5161,,1295.61,9.3,21.0,42.7,7897.6651112,0.1683479765,8.8,0.068,26.992206168,3.7,0.268,0.0143362588,0.005284198,,,,,-28.0,5.0
2020-10-23,1949,"-77.1086,35.8433",37117,"North Carolina, Martin",0.123558484349259,3.30819108111685,0.026774293149839,607,1.00701807239299,1.00819764366367,0.0263591433278418,16,0.0007057474306382,1.00926242190831,1.00749933728571,0.351234347944166,1.00905012369462,0.8373,0.6441,0.1955,0.0021613515063296,1185.51,10.0,21.8,48.9,10228.015586,0.1924370157,8.9,0.13,30.631705333,3.7,0.431,0.4172290592,0.0048961228,-10.0,-12.0,,,-24.0,4.0
2020-10-23,1950,"-80.8318,35.2447",37119,"North Carolina, Mecklenburg",0.0768401269371784,2.27991381304158,0.0296708751523218,32457,1.00624005706996,1.00819764366367,0.0117077980096743,380,0.0003473806130536,1.00265964962026,1.00749933728571,0.351234347944166,1.00905012369462,0.2952,0.9401,0.4616,0.0024206943772791,2464.81,11.6,10.6,2303.4,5894.8821233,0.1391919475,11.3,0.085,381.87197045,5.0,0.28,0.3146930115,0.0078188063,-17.0,-7.0,56.0,-32.0,-40.0,9.0
2020-10-23,1951,"-82.1582,36.0106",37121,"North Carolina, Mitchell",0.126903553299492,1.66666666666667,0.0131333333333333,197,1.01459406538899,1.00819764366367,0.0203045685279188,4,0.0002666666666666,1.0,1.00749933728571,0.351234347944166,1.00905012369462,0.5379,0.3976,0.3171,0.0030666666666666,1319.15,11.8,24.0,70.8,8934.6499301,0.1570185089,8.5,0.17,33.021872583,4.0,0.27,0.0046,0.0092,,,,,-17.0,
2020-10-23,1952,"-79.9042,35.3316",37123,"North Carolina, Montgomery",0.0700086430423509,2.97018811191375,0.0424260203146199,1157,1.00620112785896,1.00819764366367,0.0328435609334486,38,0.0013934215833669,1.0,1.00749933728571,0.351234347944166,1.00905012369462,0.7471,0.8806,0.8246,0.0013567525943309,1375.47,13.2,19.2,53.3,7758.203746,0.1754442558,9.7,0.148,39.735095316,3.7,0.365,0.1830515933,0.0106706758,-3.0,,,-12.0,-13.0,3.0
2020-10-23,1953,"-79.4847,35.3089",37125,"North Carolina, Moore",0.130494505494506,2.88806469264912,0.0221316957499848,2184,1.00782705840909,1.00819764366367,0.0183150183150183,40,0.0004053424130033,1.01516534655549,1.00749933728571,0.351234347944166,1.00905012369462,0.279,0.673,0.3372,0.0037696844409314,2408.38,9.0,23.7,139.7,7704.6850801,0.1427614957,10.4,0.112,65.497872311,5.0,0.263,0.1187045256,0.0092924748,-9.0,7.0,,,-17.0,4.0
2020-10-23,1954,"-77.9842,35.9658",37127,"North Carolina, Nash",0.157254290171607,5.36078965282505,0.0340899421375085,3205,1.01147400096571,1.00819764366367,0.0218408736349454,70,0.0007445541184479,1.03239118471,1.00749933728571,0.351234347944166,1.00905012369462,0.5924,0.8306,0.8688,0.0037546800544588,1613.7,9.7,17.3,182.3,10356.234884,0.182998577,10.5,0.149,90.302042852,5.0,0.419,0.4043247958,0.0099876617,-8.0,-3.0,,5.0,-27.0,5.0
2020-10-23,1955,"-77.8708,34.2576",37129,"North Carolina, New Hanover",0.095895816890292,2.09235644109974,0.0218190585257067,5068,1.00833272454793,1.00819764366367,0.0073007103393843,37,0.0001592946261742,1.00797014400208,1.00749933728571,0.351234347944166,1.00905012369462,0.3726,0.6628,0.6205,0.0033107450683244,2106.91,9.9,16.7,1272.8,7399.6512149,0.1585235264,8.4,0.076,275.93870313,5.0,0.264,0.1323781396,0.005626975,-12.0,-4.0,67.0,-34.0,-23.0,6.0
2020-10-23,1956,"-77.3977,36.4174",37131,"North Carolina, Northampton",0.0708955223880597,1.93128684692011,0.0272413092091889,536,1.00628514283771,1.00819764366367,0.0354477611940298,19,0.00096564342346,1.01601628385513,1.00749933728571,0.351234347944166,1.00905012369462,0.8904,0.7211,0.6294,,1123.74,13.7,24.3,37.5,10886.900124,0.1947120478,9.6,0.219,26.52935644,3.7,0.335,0.5686623297,0.0064037406,,,,,-20.0,
2020-10-23,1957,"-77.4291,34.7261",37133,"North Carolina, Onslow",0.187216093445814,2.91881446558379,0.0155906173014371,3082,1.01215839979372,1.00819764366367,0.008760545100584,27,0.0001365823060151,1.00540603558491,1.00749933728571,0.351234347944166,1.00905012369462,0.5978,0.6218,0.8017,0.0011230100716804,1623.74,8.5,8.7,276.8,8359.8363909,0.1779553216,9.5,0.089,89.481069449,5.0,0.293,0.147630297,0.0094949996,-13.0,-1.0,9.0,-24.0,-21.0,4.0
2020-10-23,1958,"-79.1217,36.0609",37135,"North Carolina, Orange",0.0649046503847441,1.32852143781629,0.0204688174104789,2989,1.00502220103589,1.00819764366367,0.0194044831047173,58,0.0003971868216151,1.00248762368712,1.00749933728571,0.351234347944166,1.00905012369462,0.1701,0.8278,0.8367,0.0061358515890896,2789.14,7.0,12.8,385.1,4510.3406232,0.1424170725,10.7,0.058,281.08393934,5.0,0.229,0.1138077205,0.0061084594,-24.0,-10.0,53.0,-42.0,-42.0,12.0
2020-10-23,1959,"-76.6656,35.1525",37137,"North Carolina, Pamlico",0.0822368421052632,1.97316495659037,0.0239936858721389,304,1.00430242110427,1.00819764366367,0.006578947368421,2,0.0001578531965272,1.0,1.00749933728571,0.351234347944166,1.00905012369462,0.5774,0.6909,0.8551,,1709.64,10.4,28.1,37.4,8789.4127351,0.1596198542,8.6,0.157,31.743986888,3.0,0.372,0.1880031571,0.0078137332,,,,,-15.0,
2020-10-23,1960,"-76.2513,36.2672",37139,"North Carolina, Pasquotank",0.0802395209580838,1.69025454728929,0.0210651126415904,835,1.00595635147493,1.00819764366367,0.0419161676646707,35,0.00088296879336,1.00844121353096,1.00749933728571,0.351234347944166,1.00905012369462,0.6834,0.7272,0.8268,0.0045914377254723,1692.91,11.9,16.1,182.9,8802.2952375,0.1811929658,8.5,0.115,66.578781749,5.0,0.392,0.3580816872,0.0060798708,-10.0,-4.0,,,-23.0,6.0
2020-10-23,1961,"-77.9035,34.5227",37141,"North Carolina, Pender",0.118078175895765,2.33261478073421,0.0197548341430456,1228,1.00879365121949,1.00819764366367,0.006514657980456,8,0.0001286959879025,1.0,1.00749933728571,0.351234347944166,1.00905012369462,0.5787,0.695,0.5269,0.0013834818699527,1615.25,10.2,17.5,57.4,9391.115577,0.1631856734,9.4,0.172,30.896800803,4.0,0.306,0.1463916862,0.0089926322,2.0,13.0,,,-17.0,4.0
2020-10-23,1962,"-76.406,36.1785",37143,"North Carolina, Perquimans",0.14468085106383,2.53315452242587,0.0175085680226494,235,1.01078495011327,1.00819764366367,0.0170212765957447,4,0.0002980181791089,1.04195362743721,1.00749933728571,0.351234347944166,1.00905012369462,0.6232,0.6549,0.2961,,1657.73,11.4,26.6,45.4,8466.9589616,0.1678892087,8.5,0.168,20.125728804,3.0,0.343,0.2276113843,0.0055878409,,,,,-17.0,
2020-10-23,1963,"-78.9722,36.3899",37145,"North Carolina, Person",0.191029900332226,2.91087655352216,0.0152378059584377,602,1.01727052701162,1.00819764366367,0.0166112956810631,10,0.0002531197003062,1.01516534655549,1.00749933728571,0.351234347944166,1.00905012369462,0.7169,0.6218,0.6224,0.002784316703369,1366.11,8.7,18.4,88.4,9894.7850468,0.1813662967,10.1,0.093,69.958192844,4.0,0.292,0.2672690916,0.0088845015,-10.0,2.0,,,-25.0,4.0
2020-10-23,1964,"-77.3735,35.5954",37147,"North Carolina, Pitt",0.103222557905337,3.41829985437487,0.0331158220038463,5958,1.00748426021702,1.00819764366367,0.0063779791876468,38,0.0002112120235223,1.0118175820723,1.00749933728571,0.351234347944166,1.00905012369462,0.7344,0.808,0.9647,0.0050524139311004,1633.48,10.1,12.4,276.2,7563.2337379,0.1737369018,9.8,0.094,111.55030832,5.0,0.359,0.3500950454,0.0052024856,-17.0,-8.0,47.0,-49.0,-24.0,6.0
2020-10-23,1965,"-82.1681,35.2782",37149,"North Carolina, Polk",0.100529100529101,1.84367570714667,0.0183397215079327,378,1.004227818911,1.00819764366367,0.0291005291005291,11,0.0005336955994371,1.0,1.00749933728571,0.351234347944166,1.00905012369462,0.2395,0.4623,0.7338,0.0016981223618456,1503.31,10.1,29.4,78.7,7363.552161,0.1380267991,9.5,0.152,36.499284409,3.3,0.333,0.0416767745,0.0062102761,,,,,-18.0,
2020-10-23,1966,"-79.8057,35.7102",37151,"North Carolina, Randolph",0.137873290538655,3.44608687766392,0.024994593689615,3583,1.00947990588999,1.00819764366367,0.01674574379012,60,0.0004185530620644,1.00735452613864,1.00749933728571,0.351234347944166,1.00905012369462,0.6646,0.7625,0.4769,0.0010115032333224,1453.44,13.7,16.9,167.5,9378.4547147,0.1801229409,10.9,0.114,92.293208594,5.0,0.322,0.0618202873,0.0112521015,-2.0,11.0,-24.0,,-15.0,3.0
2020-10-23,1967,"-79.7449,35.0042",37153,"North Carolina, Richmond",0.17078488372093,5.23536881502439,0.0306547552743556,1376,1.01591704412836,1.00819764366367,0.0174418604651163,24,0.0005346759640875,1.00609846529734,1.00749933728571,0.351234347944166,1.00905012369462,0.9385,0.8602,0.9102,0.0036313409227616,1107.24,11.7,17.0,89.6,10844.978007,0.2067341232,10.2,0.193,109.06377122,4.0,0.387,0.313052777,0.0321696705,2.0,-4.0,,,-15.0,4.0
2020-10-23,1968,"-79.1025,34.6424",37155,"North Carolina, Robeson",0.125303713988199,5.47670881659094,0.0437074739628767,5762,1.00732561066823,1.00819764366367,0.015619576535925,90,0.0006826922347551,1.00819891621082,1.00749933728571,0.351234347944166,1.00905012369462,0.9646,0.9255,0.9698,0.0034286321123256,1276.31,14.1,14.2,135.9,12577.477164,0.2405759422,10.1,0.165,64.505773276,4.0,0.39,0.2323049965,0.4169808315,-11.0,-7.0,,13.0,-23.0,5.0
2020-10-23,1969,"-79.775,36.3959",37157,"North Carolina, Rockingham",0.178611422172452,3.51747711985886,0.0196934612415922,1786,1.01332025094047,1.00819764366367,0.0100783874580067,18,0.000198478332782,1.00819891621082,1.00749933728571,0.351234347944166,1.00905012369462,0.7392,0.6692,0.7351,0.0038813540632925,1492.05,10.2,19.4,149.4,9886.6758286,0.176739895,10.3,0.143,43.085134428,5.0,0.363,0.1856213474,0.0060535891,-13.0,-2.0,,-19.0,-17.0,3.0
2020-10-23,1970,"-80.5245,35.64",37159,"North Carolina, Rowan",0.0811013767209011,2.29361045433308,0.0282807832254959,3995,1.00611880180115,1.00819764366367,0.0282853566958698,113,0.0007999320411717,1.0051618389773,1.00749933728571,0.351234347944166,1.00905012369462,0.7102,0.772,0.8144,0.0030227520493834,1571.37,11.8,16.8,265.5,9849.679596,0.1712558284,10.6,0.14,98.306763871,5.0,0.375,0.1612535572,0.006349903,-8.0,4.0,40.0,-6.0,-21.0,3.0
2020-10-23,1971,"-81.9211,35.4011",37161,"North Carolina, Rutherford",0.149848942598187,3.71113039834795,0.0247658097147817,1655,1.01366511292515,1.00819764366367,0.0290030211480363,48,0.000718283302906,1.00926242190831,1.00749933728571,0.351234347944166,1.00905012369462,0.8293,0.4718,0.497,0.0021398856732409,1416.74,11.5,20.7,115.1,9697.6877091,0.1941526993,10.1,0.132,30.141075041,5.0,0.285,0.0961302487,0.0037859516,-6.0,2.0,99.0,,-17.0,2.0
2020-10-23,1972,"-78.3691,34.9882",37163,"North Carolina, Sampson",0.0928982725527831,3.80347656618364,0.0409423820450759,2605,1.00629772935329,1.00819764366367,0.0107485604606526,28,0.0004400716688146,1.0,1.00749933728571,0.351234347944166,1.00905012369462,0.9252,0.9427,0.7902,0.002294659415962,1377.89,15.7,17.1,62.0,9809.5055149,0.1907020493,10.7,0.151,48.362665238,4.0,0.353,0.2518938799,0.0359444252,-6.0,-3.0,,,-19.0,2.0
2020-10-23,1973,"-79.4758,34.8386",37165,"North Carolina, Scotland",0.113362887903737,5.14220051709279,0.0453605285837403,1579,1.00841909744014,1.00819764366367,0.0139328689043699,22,0.0006320022981901,1.02116420457606,1.00749933728571,0.351234347944166,1.00905012369462,0.9713,0.7077,0.9965,0.0029876472278081,1140.16,11.5,16.9,113.0,12006.564925,0.2286667017,10.2,0.185,98.757112405,4.0,0.395,0.3862395863,0.1236139041,-10.0,-7.0,,,-18.0,3.0
2020-10-23,1974,"-80.2509,35.3165",37167,"North Carolina, Stanly",0.0866638620109382,3.31856625050342,0.0382923882400322,2377,1.00396874577732,1.00819764366367,0.0252419015565839,60,0.0009665726943213,1.00735452613864,1.00749933728571,0.351234347944166,1.00905012369462,0.6204,0.589,0.553,0.0017559403946838,1406.3,11.2,18.4,144.4,9418.4713214,0.1670805068,10.5,0.096,51.696992452,5.0,0.284,0.1122351994,0.0045751108,-6.0,14.0,,,-24.0,3.0
2020-10-23,1975,"-80.2389,36.4018",37169,"North Carolina, Stokes",0.183514774494557,2.59528889084391,0.0141421250577342,643,1.01114497890072,1.00819764366367,0.0139968895800933,9,0.0001979457628609,1.08759574725442,1.00749933728571,0.351234347944166,1.00905012369462,0.6255,0.1601,0.1643,0.0020454395495634,1418.46,11.2,19.8,79.8,9609.1707409,0.1590693612,9.8,0.135,36.288302793,5.0,0.328,0.03835749,0.0048166802,-3.0,10.0,,,-20.0,4.0
2020-10-23,1976,"-80.691,36.4169",37171,"North Carolina, Surry",0.134764460345856,3.1411575026408,0.0233085005837549,1677,1.01206161990202,1.00819764366367,0.0172927847346452,29,0.0004030688830822,1.01572221247326,1.00749933728571,0.351234347944166,1.00905012369462,0.671,0.6593,0.7014,0.0031411575026408,1442.69,12.2,19.7,137.7,10017.174699,0.1719515672,9.6,0.147,37.065255284,5.0,0.305,0.0365819759,0.0065602935,-5.0,2.0,,3.0,-22.0,3.0
2020-10-23,1977,"-83.4875,35.4867",37173,"North Carolina, Swain",0.274261603375527,4.56300456300456,0.0166374166374166,237,1.02236852949415,1.00819764366367,0.0168776371308017,4,0.0002808002808002,1.04195362743721,1.00749933728571,0.351234347944166,1.00905012369462,0.8459,0.5151,0.5498,0.0053352053352053,1379.06,21.5,19.2,28.5,12357.738513,0.218581178,8.4,0.13,22.53789378,4.0,0.311,0.0106704107,0.2984204984,65.0,,231.0,,-21.0,
2020-10-23,1978,"-82.7964,35.2038",37175,"North Carolina, Transylvania",0.1275,1.49057430951337,0.0116907788981441,400,1.01159064308603,1.00819764366367,0.0225,9,0.0002630425252082,1.0,1.00749933728571,0.351234347944166,1.00905012369462,0.4866,0.4604,0.3992,0.0027473330410638,1656.0,13.5,29.0,91.7,7499.4772774,0.1569634598,8.7,0.097,97.006171292,4.3,0.268,0.0350138828,0.0043548151,16.0,18.0,,,-18.0,5.0
2020-10-23,1979,"-76.1706,35.8715",37177,"North Carolina, Tyrrell",0.078740157480315,2.42072137496974,0.0307431614621157,127,1.01055567387081,1.00819764366367,0.0236220472440945,3,0.0007262164124909,1.0,1.00749933728571,0.351234347944166,1.00905012369462,0.8799,0.7338,0.8602,,1043.68,13.3,21.3,10.0,7560.3825346,0.2082743945,7.9,0.129,68.816244067,3.0,0.433,0.3727910917,0.0104091019,,,,,,
2020-10-23,1980,"-80.5296,34.9896",37179,"North Carolina, Union",0.0861135371179039,2.08979771775438,0.0242679349576954,5725,1.00608427609533,1.00819764366367,0.0108296943231441,62,0.0002628143174457,1.00232563164892,1.00749933728571,0.351234347944166,1.00905012369462,0.2217,0.7969,0.0888,0.0009622395170998,2670.12,9.0,12.0,317.1,5701.6359567,0.1467066046,10.9,0.09,50.315040554,5.0,0.321,0.1167361853,0.006421995,-8.0,7.0,,-8.0,-36.0,6.0
2020-10-23,1981,"-78.4067,36.3688",37181,"North Carolina, Vance",0.0606837606837607,1.59257099277735,0.0262437755147817,1170,1.00523617477221,1.00819764366367,0.0393162393162393,46,0.0010318065587008,1.0,1.00749933728571,0.351234347944166,1.00905012369462,0.9006,0.8491,0.9172,0.0022879188910322,1309.72,10.8,17.4,165.8,13140.834692,0.202095257,10.0,0.098,117.84875357,4.3,0.343,0.5052038939,0.0089946615,-12.0,-4.0,,,-24.0,4.0
2020-10-23,1982,"-78.6525,35.7888",37183,"North Carolina, Wake",0.0699231341433176,1.29084825209076,0.0184609609953264,20165,1.0051411310467,1.00819764366367,0.0132903545747582,268,0.0002453527174186,1.00378809579377,1.00749933728571,0.351234347944166,1.00905012369462,0.1019,0.8596,0.4384,0.001630496976577,2734.89,8.4,10.9,1321.5,4691.2324853,0.1219493775,11.0,0.085,237.39481821,5.0,0.251,0.1996511963,0.0079373435,-17.0,-3.0,51.0,-49.0,-44.0,12.0
2020-10-23,1983,"-78.1065,36.3973",37185,"North Carolina, Warren",0.0975609756097561,2.01948805977685,0.0206997526127127,410,1.00977924599857,1.00819764366367,0.0170731707317073,7,0.0003534104104609,1.0,1.00749933728571,0.351234347944166,1.00905012369462,0.8736,0.781,0.795,,1309.64,12.7,23.6,40.3,9486.656075,0.1904459273,9.7,0.071,10.277316798,3.0,0.41,0.5063361438,0.0561417681,,,,,-15.0,
2020-10-23,1984,"-76.573,35.8381",37187,"North Carolina, Washington",0.0711297071129707,1.43351041403154,0.0201534699384434,239,1.00425562675168,1.00819764366367,0.0334728033472803,8,0.0006745931360148,1.0,1.00749933728571,0.351234347944166,1.00905012369462,0.9032,0.4976,0.5033,0.0041318829580909,1140.31,12.0,22.8,33.1,10051.031295,0.1881171877,8.6,0.175,53.165422667,3.0,0.422,0.4792984231,0.0096972763,,,,,-9.0,
2020-10-23,1985,"-81.7003,36.231",37189,"North Carolina, Watauga",0.164556962025316,3.95030833854679,0.0240057199034766,1343,1.00847047226316,1.00819764366367,0.003723008190618,5,8.93734918223255e-05,1.1398522810476,1.00749933728571,0.351234347944166,1.00905012369462,0.7261,0.3343,0.822,0.0020913397086424,1494.5,9.1,15.2,193.0,5145.0351508,0.1801206082,8.3,0.07,212.42099784,5.0,0.167,0.0172312092,0.0040396818,1.0,24.0,,,-32.0,7.0
2020-10-23,1986,"-78.0003,35.3644",37191,"North Carolina, Wayne",0.139346162763738,4.8763468778398,0.03499448266909,4313,1.01096537768624,1.00819764366367,0.0183167169023881,79,0.0006409840321952,1.00554596684635,1.00749933728571,0.351234347944166,1.00905012369462,0.8016,0.923,0.9427,0.0025639361287809,1520.57,12.6,15.6,222.5,9164.3192678,0.1765439252,10.7,0.167,66.490201381,5.0,0.381,0.3099522913,0.0084058159,-12.0,-2.0,,-9.0,-21.0,3.0
2020-10-23,1987,"-81.1623,36.2084",37193,"North Carolina, Wilkes",0.153798256537983,3.60284143121782,0.0234257625041936,1606,1.00874875318863,1.00819764366367,0.0230386052303861,37,0.0005396968945548,1.00392180941666,1.00749933728571,0.351234347944166,1.00905012369462,0.7812,0.5584,0.4578,0.0018962323322199,1496.2,11.4,20.5,88.8,9533.6234319,0.1785546204,9.6,0.14,31.831036619,5.0,0.426,0.0433507884,0.0039820879,-4.0,5.0,,,-21.0,3.0
2020-10-23,1988,"-77.918,35.7063",37195,"North Carolina, Wilson",0.130139435109045,4.46872506291818,0.0343379780246762,2797,1.01132390781587,1.00819764366367,0.0221666070790132,62,0.0007611564667607,1.0,1.00749933728571,0.351234347944166,1.00905012369462,0.8462,0.8793,0.8644,0.0038917193542446,1487.19,12.2,17.0,237.3,10147.615462,0.1806011006,10.7,0.143,124.55750775,5.0,0.323,0.3947332883,0.0061506353,-14.0,1.0,,,-20.0,5.0
2020-10-23,1989,"-80.6624,36.1622",37197,"North Carolina, Yadkin",0.156448202959831,3.94214633886477,0.025197773220041,946,1.01120786887425,1.00819764366367,0.0095137420718816,9,0.0002397251152012,1.0,1.00749933728571,0.351234347944166,1.00905012369462,0.6678,0.6995,0.4174,0.0005859947260474,1442.6,10.8,19.1,99.9,8204.0411773,0.178972454,9.9,0.11,41.810221858,4.3,0.386,0.0307913592,0.0068454838,1.0,1.0,,,-20.0,3.0
2020-10-23,1990,"-82.3124,35.9008",37199,"North Carolina, Yancey",0.214035087719298,3.40725018153382,0.0159191197006088,285,1.02485387013382,1.00819764366367,0.0,0,0.0,,1.00749933728571,0.351234347944166,1.00905012369462,0.7997,0.4683,0.2601,,1328.91,13.0,24.8,51.2,7430.2210727,0.1681119175,8.6,0.181,53.884043386,3.7,0.299,0.0084901972,0.0077640619,,,,,-17.0,
2020-10-23,1991,"-102.5285,46.0969",38001,"North Dakota, Adams",0.553846153846154,15.693112467306,0.0283347863993025,65,1.0411925201676,1.02418341279183,0.0,0,0.0,,1.02204009851787,0.889542770008828,1.0086788392449,0.0115,0.1203,0.2178,0.0108979947689625,1880.57,10.2,23.4,2.2,9907.3086914,0.1496579774,4.8,0.125,36.822076948,,0.302,0.008282476,0.0061028771,,,,,,
2020-10-23,1992,"-98.0661,46.9358",38003,"North Dakota, Barnes",0.210843373493976,6.64010624169987,0.0314930753177765,332,1.02674190135322,1.02418341279183,0.003012048192771,1,9.48586605957124e-05,1.0,1.02204009851787,0.889542770008828,1.0086788392449,0.101,0.0917,0.5798,0.0023714665148928,1816.78,6.1,21.2,7.0,7127.5989254,0.1568860574,5.7,0.088,64.296230779,3.0,0.36,0.0154619617,0.0117624739,,,,,-22.0,
2020-10-23,1993,"-99.3592,48.0684",38005,"North Dakota, Benson",0.202127659574468,13.6455041654697,0.0675093363975869,470,1.01482296348347,1.02418341279183,0.0170212765957447,8,0.0011490950876185,1.0,1.02204009851787,0.889542770008828,1.0086788392449,0.8178,0.6393,0.6883,,1520.76,11.0,13.1,4.8,15906.853483,0.3024259538,5.6,0.113,6.4993146735,3.0,0.38,0.003734559,0.5527147371,,,,,,
2020-10-23,1994,"-103.3763,47.0237",38007,"North Dakota, Billings",0.375,13.0576713819369,0.0348204570184984,32,1.00926242190831,1.02418341279183,0.0,0,0.0,,1.02204009851787,0.889542770008828,1.0086788392449,0.128,0.1009,0.1675,,2374.32,2.9,15.9,0.9,,0.1492547466,4.9,0.025,7.8392678677,,0.295,0.0032644178,0.0032644178,,,,,,
2020-10-23,1995,"-100.8378,48.7911",38009,"North Dakota, Bottineau",0.45,15.4422087037904,0.0343160193417564,220,1.03927501250899,1.02418341279183,0.0727272727272727,16,0.0024957104975822,1.01925902092718,1.02204009851787,0.889542770008828,1.0086788392449,0.1252,0.1146,0.1363,0.0038995476524723,1962.97,3.5,22.4,3.7,10260.708835,0.15728721,5.7,0.094,23.105055533,3.0,0.338,0.0070191858,0.0313523631,,,,,-37.0,
2020-10-23,1996,"-103.5203,46.1129",38011,"North Dakota, Bowman",0.504504504504504,18.2054616384915,0.0360858257477243,111,1.02718313154645,1.02418341279183,0.018018018018018,2,0.0006501950585175,1.0,1.02204009851787,0.889542770008828,1.0086788392449,0.0707,0.3292,0.4753,0.0074772431729518,2099.88,5.2,20.1,2.7,4176.1868621,0.1380404011,5.1,0.1,49.270534118,3.0,0.232,0.0019505852,0.0250325098,,,,,,
2020-10-23,1997,"-102.5182,48.7909",38013,"North Dakota, Burke",0.333333333333333,9.52380952380953,0.0285714285714286,60,1.04195362743721,1.02418341279183,0.0166666666666667,1,0.0004761904761904,1.0,1.02204009851787,0.889542770008828,1.0086788392449,0.0153,0.0697,0.0707,,2183.44,5.4,15.4,1.7,4093.5575352,0.1635796527,5.2,0.061,4.5807883906,3.0,0.378,0.0052380952,0.010952381,,,,,,
2020-10-23,1998,"-100.4645,46.9785",38015,"North Dakota, Burleigh",0.27641196013289,17.4655988580185,0.0631868420223988,6020,1.02383194926195,1.02418341279183,0.0122923588039867,74,0.0007767153338301,1.02095686155617,1.02204009851787,0.889542770008828,1.0086788392449,0.0137,0.3101,0.7227,0.0053530381115321,2122.83,5.4,15.2,60.1,5675.9556512,0.1555858894,5.6,0.088,262.09630233,3.3,0.307,0.0232279869,0.0417641934,-11.0,-5.0,-3.0,-15.0,-28.0,12.0
2020-10-23,1999,"-97.2445,46.932",38017,"North Dakota, Cass",0.259047154867796,11.7124661186893,0.0452136450781198,8207,1.02275607217699,1.02418341279183,0.0099914706957475,82,0.0004517508098459,1.00716992752008,1.02204009851787,0.889542770008828,1.0086788392449,0.0475,0.5438,0.5323,0.0061757641199673,2186.32,5.8,11.3,115.2,5496.7735243,0.1624414342,6.8,0.072,277.72537519,3.7,0.312,0.0622314286,0.0144119527,-15.0,-18.0,35.0,-4.0,-32.0,14.0
2020-10-23,2000,"-98.4669,48.7729",38019,"North Dakota, Cavalier",0.136363636363636,2.35048315487072,0.017236876469052,66,1.0161457126895,1.02418341279183,0.0151515151515152,1,0.0002611647949856,1.0,1.02204009851787,0.889542770008828,1.0086788392449,0.0481,0.2512,0.0366,0.0052232958997127,2156.24,5.0,26.9,2.5,6444.3133583,0.1436280808,5.9,0.102,28.359544919,3.0,0.348,0.0036563071,0.0161922173,,,,,,
2020-10-23,2001,"-98.5049,46.1102",38021,"North Dakota, Dickey",0.333333333333333,15.5007138486641,0.0465021415459922,228,1.02409359110786,1.02418341279183,0.0043859649122807,1,0.0002039567611666,,1.02204009851787,0.889542770008828,1.0086788392449,0.0812,0.1515,0.4438,0.0040791352233326,1779.12,4.5,21.1,4.2,5806.746528,0.1407311428,5.7,0.123,26.925769816,3.0,0.357,0.0063226596,0.0095859678,,,,,,
2020-10-23,2002,"-103.4874,48.8149",38023,"North Dakota, Divide",0.533333333333333,10.5124835742444,0.0197109067017083,45,1.04085567353022,1.02418341279183,0.0222222222222222,1,0.0004380201489268,1.0,1.02204009851787,0.889542770008828,1.0086788392449,0.0599,0.1146,0.1391,0.0065703022339027,2053.1,10.2,26.8,2.0,8705.9022757,0.1655712168,5.8,0.105,8.460056898,3.0,0.348,0.0197109067,0.008760403,,,,,,
2020-10-23,2003,"-102.616,47.3542",38025,"North Dakota, Dunn",0.251282051282051,11.3111726685134,0.0450138504155125,195,1.0075488835911,1.02418341279183,0.0256410256410256,5,0.0011542012927054,1.03239118471,1.02204009851787,0.889542770008828,1.0086788392449,0.1003,0.6434,0.4435,,2487.78,18.8,16.1,2.5,10477.123541,0.173950582,4.4,0.122,36.296618336,2.3,0.33,0.013388735,0.0969529086,,,-63.0,,,
2020-10-23,2004,"-98.9043,47.717",38027,"North Dakota, Eddy",0.329341317365269,23.7786424556853,0.0722006052745352,167,1.02343711107113,1.02418341279183,0.0179640718562874,3,0.0012970168612192,1.0,1.02204009851787,0.889542770008828,1.0086788392449,0.1656,0.2582,0.2576,,1795.47,5.9,23.1,3.2,7070.2190909,0.1686255823,5.3,0.118,13.604289332,3.0,0.314,0.0034587116,0.0415045396,,,,,,
2020-10-23,2005,"-100.239,46.284",38029,"North Dakota, Emmons",0.150735294117647,12.443095599393,0.0825493171471927,272,1.00646659519269,1.02418341279183,0.0294117647058824,8,0.0024279210925644,1.01925902092718,1.02204009851787,0.889542770008828,1.0086788392449,0.2194,0.043,0.1531,0.0042488619119878,1592.21,4.9,29.7,2.3,6435.5583556,0.1532373928,5.0,0.087,12.225817908,2.3,0.267,0.0024279211,0.0118361153,,,,,,
2020-10-23,2006,"-98.8828,47.4571",38031,"North Dakota, Foster",0.524691358024691,26.4303482587065,0.0503731343283582,162,1.04256762571315,1.02418341279183,0.0123456790123457,2,0.0006218905472636,1.10408951367381,1.02204009851787,0.889542770008828,1.0086788392449,0.0303,0.0544,0.1165,0.007773631840796,1856.03,4.5,22.3,5.1,8274.2372558,0.1556353399,5.3,0.091,43.030490855,3.0,0.361,0.0031094527,0.0115049751,,,,,,
2020-10-23,2007,"-103.8465,46.9402",38033,"North Dakota, Golden Valley",0.294642857142857,18.6546071226682,0.0633126059920859,112,1.01632157731989,1.02418341279183,0.0,0,0.0,,1.02204009851787,0.889542770008828,1.0086788392449,0.0334,0.0519,0.3785,,1544.28,9.1,21.6,1.7,,0.1711463045,5.2,0.124,0.6903160204,,0.329,0.0050876201,0.0152628604,,,,,,
2020-10-23,2008,"-97.4545,47.9209",38035,"North Dakota, Grand Forks",0.266004092370652,12.8585558852621,0.04833969195987,3421,1.02814014766815,1.02418341279183,0.004969307220111,17,0.0002402147802741,1.02812481341586,1.02204009851787,0.889542770008828,1.0086788392449,0.2439,0.4591,0.8816,0.004436908294475,1702.51,6.3,11.9,53.4,6589.3467273,0.1616283515,6.9,0.089,229.34626949,3.7,0.309,0.0461636287,0.0280062173,-25.0,-8.0,,-12.0,-25.0,13.0
2020-10-23,2009,"-101.639,46.3582",38037,"North Dakota, Grant",0.283333333333333,7.1609098567818,0.025273799494524,60,1.01516534655549,1.02418341279183,0.05,3,0.0012636899747262,1.16993081275869,1.02204009851787,0.889542770008828,1.0086788392449,0.1089,0.0538,0.2124,0.012636899747262,1862.57,5.2,29.0,1.4,7373.137068,0.146636131,4.6,0.132,5.1996745423,,0.284,0.00168492,0.0206402696,,,,,,
2020-10-23,2010,"-98.2385,47.4579",38039,"North Dakota, Griggs",0.207792207792208,7.16845878136201,0.0344982078853047,77,1.02226578920968,1.02418341279183,0.012987012987013,1,0.0004480286738351,1.0,1.02204009851787,0.889542770008828,1.0086788392449,0.0592,0.1334,0.135,0.0080645161290322,1815.96,2.3,28.9,3.3,6640.5316302,0.1490631159,5.4,0.123,12.080582227,,0.304,0.0044802867,0.0076164875,,,,,,
2020-10-23,2011,"-102.4632,46.4338",38041,"North Dakota, Hettinger",0.339285714285714,15.115354017502,0.0445505171042164,112,1.03338260115477,1.02418341279183,0.0178571428571429,2,0.0007955449482895,1.10408951367381,1.02204009851787,0.889542770008828,1.0086788392449,0.1806,0.1289,0.0411,,1900.91,8.3,24.0,2.1,4781.821965,0.1577930379,4.9,0.072,11.356687414,3.0,0.324,0.007557677,0.0361972951,,,,,,
2020-10-23,2012,"-99.7751,46.9783",38043,"North Dakota, Kidder",0.24390243902439,8.16326530612245,0.033469387755102,82,1.02079022004849,1.02418341279183,0.024390243902439,2,0.0008163265306122,1.10408951367381,1.02204009851787,0.889542770008828,1.0086788392449,0.1131,0.0573,0.0831,,1925.81,12.4,19.6,1.6,3736.9813612,0.1592542939,4.9,0.106,9.1214772651,2.3,0.382,0.0032653061,0.0073469388,,,,,,
2020-10-23,2013,"-98.5354,46.4568",38045,"North Dakota, LaMoure",0.381720430107527,17.479074347612,0.0457902511078287,186,1.02733757970569,1.02418341279183,0.0268817204301075,5,0.001230920728705,1.07570373984278,1.02204009851787,0.889542770008828,1.0086788392449,0.2223,0.298,0.0213,,2022.83,3.9,24.5,3.5,8483.6908871,0.1592295808,5.5,0.084,9.5839728525,2.0,0.315,0.0027080256,0.0056622354,,,,,,
2020-10-23,2014,"-99.4772,46.4573",38047,"North Dakota, Logan",0.292682926829268,18.9174986862848,0.0646347871781398,123,1.02710534999601,1.02418341279183,0.0,0,0.0,,1.02204009851787,0.889542770008828,1.0086788392449,0.1328,0.0914,0.1344,,1862.83,2.3,29.8,1.9,5581.0629267,0.1417326039,5.1,0.101,16.016025016,3.0,0.289,0.0015764582,0.0078822911,,,,,,
2020-10-23,2015,"-100.6325,48.231",38049,"North Dakota, McHenry",0.29375,8.08115543328748,0.0275103163686382,160,1.03471643720935,1.02418341279183,0.075,12,0.0020632737276478,1.04195362743721,1.02204009851787,0.889542770008828,1.0086788392449,0.0726,0.0646,0.0379,,1812.59,4.5,19.9,2.4,7812.4447063,0.1614035364,5.2,0.083,23.255965817,3.0,0.32,0.003954608,0.0108321871,,,,,,
2020-10-23,2016,"-99.4415,46.1118",38051,"North Dakota, McIntosh",0.366459627329193,22.8239845261122,0.0622823984526112,161,1.02226578920968,1.02418341279183,0.0248447204968944,4,0.0015473887814313,1.0,1.02204009851787,0.889542770008828,1.0086788392449,0.2309,0.1111,0.1127,0.0170212765957447,1545.79,5.9,31.3,2.9,6597.733174,0.143459522,5.3,0.055,19.895710083,1.3,0.266,0.0050290135,0.0073500967,,,,,,
2020-10-23,2017,"-103.3959,47.7413",38053,"North Dakota, McKenzie",0.348739495798319,12.1772300469484,0.0349178403755869,476,1.02963234076014,1.02418341279183,0.0084033613445378,4,0.0002934272300469,1.04195362743721,1.02204009851787,0.889542770008828,1.0086788392449,0.1682,0.7058,0.7717,0.0017605633802816,2574.73,15.3,9.0,6.7,7968.7917856,0.1914847239,5.3,0.089,142.58618412,3.7,0.291,0.0151848592,0.1004254695,,,,-41.0,-40.0,
2020-10-23,2018,"-101.3182,47.6077",38055,"North Dakota, McLean",0.324055666003976,17.0841630856304,0.052719840687559,503,1.03401399339566,1.02418341279183,0.0178926441351889,9,0.0009432973482863,1.08759574725442,1.02204009851787,0.889542770008828,1.0086788392449,0.035,0.3429,0.2295,0.0049261083743842,2006.28,5.3,22.4,4.2,8867.8830552,0.1596480951,4.9,0.107,27.984021828,3.0,0.341,0.0033539461,0.0723194634,,,,,-27.0,
2020-10-23,2019,"-101.8318,47.3121",38057,"North Dakota, Mercer",0.443877551020408,21.0475384057094,0.0474174428450466,392,1.02895715314055,1.02418341279183,0.0076530612244898,3,0.0003628885932018,1.0,1.02204009851787,0.889542770008828,1.0086788392449,0.0118,0.4514,0.4416,0.0015725172372081,2198.07,15.0,17.6,8.5,6373.2310883,0.1645612775,5.1,0.106,41.784573957,2.3,0.314,0.0055642918,0.0262489416,,,,,-27.0,
2020-10-23,2020,"-101.2822,46.7168",38059,"North Dakota, Morton",0.264862252295795,17.6234121241357,0.066538028621965,2069,1.02042047786742,1.02418341279183,0.0236829386176897,49,0.001575816047596,1.01223970067319,1.02204009851787,0.889542770008828,1.0086788392449,0.0548,0.4196,0.4811,,1973.2,5.3,15.5,14.2,7112.3375457,0.1799218638,5.4,0.079,200.56290396,3.3,0.339,0.0105483197,0.0362759286,-9.0,,,5.0,-31.0,13.0
2020-10-23,2021,"-102.3555,48.202",38061,"North Dakota, Mountrail",0.300865800865801,13.6034449011548,0.0452143276570757,462,1.02947161137501,1.02418341279183,0.012987012987013,6,0.0005871990604815,1.0,1.02204009851787,0.889542770008828,1.0086788392449,0.1347,0.7093,0.7784,0.0010765316108827,2425.21,17.0,11.1,6.4,12485.5473,0.2153758835,5.0,0.099,86.695427501,3.7,0.387,0.0102759836,0.3026032492,,,,,-32.0,
2020-10-23,2022,"-98.1904,47.9226",38063,"North Dakota, Nelson",0.218543046357616,11.5022655977693,0.0526315789473684,151,1.01505867792132,1.02418341279183,0.0198675496688742,3,0.0010456605088881,1.0,1.02204009851787,0.889542770008828,1.0086788392449,0.0739,0.014,0.1694,0.0066225165562913,1774.0,7.2,27.6,2.9,5410.1505141,0.1511054442,5.5,0.116,10.908730252,2.3,0.383,0.0080167306,0.0181247822,,,,,,
2020-10-23,2023,"-101.3406,47.1153",38065,"North Dakota, Oliver",0.591549295774648,21.5163934426229,0.0363729508196721,71,1.03448531890608,1.02418341279183,0.0140845070422535,1,0.0005122950819672,,1.02204009851787,0.889542770008828,1.0086788392449,0.1828,0.5158,0.1178,,1977.88,7.1,24.0,2.7,,0.1421093009,4.8,0.093,2.9822284356,,0.284,0.0040983607,0.0276639344,,,,,,
2020-10-23,2024,"-97.5524,48.7662",38067,"North Dakota, Pembina",0.26775956284153,7.05340434720023,0.0263423060313805,183,1.02783849138945,1.02418341279183,0.0,0,0.0,,1.02204009851787,0.889542770008828,1.0086788392449,0.1041,0.1242,0.1385,0.0028789405498776,1646.74,7.2,21.9,6.9,6746.4519776,0.1606549964,6.6,0.14,33.214030058,3.0,0.385,0.0064776162,0.0214481071,,,,,-20.0,
2020-10-23,2025,"-99.9641,48.2498",38069,"North Dakota, Pierce",0.493150684931507,8.82136731193335,0.0178877726047537,73,1.07500386634777,1.02418341279183,0.0,0,0.0,,1.02204009851787,0.889542770008828,1.0086788392449,0.2777,0.0977,0.4091,0.0061259495221759,1490.07,3.1,23.2,3.9,4187.3598823,0.1702099321,5.4,0.106,38.118879607,3.0,0.362,0.0080862534,0.0477824063,,,,,,
2020-10-23,2026,"-98.7222,48.2689",38071,"North Dakota, Ramsey",0.310961968680089,12.1069593241007,0.0389338907760648,447,1.03099649475868,1.02418341279183,0.0089485458612975,4,0.0003484017071683,1.04195362743721,1.02204009851787,0.889542770008828,1.0086788392449,0.0828,0.2302,0.8695,0.0021775106698022,1798.35,5.6,18.9,9.0,7369.6715155,0.17037443,5.6,0.102,85.942619556,3.0,0.304,0.0081874401,0.1037366083,,,,,-28.0,
2020-10-23,2027,"-97.6574,46.4562",38073,"North Dakota, Ransom",0.411764705882353,12.0297880465916,0.0292151995417224,153,1.04293015722781,1.02418341279183,0.0,0,0.0,,1.02204009851787,0.889542770008828,1.0086788392449,0.0175,0.0417,0.2798,0.0047737254153141,1821.95,3.4,21.1,6.2,8317.18835,0.1462715999,5.8,0.152,39.11494438,2.3,0.33,0.0064922666,0.0089746038,,,,,-22.0,
2020-10-23,2028,"-101.6604,48.7198",38075,"North Dakota, Renville",0.15,6.318449873631,0.04212299915754,100,1.00887852574775,1.02418341279183,0.02,2,0.0008424599831508,1.0,1.02204009851787,0.889542770008828,1.0086788392449,0.0099,0.3187,0.049,,1965.81,3.5,17.9,2.5,7131.4190099,0.1588819394,5.2,0.072,13.602949928,3.0,0.297,0.0037910699,0.0058972199,,,,,,
2020-10-23,2029,"-96.9485,46.2644",38077,"North Dakota, Richland",0.310606060606061,7.5743580269721,0.0243857380380565,396,1.03703599325551,1.02418341279183,0.0075757575757575,3,0.0001847404396822,1.05963402266705,1.02204009851787,0.889542770008828,1.0086788392449,0.136,0.2407,0.4865,,1674.48,3.4,16.8,11.4,6816.5264393,0.1558215384,6.4,0.088,44.107344862,3.3,0.358,0.0100375639,0.0279573865,-3.0,,,,-24.0,
2020-10-23,2030,"-99.841,48.7725",38079,"North Dakota, Rolette",0.213114754098361,4.54513670372701,0.0213271799174883,305,1.02083736753492,1.02418341279183,0.0229508196721311,7,0.0004894762604013,1.0,1.02204009851787,0.889542770008828,1.0086788392449,0.8841,0.5033,0.8997,0.0017481295014334,1327.18,25.2,10.9,15.0,14455.977312,0.3757900522,5.8,0.149,20.603342197,3.7,0.43,0.0041255856,0.7807146353,,,,,-36.0,
2020-10-23,2031,"-97.6322,46.1083",38081,"North Dakota, Sargent",0.231404958677686,7.23514211886305,0.031266149870801,121,1.02327553810022,1.02418341279183,0.0165289256198347,2,0.000516795865633,1.0,1.02204009851787,0.889542770008828,1.0086788392449,0.0204,0.0961,0.1853,,1959.65,3.8,21.5,5.7,4772.8759441,0.1534108125,5.8,0.114,21.15938461,2.0,0.315,0.0180878553,0.0136950904,,,,,,
2020-10-23,2032,"-100.3426,47.577",38083,"North Dakota, Sheridan",0.526315789473684,14.8257968865827,0.028169014084507,38,1.06164093405404,1.02418341279183,0.0263157894736842,1,0.0007412898443291,1.0,1.02204009851787,0.889542770008828,1.0086788392449,0.2946,0.1538,0.0592,,1644.11,5.9,28.0,1.2,,0.1567236214,4.7,0.04,10.846743338,,0.374,0.0,0.0133432172,,,,,,
2020-10-23,2033,"-101.044,46.1132",38085,"North Dakota, Sioux",0.240343347639485,12.8499311610831,0.0534648921523635,233,1.0142694677533,1.02418341279183,0.0171673819742489,4,0.0009178522257916,1.04195362743721,1.02204009851787,0.889542770008828,1.0086788392449,0.9627,0.5925,0.7673,,1256.61,31.6,7.6,4.2,22694.147263,0.3870476327,5.1,0.21,2.5612238967,2.3,0.39,0.0059660395,0.8159706287,,,,,,
2020-10-23,2034,"-103.4602,46.4474",38087,"North Dakota, Slope",0.0833333333333333,1.31061598951507,0.0157273918741809,12,1.01250777270301,1.02418341279183,0.0,0,0.0,,1.02204009851787,0.889542770008828,1.0086788392449,0.058,0.0755,0.0045,,1839.08,0.7,27.3,0.6,,0.154554073,5.0,0.111,4.8997603173,,0.271,0.0104849279,0.0262123198,,,,,,
2020-10-23,2035,"-102.6576,46.8085",38089,"North Dakota, Stark",0.137869292748433,9.93644546246411,0.0720714907894312,2234,1.00853309153534,1.02418341279183,0.0134288272157565,30,0.0009678355969932,1.02638809625704,1.02204009851787,0.889542770008828,1.0086788392449,0.0688,0.4062,0.7635,0.000806529664161,2170.38,9.0,12.8,26.2,6027.2786502,0.1746650046,5.2,0.073,148.04463165,3.3,0.335,0.031132045,0.0168080782,-14.0,,,,-29.0,10.0
2020-10-23,2036,"-97.7273,47.4561",38091,"North Dakota, Steele",0.184210526315789,3.67840252233316,0.0199684708355229,38,1.02951268099454,1.02418341279183,0.0,0,0.0,,1.02204009851787,0.889542770008828,1.0086788392449,0.0029,0.049,0.0105,,1877.71,5.0,23.4,2.6,6081.5645546,0.1366254609,5.6,0.139,5.4185579729,,0.349,0.0036784025,0.0157645822,,,,,,
2020-10-23,2037,"-98.9564,46.9796",38093,"North Dakota, Stutsman",0.244385733157199,8.84448056604676,0.0361906583162021,757,1.02268446050242,1.02418341279183,0.0079260237780713,6,0.0002868480183582,1.05963402266705,1.02204009851787,0.889542770008828,1.0086788392449,0.1685,0.177,0.8134,0.0011952000764928,1652.66,7.8,18.3,9.5,6645.6384167,0.1679997098,5.5,0.108,140.61876059,3.7,0.322,0.0168762251,0.0174499211,-3.0,,,,-27.0,11.0
2020-10-23,2038,"-99.2456,48.6857",38095,"North Dakota, Towner",0.642857142857143,24.6350364963504,0.0383211678832117,84,1.03961211126014,1.02418341279183,0.0238095238095238,2,0.000912408759124,,1.02204009851787,0.889542770008828,1.0086788392449,0.1548,0.5877,0.1716,0.0091240875912408,1893.4,11.7,23.3,2.0,6967.6911526,0.1657282226,5.6,0.106,15.876382063,3.0,0.358,0.0041058394,0.0520072993,,,,,,
2020-10-23,2039,"-97.1632,47.4537",38097,"North Dakota, Traill",0.354978354978355,10.2028119945253,0.0287420679357969,231,1.04045870317201,1.02418341279183,0.012987012987013,3,0.0003732736095558,1.05963402266705,1.02204009851787,0.889542770008828,1.0086788392449,0.0433,0.2299,0.3521,0.0051014059972626,1844.85,5.4,18.9,9.1,7112.9364993,0.1628640296,6.2,0.13,24.434519519,3.0,0.376,0.0080875949,0.0141843972,,,,,-31.0,
2020-10-23,2040,"-97.7257,48.3688",38099,"North Dakota, Walsh",0.328947368421053,11.7183838005062,0.035623886753539,380,1.03583264136366,1.02418341279183,0.0052631578947368,2,0.0001874941408081,1.0,1.02204009851787,0.889542770008828,1.0086788392449,0.2156,0.5479,0.4317,0.0026249179713134,1701.78,5.3,20.6,8.6,6880.4501171,0.1575968023,6.5,0.099,57.859229896,3.3,0.343,0.0050623418,0.0215618262,,,,,-21.0,
2020-10-23,2041,"-101.5437,48.2239",38101,"North Dakota, Ward",0.392456219128873,12.9015115729806,0.0328737600377893,2227,1.04046938251176,1.02418341279183,0.0121239335428828,27,0.0003985592820028,1.02317045203282,1.02204009851787,0.889542770008828,1.0086788392449,0.0424,0.4311,0.7361,0.0077792867264997,2016.35,6.4,12.0,36.2,5575.4154364,0.1757055618,5.4,0.088,184.83975775,3.7,0.333,0.0440481814,0.0247697213,-5.0,-11.0,,-3.0,-25.0,10.0
2020-10-23,2042,"-99.659,47.5861",38103,"North Dakota, Wells",0.404494382022472,9.0978013646702,0.0224917867071013,89,1.05059574306395,1.02418341279183,0.0,0,0.0,,1.02204009851787,0.889542770008828,1.0086788392449,0.1666,0.0051,0.0879,0.0063179176143543,1678.22,3.5,26.9,3.3,5416.2971166,0.1393377639,5.1,0.097,35.730725319,3.0,0.361,0.0035380339,0.0083396513,,,,,,
2020-10-23,2043,"-103.4793,48.3452",38105,"North Dakota, Williams",0.221891731112433,10.5516265912306,0.0475530410183876,1681,1.01486853407843,1.02418341279183,0.0071386079714455,12,0.0003394625176803,1.02638809625704,1.02204009851787,0.889542770008828,1.0086788392449,0.0217,0.5473,0.8309,0.0014144271570014,2499.91,13.8,9.2,22.9,6798.2773585,0.2010852288,6.1,0.094,182.93145521,3.3,0.369,0.0440169731,0.0425176803,-24.0,,,-30.0,-33.0,9.0
2020-10-23,2044,"-83.4719,38.8454",39001,"Ohio, Adams",0.22488038277512,1.69528206607993,0.0075385947193767,209,1.01915953248796,1.01144978433439,0.0287081339712919,6,0.0002164189871591,1.0,1.00345182691402,0.355058350946093,1.01060920967493,0.8876,0.0341,0.595,0.0009017457798297,1142.35,7.6,16.9,42.8,12222.909515,0.2428219203,10.4,0.161,21.572038326,3.7,0.322,0.0046169384,0.0055908238,10.0,,,,-14.0,1.0
2020-10-23,2045,"-84.108,40.7729",39003,"Ohio, Allen",0.229577464788732,4.7631571257415,0.02074749422869,2130,1.01869385873204,1.01144978433439,0.0342723004694836,73,0.0007110643561945,1.0,1.00345182691402,0.355058350946093,1.01060920967493,0.515,0.4193,0.5954,0.0077145612343298,1636.73,6.1,16.7,268.7,9037.4934331,0.2018441812,12.2,0.132,75.437157285,5.0,0.34,0.1235790889,0.0029708853,-11.0,-11.0,,0.0,-18.0,4.0
2020-10-23,2046,"-82.2728,40.8477",39005,"Ohio, Ashland",0.198492462311558,1.46990417713276,0.0074053400316308,398,1.01565212012536,1.01144978433439,0.0150753768844221,6,0.0001116382919341,1.02638809625704,1.00345182691402,0.355058350946093,1.01060920967493,0.4051,0.3117,0.7373,0.0022885849846497,1533.93,8.9,17.9,117.4,7482.7192757,0.1883777616,11.3,0.108,74.250758505,5.0,0.333,0.0079821379,0.0025862871,3.0,-10.0,,,-14.0,3.0
2020-10-23,2047,"-80.7483,41.7086",39007,"Ohio, Ashtabula",0.0633608815426997,0.471828746679249,0.0074466884801985,726,1.0066678482933,1.01144978433439,0.0661157024793388,48,0.0004923430400131,1.0,1.00345182691402,0.355058350946093,1.01060920967493,0.7863,0.3391,0.844,0.0030668868534151,1459.06,9.7,18.1,129.4,10012.611725,0.2127571775,11.0,0.138,33.128643189,4.0,0.376,0.0349460987,0.0032310012,-3.0,4.0,,19.0,-16.0,3.0
2020-10-23,2048,"-82.0428,39.3343",39009,"Ohio, Athens",0.245643153526971,4.49724999240329,0.0183080616244796,1205,1.01284651019779,1.01144978433439,0.0016597510373444,2,3.03868242729952e-05,1.0,1.00345182691402,0.355058350946093,1.01060920967493,0.8121,0.3429,0.9952,0.0020055304020176,1555.6,6.1,12.1,135.2,7014.1497948,0.2003160937,10.5,0.122,118.07364303,4.3,0.334,0.0277887508,0.0035856453,-19.0,6.0,,,-33.0,5.0
2020-10-23,2049,"-84.2242,40.56",39011,"Ohio, Auglaize",0.28727634194831,6.30949262073181,0.0219631473233779,1006,1.02333480459549,1.01144978433439,0.0159045725646123,16,0.0003493144703519,1.0,1.00345182691402,0.355058350946093,1.01060920967493,0.1035,0.0812,0.084,0.0030565016155794,1712.41,3.6,17.4,111.5,6454.2979291,0.1745495022,12.4,0.112,18.69664528,5.0,0.383,0.0058510174,0.0022050476,-3.0,-3.0,,2.0,-19.0,4.0
2020-10-23,2050,"-80.9924,40.0163",39013,"Ohio, Belmont",0.0697969543147208,0.814754462632398,0.0116732093918969,788,1.00593995967847,1.01144978433439,0.0342639593908629,27,0.0003999703725649,1.0,1.00345182691402,0.355058350946093,1.01060920967493,0.4611,0.1254,0.5651,0.004221909488186,1688.83,5.5,19.8,110.7,8288.949203,0.1749012387,11.2,0.133,97.309627763,5.0,0.35,0.041952448,0.0018665284,-7.0,-7.0,,16.0,-16.0,3.0
2020-10-23,2051,"-83.8679,38.9342",39015,"Ohio, Brown",0.200527704485488,1.74303931012339,0.0086922618228521,379,1.01692059795761,1.01144978433439,0.0079155672823219,3,6.88041832943443e-05,1.0,1.00345182691402,0.355058350946093,1.01060920967493,0.5602,0.0653,0.3671,,1431.74,7.8,17.4,71.2,10747.539594,0.2058649772,11.0,0.135,32.587310988,4.0,0.34,0.0090821522,0.0034172744,4.0,-2.0,,,-23.0,6.0
2020-10-23,2052,"-84.5739,39.4401",39017,"Ohio, Butler",0.164934751087482,3.56976604302549,0.0216435045949296,8276,1.01322159321676,1.01144978433439,0.0155872402126631,129,0.000337362505165,1.01281394389835,1.00345182691402,0.355058350946093,1.01060920967493,0.3076,0.6116,0.4505,0.0020006381120252,2106.86,5.6,14.0,779.1,9428.605198,0.1824021455,13.0,0.112,97.200893068,5.0,0.323,0.0851905706,0.0027668956,-13.0,-9.0,87.0,,-26.0,7.0
2020-10-23,2053,"-81.0918,40.579",39019,"Ohio, Carroll",0.16,1.18164026439201,0.00738525165245,200,1.01597360126855,1.01144978433439,0.035,7,0.0002584838078357,1.0,1.00345182691402,0.355058350946093,1.01060920967493,0.3576,0.07,0.1697,,1527.09,8.4,20.2,58.7,8073.1734588,0.1836994989,11.3,0.141,44.295895543,4.0,0.386,0.0063513164,0.0033233632,,-2.0,,,-20.0,4.0
2020-10-23,2054,"-83.7688,40.1392",39021,"Ohio, Champaign",0.158291457286432,1.6256386437529,0.010269907622439,398,1.01204607246816,1.01144978433439,0.007537688442211,3,7.74113639882335e-05,1.0,1.00345182691402,0.355058350946093,1.01060920967493,0.3889,0.2012,0.2681,0.0002064303039686,1682.77,4.7,17.8,79.3,8433.7931464,0.1845516824,11.7,0.129,45.200039053,4.3,0.317,0.0204107963,0.0043092326,-1.0,3.0,,,-14.0,3.0
2020-10-23,2055,"-83.785,39.9159",39023,"Ohio, Clark",0.178829190056135,3.31389084964892,0.0185310398632834,2494,1.01507492477062,1.01144978433439,0.0224538893344026,56,0.0004160939183415,1.01064309218431,1.00345182691402,0.355058350946093,1.01060920967493,0.6328,0.5323,0.5848,0.0017089571646171,1596.64,6.3,18.7,310.3,12178.56724,0.2140277483,11.6,0.149,75.674977829,5.0,0.337,0.0872459784,0.0034179143,-11.0,-10.0,,1.0,-20.0,6.0
2020-10-23,2056,"-84.1538,39.0485",39025,"Ohio, Clermont",0.217568117120781,2.60383713120419,0.0119679168329553,2459,1.01849154931795,1.01144978433439,0.0154534363562424,38,0.0001849454410948,1.00775379492937,1.00345182691402,0.355058350946093,1.01060920967493,0.1717,0.1923,0.2053,0.0007203138232116,2246.8,5.1,15.2,367.4,8228.2709433,0.1854045965,12.0,0.111,58.612502673,5.0,0.37,0.0156960276,0.0022144783,-12.0,-4.0,,,-29.0,7.0
2020-10-23,2057,"-83.8085,39.4149",39027,"Ohio, Clinton",0.254310344827586,2.80571605202463,0.0110326461706731,464,1.02626175601104,1.01144978433439,0.0280172413793103,13,0.0003091043108162,1.0,1.00345182691402,0.355058350946093,1.01060920967493,0.4768,0.1515,0.5247,0.0039232470218988,1645.98,5.6,16.1,102.9,10004.561791,0.1950981204,11.3,0.139,31.992352882,5.0,0.328,0.0213281974,0.0033288157,-14.0,-1.0,,,-19.0,6.0
2020-10-23,2058,"-80.7809,40.7693",39029,"Ohio, Columbiana",0.0587406015037594,1.2175522329908,0.0207276092144353,2128,1.00513893547115,1.01144978433439,0.0408834586466165,87,0.0008474163541615,1.00165291061059,1.00345182691402,0.355058350946093,1.01060920967493,0.579,0.135,0.7023,0.0034188866702381,1502.37,6.4,19.3,167.5,8980.1042431,0.2096568391,11.5,0.121,43.727772528,5.0,0.36,0.0228120586,0.0023669215,14.0,3.0,,,-15.0,4.0
2020-10-23,2059,"-81.9173,40.301",39031,"Ohio, Coshocton",0.214953271028037,1.88375331021868,0.0087635480084086,321,1.01919423614123,1.01144978433439,0.0373831775700935,12,0.0003276092713423,1.01250777270301,1.00345182691402,0.355058350946093,1.01060920967493,0.7229,0.2241,0.5998,0.0015288432662644,1405.48,10.2,18.5,61.2,8558.5588191,0.2198392454,11.3,0.133,8.6774924271,4.0,0.374,0.0119577384,0.0029484834,-7.0,1.0,,,-15.0,2.0
2020-10-23,2060,"-82.9199,40.8507",39033,"Ohio, Crawford",0.349557522123894,3.80264741275572,0.0108784596871239,452,1.03101184051473,1.01144978433439,0.0176991150442478,8,0.0001925391095066,1.01925902092718,1.00345182691402,0.355058350946093,1.01060920967493,0.4857,0.0933,0.1576,0.0018050541516245,1335.0,5.7,20.1,96.9,9661.4195799,0.1996641029,11.4,0.102,19.167755438,4.0,0.317,0.0100120337,0.0027196149,-1.0,-10.0,,,-12.0,3.0
2020-10-23,2061,"-81.6592,41.4241",39035,"Ohio, Cuyahoga",0.0772861057545925,1.22441727626246,0.0158426571543192,19706,1.00648657742397,1.01144978433439,0.0346087486044859,682,0.0005482945386808,1.00232563164892,1.00345182691402,0.355058350946093,1.01060920967493,0.5541,0.8354,0.6332,0.0061679115846918,1828.49,5.4,17.3,3022.7,9085.2552231,0.2003452224,13.2,0.11,340.35765008,5.0,0.304,0.2960782469,0.0026562539,-20.0,-10.0,80.0,-18.0,-29.0,9.0
2020-10-23,2062,"-84.6195,40.1341",39037,"Ohio, Darke",0.157342657342657,3.50719950119829,0.0222902012742825,1144,1.01259976032962,1.01144978433439,0.0445804195804196,51,0.0009937065253395,1.00283295200246,1.00345182691402,0.355058350946093,1.01060920967493,0.3064,0.0382,0.0837,0.0020263819340256,1577.13,5.7,18.9,78.4,8954.4891445,0.1842348452,12.2,0.079,26.678687606,4.3,0.357,0.006176568,0.0023576174,-4.0,-3.0,,,-14.0,3.0
2020-10-23,2063,"-84.4908,41.324",39039,"Ohio, Defiance",0.152173913043478,1.83414122887462,0.0120529280754618,460,1.01239348126782,1.01144978433439,0.0282608695652174,13,0.0003406262282195,1.0,1.00345182691402,0.355058350946093,1.01060920967493,0.2427,0.3894,0.1996,0.0027250098257565,1553.97,5.5,17.6,90.5,7695.8331485,0.1753635912,12.2,0.136,6.046954609,5.0,0.322,0.016350059,0.0041923228,-16.0,-7.0,,,-16.0,5.0
2020-10-23,2064,"-83.0046,40.2794",39041,"Ohio, Delaware",0.125696378830084,1.76247156122758,0.0140216574067745,2872,1.0090216818308,1.01144978433439,0.0094011142061281,27,0.0001318192026402,1.00540603558491,1.00345182691402,0.355058350946093,1.01060920967493,0.0013,0.4655,0.0417,0.0007420932889379,3569.72,3.7,12.7,404.6,4124.5028922,0.1501513133,11.9,0.084,85.58347331,5.0,0.27,0.0361721656,0.0020309922,-12.0,3.0,,14.0,-40.0,13.0
2020-10-23,2065,"-82.629,41.368",39043,"Ohio, Erie",0.115151515151515,1.78248341486296,0.0154794612343363,1155,1.00857357227659,1.01144978433439,0.0458874458874459,53,0.0007103129397574,1.00272487645568,1.00345182691402,0.355058350946093,1.01060920967493,0.2621,0.4333,0.2783,0.0056825035180593,1958.55,4.7,20.8,293.7,9571.4723443,0.1822507143,11.1,0.12,81.738861669,5.0,0.332,0.0856396167,0.0034443477,-8.0,-4.0,,,-10.0,5.0
2020-10-23,2066,"-82.6309,39.7511",39045,"Ohio, Fairfield",0.126323751891074,2.14402177401754,0.0169724358398275,2644,1.01082804694005,1.01144978433439,0.0215582450832073,57,0.000365895931494,1.00253171039416,1.00345182691402,0.355058350946093,1.01060920967493,0.151,0.4476,0.3021,0.0016369028514205,2226.59,5.3,15.1,252.9,6862.0993373,0.1735112124,11.6,0.095,73.203558877,5.0,0.319,0.0808694201,0.0025805292,-11.0,-2.0,,,-28.0,6.0
2020-10-23,2067,"-83.4562,39.5602",39047,"Ohio, Fayette",0.278396436525612,4.3605665248029,0.015663154957092,449,1.01773930615687,1.01144978433439,0.0178173719376392,8,0.0002790762575873,1.0,1.00345182691402,0.355058350946093,1.01060920967493,0.6446,0.3181,0.1662,0.0008721133049605,1550.44,7.1,17.0,72.3,10998.99989,0.2136166737,11.1,0.14,9.9589655699,4.3,0.358,0.0215237564,0.0032442615,-3.0,-4.0,,19.0,-13.0,4.0
2020-10-23,2068,"-83.0112,39.97",39049,"Ohio, Franklin",0.0891438377931736,2.14073113027551,0.0240143478592689,31466,1.00731457507441,1.01144978433439,0.020339413970635,640,0.0004884377623445,1.00112108186601,1.00345182691402,0.355058350946093,1.01060920967493,0.3392,0.8373,0.6699,0.0036983896817522,2015.98,7.6,11.4,2615.2,8233.4720115,0.1993468173,12.1,0.094,335.138066,5.0,0.299,0.2290483095,0.0030970007,-17.0,-10.0,53.0,-29.0,-35.0,11.0
2020-10-23,2069,"-84.1257,41.6021",39051,"Ohio, Fulton",0.29608938547486,3.76099914845302,0.0127022424070395,537,1.02720986625462,1.01144978433439,0.0204841713221601,11,0.0002601949096414,1.15547835216654,1.00345182691402,0.355058350946093,1.01060920967493,0.2446,0.4091,0.0723,0.0027675276752767,1689.95,4.9,16.7,100.2,7844.5090287,0.1719562724,11.6,0.11,21.866360129,5.0,0.31,0.0058898666,0.0044942757,-13.0,-9.0,,,-17.0,5.0
2020-10-23,2070,"-82.3165,38.8271",39053,"Ohio, Gallia",0.192439862542955,1.86797424864072,0.0097067947563294,291,1.01291511148324,1.01144978433439,0.0446735395189003,13,0.0004336368791487,1.0,1.00345182691402,0.355058350946093,1.01060920967493,0.7669,0.1127,0.7794,0.0095733680242836,1436.29,9.7,18.0,65.5,12658.897117,0.208959201,10.4,0.183,35.995567239,4.3,0.382,0.0222822643,0.0043697255,-6.0,7.0,,16.0,-10.0,1.0
2020-10-23,2071,"-81.1794,41.4995",39055,"Ohio, Geauga",0.121071012805588,1.10601822803118,0.0091352851719113,859,1.01203411660818,1.01144978433439,0.0582072176949942,50,0.0005317395327072,1.0,1.00345182691402,0.355058350946093,1.01060920967493,0.0516,0.235,0.3496,0.0023928278971828,2913.62,8.8,19.1,207.2,5483.5650325,0.1690799141,11.6,0.081,15.681335885,5.0,0.248,0.0122831832,0.0012868097,-5.0,-6.0,,,-27.0,7.0
2020-10-23,2072,"-83.8903,39.6912",39057,"Ohio, Greene",0.226003490401396,3.08342510193756,0.0136432631923569,2292,1.02141904971181,1.01144978433439,0.0183246073298429,42,0.0002500074406976,1.01064309218431,1.00345182691402,0.355058350946093,1.01060920967493,0.2083,0.4916,0.3817,0.0013869460400607,2279.98,4.2,16.3,424.5,6598.2686781,0.1756976616,11.5,0.12,118.20491838,5.0,0.296,0.0709068722,0.0033989107,-17.0,-5.0,78.0,,-29.0,10.0
2020-10-23,2073,"-81.4925,40.0503",39059,"Ohio, Guernsey",0.401869158878505,3.30582748193327,0.008226128850392,321,1.04366508234093,1.01144978433439,0.0249221183800623,8,0.0002050125570191,1.0,1.00345182691402,0.355058350946093,1.01060920967493,0.7592,0.1261,0.6132,0.0048434216595766,1314.71,7.2,18.7,75.0,9450.0505956,0.2156750654,11.2,0.123,49.189687101,4.3,0.364,0.0148121572,0.0034595869,-6.0,-1.0,,12.0,-13.0,1.0
2020-10-23,2074,"-84.545,39.1967",39061,"Ohio, Hamilton",0.148558758314856,3.03544577829369,0.0204326275523948,16687,1.01220003693025,1.01144978433439,0.0205549229939474,343,0.0004199910859034,1.0025242544094,1.00345182691402,0.355058350946093,1.01060920967493,0.3755,0.7319,0.6988,0.0048452032854812,2059.64,5.7,14.7,2306.7,9116.4523722,0.1932735723,13.1,0.11,386.78212401,5.0,0.291,0.2621221917,0.0024758658,-19.0,-9.0,75.0,-27.0,-32.0,9.0
2020-10-23,2075,"-83.6684,41.0025",39063,"Ohio, Hancock",0.189111747851003,2.60766495456341,0.0137890161991308,1047,1.01880288752383,1.01144978433439,0.0238777459407832,25,0.0003292506255761,1.04804775480696,1.00345182691402,0.355058350946093,1.01060920967493,0.1962,0.348,0.4674,0.0023179244040563,1943.54,4.1,16.2,162.7,7816.2914251,0.1836650792,11.7,0.113,123.70985284,5.0,0.33,0.0170025023,0.0037797972,-18.0,-7.0,,9.0,-17.0,5.0
2020-10-23,2076,"-83.6593,40.6602",39065,"Ohio, Hardin",0.18452380952381,1.96950444726811,0.0106734434561626,336,1.01487792705603,1.01144978433439,0.0386904761904762,13,0.000412960609911,1.0,1.00345182691402,0.355058350946093,1.01060920967493,0.6271,0.1827,0.7093,0.0007941550190597,1468.48,10.6,15.2,60.8,8639.9712168,0.2085770696,11.7,0.142,5.2376370295,4.0,0.368,0.0089898348,0.0027636595,-4.0,,,,-16.0,3.0
2020-10-23,2077,"-81.0907,40.2938",39067,"Ohio, Harrison",0.1125,0.593119810201661,0.0052721760906814,80,1.01516534655549,1.01144978433439,0.0375,3,0.0001977066034005,1.0,1.00345182691402,0.355058350946093,1.01060920967493,0.6481,0.2569,0.4753,0.0016475550283379,1433.96,9.6,20.4,36.5,9904.445692,0.2020481313,11.1,0.134,16.144686816,3.0,0.353,0.0209569,0.0021747726,,,,,-18.0,
2020-10-23,2078,"-84.0683,41.334",39069,"Ohio, Henry",0.192389006342495,3.35966920180167,0.0174628959610131,473,1.01746860337462,1.01144978433439,0.0359408033826638,17,0.0006276305102266,1.0,1.00345182691402,0.355058350946093,1.01060920967493,0.1764,0.2267,0.1082,0.0011445026951192,1805.0,4.0,17.6,61.1,7224.4010979,0.1673563503,11.8,0.083,21.854571798,5.0,0.33,0.0069039356,0.0048733663,-11.0,-20.0,,6.0,-16.0,3.0
2020-10-23,2079,"-83.6033,39.1839",39071,"Ohio, Highland",0.346511627906977,3.46044869710623,0.0099865297970179,430,1.02942444524118,1.01144978433439,0.0093023255813953,4,9.28979516001672e-05,1.0,1.00345182691402,0.355058350946093,1.01060920967493,0.7901,0.212,0.4932,0.0016257141530029,1319.69,8.5,17.6,69.0,9885.7028202,0.2102798261,10.9,0.145,3.1894682984,4.3,0.316,0.0145153049,0.0033675507,-7.0,0.0,,,-14.0,3.0
2020-10-23,2080,"-82.4799,39.4954",39073,"Ohio, Hocking",0.0913705583756345,0.634137748810992,0.0069402853619869,197,1.00746992053083,1.01144978433439,0.0456852791878173,9,0.0003170688744054,1.0,1.00345182691402,0.355058350946093,1.01060920967493,0.5134,0.0665,0.5868,0.0010568962480183,1417.59,5.7,18.3,57.7,9324.3581572,0.1980512713,10.7,0.139,21.292521283,4.0,0.407,0.0065527567,0.0042980447,27.0,,,,-11.0,2.0
2020-10-23,2081,"-81.9264,40.5616",39075,"Ohio, Holmes",0.288492706645057,4.05540873052037,0.0140572313861296,617,1.02873839628774,1.01144978433439,0.0162074554294976,10,0.0002278319511528,1.0,1.00345182691402,0.355058350946093,1.01060920967493,0.5271,0.389,0.7994,0.0015720404629545,1896.46,40.7,13.0,109.7,5172.241008,0.1834580588,11.5,0.116,27.082755737,5.0,0.292,0.0037592272,0.000934111,25.0,,,,-13.0,2.0
2020-10-23,2082,"-82.5987,41.1465",39077,"Ohio, Huron",0.10296191819464,1.24777792971421,0.0121188294817448,709,1.00598393669665,1.01144978433439,0.0169252468265162,12,0.0002051141802269,1.04195362743721,1.00345182691402,0.355058350946093,1.01060920967493,0.4666,0.4626,0.3165,0.0023759059209626,1597.64,7.0,16.3,114.7,8749.4414769,0.1930712593,11.2,0.127,52.089278274,4.3,0.384,0.0114522084,0.0033331054,-13.0,5.0,,,-23.0,2.0
2020-10-23,2083,"-82.6182,39.0191",39079,"Ohio, Jackson",0.309368191721133,4.3848814229249,0.0141736660079051,459,1.02851396004813,1.01144978433439,0.0174291938997821,8,0.0002470355731225,1.01925902092718,1.00345182691402,0.355058350946093,1.01060920967493,0.8592,0.1172,0.6578,0.0007411067193675,1305.11,8.2,16.4,74.9,12111.311757,0.2320327975,10.4,0.18,13.345958455,4.3,0.394,0.0070096344,0.0045701581,-8.0,-17.0,,,-16.0,1.0
2020-10-23,2084,"-80.7626,40.3861",39081,"Ohio, Jefferson",0.189765458422175,1.35326227439293,0.0071312360302279,469,1.01315427659624,1.01144978433439,0.0085287846481876,4,6.08207763772105e-05,1.0,1.00345182691402,0.355058350946093,1.01060920967493,0.6398,0.2652,0.5626,0.0076025970471513,1449.48,5.6,20.6,153.8,10213.450807,0.2069979982,11.5,0.149,112.83098774,5.0,0.341,0.0533094105,0.0023111895,-6.0,5.0,,-32.0,-15.0,3.0
2020-10-23,2085,"-82.4203,40.3983",39083,"Ohio, Knox",0.190104166666667,1.17945486565524,0.0062042557316659,384,1.02100434792223,1.01144978433439,0.0416666666666667,16,0.000258510655486,1.00926242190831,1.00345182691402,0.355058350946093,1.01060920967493,0.4385,0.2044,0.3703,0.0017934176724346,1690.1,9.6,17.2,109.8,7654.2197276,0.1747842205,11.2,0.137,72.14245414,5.0,0.308,0.0099041895,0.0024558512,-8.0,-6.0,,,-21.0,4.0
2020-10-23,2086,"-81.2368,41.6971",39085,"Ohio, Lake",0.106921487603306,0.897993180457586,0.008398622209497,1936,1.01062014805304,1.01144978433439,0.0304752066115702,59,0.0002559497470869,1.0049387522123,1.00345182691402,0.355058350946093,1.01060920967493,0.1194,0.518,0.1528,0.0017439287852364,2050.03,4.7,18.9,921.6,7608.8640355,0.1739170066,11.0,0.093,113.16013644,5.0,0.253,0.0438845363,0.0020996556,-14.0,-4.0,144.0,-7.0,-28.0,7.0
2020-10-23,2087,"-82.5347,38.5974",39087,"Ohio, Lawrence",0.176344086021505,2.7394514415528,0.0155346941502689,930,1.01361546133594,1.01144978433439,0.0268817204301075,25,0.0004175993051147,1.00584875104734,1.00345182691402,0.355058350946093,1.01060920967493,0.7013,0.1503,0.341,0.0001336317776367,1302.55,5.6,18.2,111.4,11962.794601,0.2122757531,10.0,0.189,52.893803332,5.0,0.399,0.0211138209,0.002388668,-7.0,10.0,,,-18.0,3.0
2020-10-23,2088,"-82.4819,40.0914",39089,"Ohio, Licking",0.195036835982939,2.861710540539,0.0146726669663024,2579,1.01782339955314,1.01144978433439,0.0255913144629701,66,0.000375492834345,1.00218344770505,1.00345182691402,0.355058350946093,1.01060920967493,0.2525,0.2961,0.2579,0.0012118177835682,2136.68,6.4,15.8,229.5,6839.8142478,0.1871606034,11.7,0.118,111.87138693,5.0,0.321,0.0396031155,0.0032884069,-10.0,-4.0,49.0,2.0,-26.0,6.0
2020-10-23,2089,"-83.7678,40.39",39091,"Ohio, Logan",0.179669030732861,1.67555888707615,0.0093258080162264,423,1.01970237011906,1.01144978433439,0.0070921985815602,3,6.61404823845849e-05,1.0,1.00345182691402,0.355058350946093,1.01060920967493,0.3315,0.3699,0.3346,0.0025353851580757,1689.41,6.0,17.0,96.9,8549.2978303,0.1866302919,11.7,0.05,56.371176848,5.0,0.405,0.0177036025,0.0034172583,-1.0,17.0,,,-14.0,3.0
2020-10-23,2090,"-82.1508,41.2955",39093,"Ohio, Lorain",0.103005865102639,0.908030414171737,0.0088153272948772,2728,1.00968594819143,1.01144978433439,0.032624633431085,89,0.0002875968215704,1.0,1.00345182691402,0.355058350946093,1.01060920967493,0.4146,0.6074,0.4451,0.0028307282662435,1869.37,5.1,17.3,561.4,8280.2840028,0.1817869393,11.2,0.133,77.740648711,5.0,0.366,0.0786851978,0.0037096759,-10.0,-3.0,182.0,12.0,-22.0,6.0
2020-10-23,2091,"-83.6547,41.621",39095,"Ohio, Lucas",0.075920337960169,1.46313436411808,0.0192719685321436,8285,1.00625771531099,1.01144978433439,0.0450211225105613,373,0.0008676456563053,1.00115429625993,1.00345182691402,0.355058350946093,1.01060920967493,0.6038,0.6574,0.5957,0.0076669171130893,1684.58,6.0,15.4,1313.1,9839.1801335,0.2108733466,11.9,0.129,285.00478543,5.0,0.348,0.1960483742,0.0041218984,-19.0,-12.0,71.0,-33.0,-22.0,7.0
2020-10-23,2092,"-83.4018,39.8938",39097,"Ohio, Madison",0.108159392789374,2.5668160223358,0.0237317902415959,1054,1.00811855986393,1.01144978433439,0.0142314990512334,15,0.0003377389503073,1.00990485606307,1.00345182691402,0.355058350946093,1.01060920967493,0.3455,0.3598,0.5291,0.002116497421926,1904.13,6.7,14.9,82.6,8524.536833,0.185181402,11.7,0.148,23.21190141,4.3,0.374,0.0624366739,0.0036475807,0.0,2.0,,13.0,-22.0,6.0
2020-10-23,2093,"-80.7729,41.0163",39099,"Ohio, Mahoning",0.105958479374494,1.7113594203151,0.0161512266919814,3709,1.00931167078585,1.01144978433439,0.0771097330816932,286,0.0012454167791606,1.00150755138289,1.00345182691402,0.355058350946093,1.01060920967493,0.5755,0.625,0.4422,0.0056871129845585,1566.28,4.7,20.0,539.5,9130.1839928,0.1988956693,11.4,0.128,74.92339007,5.0,0.313,0.1505125369,0.0026475993,-9.0,-3.0,,9.0,-21.0,4.0
2020-10-23,2094,"-83.1574,40.5861",39101,"Ohio, Marion",0.050767414403778,2.63577295574353,0.0519185975235994,3388,1.00424558845164,1.01144978433439,0.0147579693034238,50,0.00076621306853,1.00584875104734,1.00345182691402,0.355058350946093,1.01060920967493,0.6806,0.3263,0.7459,0.0041375505700625,1475.48,5.5,17.1,152.4,9999.3329578,0.2135787562,11.6,0.157,50.813741354,5.0,0.402,0.0635956847,0.0029729067,-9.0,-8.0,,,-12.0,4.0
2020-10-23,2095,"-81.8999,41.1177",39103,"Ohio, Medina",0.146551724137931,1.51831467071551,0.0103602648119411,1856,1.0132182460429,1.01144978433439,0.0226293103448276,42,0.000234445647684,1.0,1.00345182691402,0.355058350946093,1.01060920967493,0.0191,0.1821,0.0592,0.0010661694930392,2382.83,4.0,16.7,364.0,5869.5622116,0.1593706745,11.2,0.105,47.156065107,5.0,0.29,0.0138322932,0.0019202215,-7.0,-6.0,,6.0,-20.0,7.0
2020-10-23,2096,"-82.0305,39.0922",39105,"Ohio, Meigs",0.0904761904761905,0.82229723881243,0.0090885484289794,210,1.00917091202935,1.01144978433439,0.0571428571428571,12,0.0005193456245131,1.0,1.00345182691402,0.355058350946093,1.01060920967493,0.8436,0.0118,0.6772,,1213.32,6.8,19.0,43.6,12074.878677,0.2224276837,10.5,0.151,5.5211069014,3.3,0.407,0.008742318,0.0029862373,,,,,-24.0,
2020-10-23,2097,"-84.6291,40.5404",39107,"Ohio, Mercer",0.166995397764629,6.20132327449401,0.037134695671281,1521,1.01399481092986,1.01144978433439,0.0184089414858646,28,0.000683610439708,1.00520889711624,1.00345182691402,0.355058350946093,1.01060920967493,0.1076,0.1286,0.0805,0.002148489953368,1835.37,3.5,17.0,81.9,6114.2043307,0.1551563404,12.5,0.116,20.201132049,4.3,0.347,0.0044190532,0.0031739056,-10.0,-4.0,,,-15.0,3.0
2020-10-23,2098,"-84.2287,40.0543",39109,"Ohio, Miami",0.157578789394697,2.9654873754966,0.0188190770273578,1999,1.01097130808646,1.01144978433439,0.0290145072536268,58,0.0005460262469168,1.00502563202403,1.00345182691402,0.355058350946093,1.01060920967493,0.235,0.291,0.0665,0.0020805482856658,1981.69,5.6,18.0,245.8,7602.0378081,0.1775502818,12.2,0.129,71.816337548,5.0,0.371,0.0233285007,0.0023723899,-13.0,-12.0,,,-17.0,6.0
2020-10-23,2099,"-81.0846,39.7298",39111,"Ohio, Monroe",0.298136645962733,3.48078317621465,0.0116751269035533,161,1.03331050301612,1.01144978433439,0.111801242236025,18,0.0013052936910804,1.0,1.00345182691402,0.355058350946093,1.01060920967493,0.6245,0.0232,0.3349,,1366.93,6.7,22.7,30.4,7705.6682491,0.1940734798,10.8,0.167,24.999692588,3.0,0.37,0.0060913706,0.0017403916,,,,,-15.0,
2020-10-23,2100,"-84.2905,39.7539",39113,"Ohio, Montgomery",0.158523658090007,3.09018261194633,0.0194935106165149,10377,1.01289230954805,1.01144978433439,0.018213356461405,189,0.0003550422575427,1.00461933096922,1.00345182691402,0.355058350946093,1.01060920967493,0.5401,0.6851,0.6422,0.0054740377697334,1701.05,6.6,17.3,1190.8,11185.4957,0.2019898679,12.0,0.132,219.90931795,5.0,0.333,0.2109326716,0.0027745895,-18.0,-13.0,37.0,-24.0,-27.0,8.0
2020-10-23,2101,"-81.8531,39.6208",39115,"Ohio, Morgan",0.294871794871795,1.57491098329225,0.005341002465078,78,1.03098080370314,1.01144978433439,0.0,0,0.0,,1.00345182691402,0.355058350946093,1.01060920967493,0.6713,0.1843,0.3827,,1286.09,7.7,19.9,30.0,8757.342321,0.2165155901,10.8,0.152,31.610224745,3.0,0.321,0.0314982197,0.0042454122,,,,,-6.0,
2020-10-23,2102,"-82.7893,40.5236",39117,"Ohio, Morrow",0.194767441860465,1.90817953975849,0.0097972203235361,344,1.01358262656122,1.01144978433439,0.005813953488372,2,5.69605832763727e-05,1.0,1.00345182691402,0.355058350946093,1.01060920967493,0.3217,0.0783,0.3569,0.0006265664160401,1584.64,7.0,16.1,63.3,7523.8556109,0.1852271887,11.3,0.167,37.935895094,4.0,0.392,0.0065789474,0.0019651401,,,,12.0,-18.0,5.0
2020-10-23,2103,"-81.9436,39.9658",39119,"Ohio, Muskingum",0.332207207207207,3.42294884141884,0.0103036561734913,888,1.03082293929137,1.01144978433439,0.0045045045045045,4,4.64128656463572e-05,1.0,1.00345182691402,0.355058350946093,1.01060920967493,0.658,0.1987,0.6326,0.0037246324681201,1499.79,5.2,17.1,128.0,9133.5924903,0.1975511989,11.3,0.152,111.23716253,5.0,0.366,0.0375944212,0.0036202035,-6.0,4.0,,-5.0,-18.0,4.0
2020-10-23,2104,"-81.4594,39.7682",39121,"Ohio, Noble",0.472868217054264,4.24968649853699,0.008987041939529,129,1.03853723888745,1.01144978433439,0.0,0,0.0,,1.00345182691402,0.355058350946093,1.01060920967493,0.5701,0.1815,0.5072,,1279.82,6.2,25.9,29.1,7423.1591022,0.171920752,10.9,0.125,19.019436434,3.0,0.389,0.0273094608,0.0039013515,,,,6.0,-18.0,
2020-10-23,2105,"-83.094,41.5378",39123,"Ohio, Ottawa",0.143835616438356,2.06038902106993,0.0143246093845814,584,1.00992250310398,1.01144978433439,0.0513698630136986,30,0.0007358532218106,1.0,1.00345182691402,0.355058350946093,1.01060920967493,0.1736,0.1815,0.2662,0.0006132110181755,1998.1,4.1,23.6,141.0,8655.8938987,0.1666343645,11.4,0.135,19.142178003,5.0,0.339,0.0082170276,0.0026245432,31.0,3.0,,,-6.0,5.0
2020-10-23,2106,"-84.5801,41.1168",39125,"Ohio, Paulding",0.313432835820896,3.35820895522388,0.0107142857142857,201,1.03312703166787,1.01144978433439,0.0099502487562189,2,0.0001066098081023,1.10408951367381,1.00345182691402,0.355058350946093,1.01060920967493,0.342,0.2951,0.2197,0.0013326226012793,1572.67,5.8,17.8,38.3,7555.1302008,0.1741108623,12.2,0.1,18.814854605,3.0,0.37,0.0096481876,0.004424307,,,,,-15.0,5.0
2020-10-23,2107,"-82.238,39.7351",39127,"Ohio, Perry",0.112021857923497,1.137845863514,0.0101573557572225,366,1.01058241840712,1.01144978433439,0.0300546448087432,11,0.0003052757194793,1.0,1.00345182691402,0.355058350946093,1.01060920967493,0.7876,0.0306,0.3811,,1471.79,5.0,15.9,69.6,8445.9784133,0.2039715243,11.0,0.12,31.21385215,3.3,0.359,0.0051064302,0.0034135376,,-2.0,,,-12.0,3.0
2020-10-23,2108,"-83.0243,39.6417",39129,"Ohio, Pickaway",0.0870142809697775,4.51055331749475,0.0518369314464759,3011,1.00528133951209,1.01144978433439,0.0152773165061441,46,0.0007919292084151,1.0,1.00345182691402,0.355058350946093,1.01060920967493,0.3761,0.2544,0.3655,0.0014116998932617,1798.39,5.7,15.1,93.4,8195.9769367,0.1985919386,11.5,0.138,30.805343404,5.0,0.339,0.0381675447,0.0029611266,7.0,4.0,,35.0,-29.0,6.0
2020-10-23,2109,"-83.0677,39.0763",39131,"Ohio, Pike",0.223333333333333,2.3871450457833,0.0106887091602238,300,1.01624416688491,1.01144978433439,0.0,0,0.0,,1.00345182691402,0.355058350946093,1.01060920967493,0.8656,0.0965,0.7822,0.0008907257633519,1448.48,7.1,17.4,65.8,13084.895969,0.2105498479,10.5,0.174,35.30749493,4.3,0.37,0.0106174511,0.0061281933,-5.0,-2.0,,,-17.0,0.0
2020-10-23,2110,"-81.1974,41.1679",39133,"Ohio, Portage",0.17962962962963,1.78607597267488,0.0099431033530354,1620,1.01407589579615,1.01144978433439,0.0419753086419753,68,0.0004173648321027,1.00211868206821,1.00345182691402,0.355058350946093,1.01060920967493,0.3478,0.3773,0.5403,0.0018535908719856,1969.64,5.1,15.4,290.5,7375.6125957,0.1889022924,11.5,0.118,74.630286466,5.0,0.283,0.0449096835,0.0020929619,-11.0,8.0,,-9.0,-21.0,7.0
2020-10-23,2111,"-84.6479,39.742",39135,"Ohio, Preble",0.21474358974359,3.26853184379345,0.0152206258994561,624,1.01899261755565,1.01144978433439,0.0288461538461538,18,0.0004390565163304,1.00819891621082,1.00345182691402,0.355058350946093,1.01060920967493,0.3557,0.1398,0.0815,,1695.03,6.4,18.2,82.3,9856.5709975,0.1849134867,11.4,0.118,16.62533219,5.0,0.287,0.0062443593,0.0036100202,0.0,-5.0,,20.0,-14.0,4.0
2020-10-23,2112,"-84.1336,41.0209",39137,"Ohio, Putnam",0.272073921971253,7.84487862640616,0.028833629366489,974,1.02687073377134,1.01144978433439,0.0277207392197125,27,0.0007992895204262,1.0,1.00345182691402,0.355058350946093,1.01060920967493,0.0618,0.2677,0.0108,,1980.08,3.0,16.5,59.5,5717.6162936,0.1620023342,12.1,0.088,9.1116983445,4.3,0.376,0.0037300178,0.0034635879,-10.0,9.0,,,-16.0,7.0
2020-10-23,2113,"-82.538,40.7718",39139,"Ohio, Richland",0.167800453514739,1.83321084402018,0.0109249457055797,1323,1.01391700110189,1.01144978433439,0.018140589569161,24,0.0001981849561102,1.01925902092718,1.00345182691402,0.355058350946093,1.01060920967493,0.608,0.3655,0.7303,0.0035012675579484,1577.54,7.0,18.9,238.6,9963.983397,0.2120758442,11.3,0.123,51.883833263,5.0,0.324,0.0936423918,0.0024360234,-13.0,-6.0,,21.0,-10.0,4.0
2020-10-23,2114,"-83.06,39.3371",39141,"Ohio, Ross",0.252510760401722,4.57552872054178,0.0181201336262365,1394,1.01709884537857,1.01144978433439,0.0258249641319943,36,0.0004679518009645,1.02159147023276,1.00345182691402,0.355058350946093,1.01060920967493,0.7369,0.2334,0.8446,0.0052254617774369,1560.86,5.9,15.7,104.8,9781.3096065,0.2188014805,10.9,0.142,25.964097113,5.0,0.37,0.057233105,0.003223668,-12.0,-1.0,,15.0,-17.0,2.0
2020-10-23,2115,"-83.1379,41.3562",39143,"Ohio, Sandusky",0.126582278481013,1.53063827616116,0.0120920423816732,711,1.00809171802243,1.01144978433439,0.0309423347398031,22,0.0003741560230616,1.0,1.00345182691402,0.355058350946093,1.01060920967493,0.4054,0.4483,0.2324,0.002704127621218,1599.16,4.6,17.8,145.2,8225.5176371,0.2015459292,11.5,0.131,81.519890684,5.0,0.346,0.0302556166,0.003690539,-12.0,-11.0,,18.0,-16.0,4.0
2020-10-23,2116,"-82.9891,38.8027",39145,"Ohio, Scioto",0.270081490104773,3.07276628433684,0.0113771820614023,859,1.02252105790724,1.01144978433439,0.010477299185099,9,0.0001192021403406,1.01696850489722,1.00345182691402,0.355058350946093,1.01060920967493,0.8331,0.1515,0.9436,0.0059071282879923,1524.98,5.5,17.3,119.7,13060.487093,0.2230239851,10.2,0.162,67.588019485,5.0,0.385,0.0254430346,0.0053905857,-11.0,0.0,,,-15.0,3.0
2020-10-23,2117,"-83.1278,41.1235",39147,"Ohio, Seneca",0.136439267886855,1.48531889072038,0.0108863006502799,601,1.01301199922391,1.01144978433439,0.0232945091514143,14,0.0002535910301229,1.0,1.00345182691402,0.355058350946093,1.01060920967493,0.4137,0.3037,0.389,0.0026264785262738,1605.55,4.8,17.0,90.9,7484.0056459,0.1938631424,11.5,0.118,34.991102536,5.0,0.342,0.0240549206,0.0030068651,-12.0,-14.0,,,-10.0,3.0
2020-10-23,2118,"-84.2026,40.3316",39149,"Ohio, Shelby",0.166116611661166,3.10527073436568,0.0186933185267444,909,1.01412374859028,1.01144978433439,0.0154015401540154,14,0.0002879058959014,1.0,1.00345182691402,0.355058350946093,1.01060920967493,0.2373,0.2477,0.1866,0.0018508236165093,1865.0,4.2,15.5,131.9,7618.5466473,0.1804068886,12.2,0.125,30.221379481,5.0,0.328,0.0223744011,0.0022209883,-8.0,-8.0,,6.0,-17.0,3.0
2020-10-23,2119,"-81.3644,40.8148",39151,"Ohio, Stark",0.149367755532139,1.52594099694812,0.0102160000430601,3796,1.01191335814549,1.01144978433439,0.04768177028451,181,0.0004871169672797,1.00239049282176,1.00345182691402,0.355058350946093,1.01060920967493,0.3882,0.3894,0.3846,0.0041014710394161,1712.3,5.7,18.6,633.3,8650.4519034,0.1900400692,12.2,0.125,149.77355154,5.0,0.348,0.0779494798,0.0030464995,-11.0,0.0,131.0,-22.0,-17.0,5.0
2020-10-23,2120,"-81.5312,41.1246",39153,"Ohio, Summit",0.139931230378233,1.72719857985895,0.0123431958340561,6689,1.01167504029862,1.01144978433439,0.0396172821049484,265,0.0004890038714344,1.0032770384008,1.00345182691402,0.355058350946093,1.01060920967493,0.2908,0.6606,0.4037,0.0039194121619876,1938.47,5.7,17.0,1352.2,8842.5892398,0.184839474,12.1,0.107,255.76335682,5.0,0.299,0.1475278548,0.0022051307,-14.0,-8.0,102.0,-24.0,-29.0,8.0
2020-10-23,2121,"-80.7611,41.3174",39155,"Ohio, Trumbull",0.102643171806167,1.17305300890614,0.0114284563528624,2270,1.00947431831811,1.01144978433439,0.0590308370044053,134,0.0006746313441777,1.0,1.00345182691402,0.355058350946093,1.01060920967493,0.5303,0.3413,0.3868,0.0028445276825406,1512.66,6.8,20.4,301.5,10529.790549,0.1967625288,11.2,0.139,93.196045478,5.0,0.386,0.0821841945,0.0023863825,-11.0,-6.0,52.0,4.0,-16.0,3.0
2020-10-23,2122,"-81.4723,40.4421",39157,"Ohio, Tuscarawas",0.20077519379845,2.80984204131227,0.0139949661517098,1290,1.02065336654354,1.01144978433439,0.0186046511627907,24,0.0002603714632876,1.02638809625704,1.00345182691402,0.355058350946093,1.01060920967493,0.4408,0.3321,0.3181,0.0019744835965978,1645.78,7.8,18.9,153.2,7101.5099516,0.1801609958,11.6,0.118,67.574914355,5.0,0.331,0.0081691547,0.0046432911,-5.0,2.0,,,-18.0,3.0
2020-10-23,2123,"-83.3724,40.3002",39159,"Ohio, Union",0.172823218997361,2.26506440736578,0.0131062505403302,758,1.0128899955606,1.01144978433439,0.0039577836411609,3,5.18717039854759e-05,1.0,1.00345182691402,0.355058350946093,1.01060920967493,0.0283,0.2722,0.291,0.0016771850955303,2352.95,4.3,11.7,148.6,5529.1627259,0.1792236227,11.8,0.089,40.219572427,5.0,0.329,0.0262989539,0.0024725512,-5.0,1.0,,,-32.0,11.0
2020-10-23,2124,"-84.5911,40.8554",39161,"Ohio, Van Wert",0.334600760456274,3.11162971606379,0.0092995297195997,263,1.04675743534756,1.01144978433439,0.0114068441064639,3,0.0001060782857749,1.0,1.00345182691402,0.355058350946093,1.01060920967493,0.2933,0.2209,0.0369,0.0038541777164881,1641.2,4.4,18.1,65.1,8409.0896273,0.1815657755,12.4,0.149,5.7631288073,5.0,0.408,0.0102188749,0.0026873166,-14.0,,,,-12.0,4.0
2020-10-23,2125,"-82.4831,39.2521",39163,"Ohio, Vinton",0.354166666666667,2.58771596011873,0.0073064921226881,96,1.02638809625704,1.01144978433439,0.03125,3,0.000228327878834,1.0,1.00345182691402,0.355058350946093,1.01060920967493,0.9223,0.0318,0.5565,,1201.21,8.6,16.4,25.5,10840.873018,0.2234485112,10.4,0.155,28.440270697,3.0,0.367,0.0054798691,0.0046426669,,,,,-14.0,
2020-10-23,2126,"-84.1656,39.4258",39165,"Ohio, Warren",0.187142857142857,3.3854065718236,0.0180899587807368,4200,1.01690366375201,1.01144978433439,0.0152380952380952,64,0.000275656514754,1.01168858951138,1.00345182691402,0.355058350946093,1.01060920967493,0.0242,0.4218,0.1331,0.0014127396381146,2993.38,3.7,13.6,523.8,5977.0485899,0.1522808546,12.4,0.108,69.197919407,5.0,0.279,0.0358224255,0.0021148023,-8.0,-4.0,151.0,6.0,-29.0,9.0
2020-10-23,2127,"-81.4912,39.4569",39167,"Ohio, Washington",0.222222222222222,1.29665032000665,0.0058349264400299,351,1.01837316823998,1.01144978433439,0.0683760683760684,24,0.0003989693292328,1.00609846529734,1.00345182691402,0.355058350946093,1.01060920967493,0.3303,0.1016,0.5591,0.0039896932923281,1596.47,7.2,20.0,95.1,9158.3745275,0.1804809864,11.0,0.148,79.777689884,5.0,0.368,0.0117031003,0.0027096667,5.0,-3.0,,,-17.0,2.0
2020-10-23,2128,"-81.8884,40.8293",39169,"Ohio, Wayne",0.273181169757489,3.30266368880802,0.0120896461924513,1402,1.02999410113555,1.01144978433439,0.0492154065620542,69,0.0005949968525528,1.00208771903141,1.00345182691402,0.355058350946093,1.01060920967493,0.3955,0.426,0.8297,0.0015866582734743,1825.38,13.0,16.8,205.9,7495.5346661,0.1746726679,12.0,0.15,35.915754542,5.0,0.271,0.0155475265,0.0020436848,-11.0,0.0,,,-20.0,4.0
2020-10-23,2129,"-84.5843,41.5605",39171,"Ohio, Williams",0.250746268656716,2.28236061297685,0.0091022714922291,335,1.02233846557893,1.01144978433439,0.0119402985074627,4,0.0001086838387131,1.0,1.00345182691402,0.355058350946093,1.01060920967493,0.4092,0.1656,0.2369,0.0033420280404303,1508.37,4.8,18.0,88.4,7966.579163,0.1966299646,11.8,0.126,30.976863652,5.0,0.352,0.0120095642,0.0035322248,-5.0,6.0,,4.0,-13.0,5.0
2020-10-23,2130,"-83.6229,41.3622",39173,"Ohio, Wood",0.122996794871795,2.3489624778111,0.0190977535655261,2496,1.01112455503022,1.01144978433439,0.0324519230769231,81,0.0006197588296504,1.0,1.00345182691402,0.355058350946093,1.01060920967493,0.2153,0.4228,0.4995,0.0014996633408826,2127.73,4.2,14.5,214.7,5734.2099184,0.1687128749,11.9,0.117,82.32003985,5.0,0.344,0.0266878864,0.0030528861,-12.0,-4.0,,14.0,-23.0,7.0
2020-10-23,2131,"-83.3073,40.8434",39175,"Ohio, Wyandot",0.210169491525424,2.82653293822658,0.0134488260770458,295,1.01273084121353,1.01144978433439,0.0440677966101695,13,0.0005926601322087,1.0,1.00345182691402,0.355058350946093,1.01060920967493,0.2299,0.3967,0.1477,0.0014132664691132,1638.99,5.0,18.4,49.0,7946.8745987,0.1856842334,11.6,0.144,13.99820935,4.0,0.367,0.0034191931,0.0026897652,3.0,,,8.0,-14.0,4.0
2020-10-23,2132,"-94.6586,35.8849",40001,"Oklahoma, Adair",0.105053191489362,3.57757449506385,0.0340548863327597,752,1.0072337209039,1.01151282492026,0.0146276595744681,11,0.0004981432841228,1.0,1.00947515202872,0.25058209586975,1.00711937414014,0.8739,0.7727,0.5571,0.0030341454578389,1051.37,27.0,15.3,35.7,11817.562171,0.2774440862,9.8,0.243,16.672959667,3.0,0.477,0.0053437189,0.4566162485,,,,,-16.0,
2020-10-23,2133,"-98.3241,36.7309",40003,"Oklahoma, Alfalfa",0.278260869565217,5.56134862704206,0.0199860966284324,115,1.01871753332036,1.01151282492026,0.0,0,0.0,,1.00947515202872,0.25058209586975,1.00711937414014,0.2761,0.5868,0.1808,,1770.38,12.3,18.7,5.9,6751.5704727,0.1686908668,8.4,0.083,1.7873620571,3.0,0.348,0.043274244,0.0431004519,,,,,,
2020-10-23,2134,"-96.038,34.3737",40005,"Oklahoma, Atoka",0.164677804295943,4.98626969215205,0.0302789420436479,419,1.01675198115992,1.01151282492026,0.0023866348448687,1,7.22647781471311e-05,1.0,1.00947515202872,0.25058209586975,1.00711937414014,0.8057,0.4537,0.6705,0.0018066194536782,1178.09,17.0,18.7,13.0,9952.9649044,0.2087430297,9.5,0.136,47.79444741,4.0,0.406,0.0383725972,0.1434455846,,,,-16.0,-22.0,
2020-10-23,2135,"-100.4759,36.7497",40007,"Oklahoma, Beaver",0.22093023255814,3.57210001880053,0.0161684527166761,86,1.01781598100442,1.01151282492026,0.0116279069767442,1,0.0001880052641473,,1.00947515202872,0.25058209586975,1.00711937414014,0.5057,0.8399,0.2184,0.0045121263395375,1621.83,13.5,18.9,3.0,8081.4016719,0.1545170714,7.0,0.109,6.5047683038,3.0,0.361,0.0069561948,0.0225606317,,,,,,
2020-10-23,2136,"-99.6813,35.2686",40009,"Oklahoma, Beckham",0.217441860465116,8.61393891934221,0.0396149062600765,860,1.02229409427647,1.01151282492026,0.0116279069767442,10,0.0004606384448846,1.03239118471,1.00947515202872,0.25058209586975,1.00711937414014,0.4892,0.631,0.9468,0.0042839375374268,1612.06,13.8,13.1,26.2,11328.258941,0.1795890217,7.8,0.154,28.373679673,4.3,0.348,0.0386936294,0.036436501,-9.0,,,21.0,-17.0,
2020-10-23,2137,"-98.4331,35.8752",40011,"Oklahoma, Blaine",0.248730964467005,5.16605166051661,0.0207696362677912,197,1.02476100551767,1.01151282492026,0.0050761421319797,1,0.0001054296257248,1.0,1.00947515202872,0.25058209586975,1.00711937414014,0.4443,0.8294,0.5543,0.0044280442804428,1471.7,12.0,18.0,11.2,12897.992624,0.1827360138,8.4,0.141,12.908383218,3.0,0.341,0.030152873,0.102266737,,,,,-12.0,
2020-10-23,2138,"-96.259,33.9647",40013,"Oklahoma, Bryan",0.212795549374131,6.48414985590778,0.0304712663163248,1438,1.01608755240351,1.01151282492026,0.0076495132127955,11,0.0002330903542973,1.1192253181541,1.00947515202872,0.25058209586975,1.00711937414014,0.6538,0.6183,0.8465,0.0031361247669096,1377.41,17.9,17.5,48.0,10093.884034,0.2025215519,9.9,0.126,40.285785524,5.0,0.332,0.0178208171,0.1465290727,-11.0,1.0,,8.0,-21.0,5.0
2020-10-23,2139,"-98.3753,35.1736",40015,"Oklahoma, Caddo",0.176523297491039,6.79849535838769,0.0385133036546226,1116,1.0126492436897,1.01151282492026,0.0232974910394265,26,0.0008972633467922,1.01766889775789,1.00947515202872,0.25058209586975,1.00711937414014,0.808,0.9019,0.8357,0.0014494254063567,1315.37,17.3,16.4,21.1,12416.83515,0.2035945048,8.9,0.112,31.832213595,3.7,0.437,0.027090451,0.2548573006,,,,12.0,-20.0,6.0
2020-10-23,2140,"-97.9847,35.5426",40017,"Oklahoma, Canadian",0.260751224823081,6.63219035355528,0.0254349346126953,3674,1.0258464744577,1.01151282492026,0.0057158410451823,21,0.0001453820432407,1.0069943706001,1.00947515202872,0.25058209586975,1.00711937414014,0.1452,0.6813,0.3053,0.0008515233961245,2301.29,10.2,12.6,120.9,6496.51841,0.1452099954,9.7,0.118,49.534182794,5.0,0.349,0.0313125229,0.0514721663,-9.0,-5.0,13.0,4.0,-26.0,8.0
2020-10-23,2141,"-97.2855,34.251",40019,"Oklahoma, Carter",0.205583756345178,3.36260041098449,0.0163563526163937,788,1.01643955191371,1.01151282492026,0.0126903553299492,10,0.0002075679266039,1.01516534655549,1.00947515202872,0.25058209586975,1.00711937414014,0.5869,0.6683,0.7335,0.0044004400440044,1553.81,15.2,16.1,63.8,10290.538496,0.1970563631,9.5,0.106,36.957749866,5.0,0.386,0.0657160056,0.0998816863,-12.0,0.0,,14.0,-15.0,4.0
2020-10-23,2142,"-94.9998,35.9069",40021,"Oklahoma, Cherokee",0.102010424422934,2.8145865434001,0.0275911658962506,1343,1.00699972649731,1.01151282492026,0.0059568131049888,8,0.0001643554185927,1.0,1.00947515202872,0.25058209586975,1.00711937414014,0.8398,0.7915,0.9761,0.0020133538777606,1300.76,21.1,16.0,61.5,10352.523137,0.2239833561,10.0,0.193,30.431047752,5.0,0.388,0.0129429892,0.3632049307,-7.0,12.0,,,-20.0,7.0
2020-10-23,2143,"-95.5477,34.0281",40023,"Oklahoma, Choctaw",0.149882903981265,4.36323970548132,0.0291109899100082,427,1.01192401687636,1.01151282492026,0.0046838407494145,2,0.0001363512407962,1.0,1.00947515202872,0.25058209586975,1.00711937414014,0.9293,0.5218,0.8243,0.0023179710935369,1055.66,22.1,19.9,18.6,12860.515383,0.2288581305,9.6,0.125,25.017726728,3.3,0.34,0.1033542405,0.1827788383,-7.0,,,,-2.0,
2020-10-23,2144,"-102.5174,36.7482",40025,"Oklahoma, Cimarron",0.138888888888889,2.322340919647,0.0167208546214584,36,1.01696850489722,1.01151282492026,0.0,0,0.0,,1.00947515202872,0.25058209586975,1.00711937414014,0.3911,0.772,0.0946,0.011611704598235,1521.38,14.8,24.4,1.3,7142.2906208,0.1704449279,5.6,0.102,30.160481,3.0,0.284,0.0060380864,0.0120761728,,,,,,
2020-10-23,2145,"-97.3252,35.2041",40027,"Oklahoma, Cleveland",0.151995970280821,4.28517160212874,0.0281926658595728,7941,1.0113654113667,1.01151282492026,0.0109557990177559,87,0.0003088731809322,1.00332793419842,1.00947515202872,0.25058209586975,1.00711937414014,0.2166,0.6727,0.645,0.0020733556053381,2010.17,9.5,12.6,435.8,6892.5061936,0.155001384,10.1,0.105,84.475969172,5.0,0.346,0.0507723605,0.0531013353,-16.0,-7.0,-25.0,,-28.0,8.0
2020-10-23,2146,"-96.298,34.5884",40029,"Oklahoma, Coal",0.157303370786517,2.53623188405797,0.0161231884057971,89,1.01902551365686,1.01151282492026,0.0,0,0.0,,1.00947515202872,0.25058209586975,1.00711937414014,0.7815,0.5116,0.39,0.0036231884057971,1337.0,23.2,20.2,10.5,13485.476458,0.1981905283,9.3,0.146,26.41960472,2.3,0.351,0.0067028986,0.1971014493,,,,,,
2020-10-23,2147,"-98.472,34.6597",40031,"Oklahoma, Comanche",0.183392539964476,3.42960588596768,0.0187009018285695,2252,1.01782617601999,1.01151282492026,0.0075488454706927,17,0.0001411702180664,1.01804126125684,1.00947515202872,0.25058209586975,1.00711937414014,0.5761,0.7752,0.9163,0.004069023932504,1614.87,13.1,11.9,114.8,8803.5931101,0.1953476234,8.9,0.099,116.77913409,5.0,0.322,0.1638072777,0.0674544518,-16.0,-9.0,-10.0,-3.0,-25.0,7.0
2020-10-23,2148,"-98.3705,34.2885",40033,"Oklahoma, Cotton",0.193548387096774,3.11634349030471,0.016101108033241,93,1.02733757970569,1.01151282492026,0.032258064516129,3,0.0005193905817174,1.0,1.00947515202872,0.25058209586975,1.00711937414014,0.7621,0.2929,0.4059,,1323.75,14.7,19.3,8.6,12215.101821,0.1801957071,8.6,0.093,6.378175679,3.0,0.389,0.022333795,0.1004155125,,,,-6.0,-15.0,
2020-10-23,2149,"-95.2092,36.7627",40035,"Oklahoma, Craig",0.0922570016474465,3.91444149307983,0.0424297497553474,607,1.00528778034012,1.01151282492026,0.0032948929159802,2,0.0001398014818957,1.0,1.00947515202872,0.25058209586975,1.00711937414014,0.7303,0.6141,0.7243,0.0038445407521319,1255.71,14.9,19.4,20.1,11184.353908,0.2119801276,9.8,0.09,23.556572277,4.0,0.358,0.0299874179,0.2129176569,,,,11.0,-17.0,
2020-10-23,2150,"-96.3709,35.9023",40037,"Oklahoma, Creek",0.143138542350624,3.04452265236579,0.0212697614658399,1523,1.01076711985876,1.01151282492026,0.0242941562705187,37,0.0005167309088877,1.00392180941666,1.00947515202872,0.25058209586975,1.00711937414014,0.4739,0.4604,0.4406,0.0013267415228199,1511.04,12.1,17.0,67.1,10827.201128,0.1866203586,9.8,0.126,34.865136423,5.0,0.333,0.021618904,0.1085274566,4.0,4.0,,,-15.0,5.0
2020-10-23,2151,"-99.0017,35.6385",40039,"Oklahoma, Custer",0.18743961352657,6.68136106901777,0.0356454057032649,1035,1.00960650888178,1.01151282492026,0.0028985507246376,3,0.0001033200165312,1.05963402266705,1.00947515202872,0.25058209586975,1.00711937414014,0.5143,0.8354,0.8427,0.0027896404463424,1635.25,13.4,13.5,29.3,9042.1627116,0.1812461037,8.2,0.118,42.636307823,5.0,0.375,0.0288607246,0.0787987326,-4.0,-3.0,,2.0,-15.0,2.0
2020-10-23,2152,"-94.8033,36.4082",40041,"Oklahoma, Delaware",0.204201680672269,5.68647181335268,0.0278473311024267,1190,1.01328364254971,1.01151282492026,0.0226890756302521,27,0.0006318302014836,1.0,1.00947515202872,0.25058209586975,1.00711937414014,0.7994,0.6679,0.4117,0.0013572648772611,1355.75,18.8,24.2,51.2,10042.186848,0.2099454953,10.0,0.118,15.605022964,4.3,0.369,0.0042356025,0.2392764374,4.0,20.0,,,-13.0,3.0
2020-10-23,2153,"-99.0073,35.9877",40043,"Oklahoma, Dewey",0.159090909090909,2.86064568859828,0.0179812014711892,88,1.02116420457606,1.01151282492026,0.0113636363636364,1,0.0002043318348998,1.0,1.00947515202872,0.25058209586975,1.00711937414014,0.2758,0.5708,0.0675,0.0036779730281977,1593.0,16.3,18.6,4.6,8913.2793034,0.1820165682,7.7,0.101,28.490229707,3.0,0.386,0.0069472824,0.0664078463,,,,,,
2020-10-23,2154,"-99.7532,36.218",40045,"Oklahoma, Ellis",0.25,1.26518218623482,0.0050607287449392,20,1.04195362743721,1.01151282492026,0.0,0,0.0,,1.00947515202872,0.25058209586975,1.00711937414014,0.5576,0.3543,0.0455,0.006325910931174,1529.7,13.7,21.3,3.1,10740.342985,0.1772802342,7.2,0.106,28.744413287,3.0,0.363,0.0068319838,0.0285931174,,,,,,
2020-10-23,2155,"-97.7827,36.3791",40047,"Oklahoma, Garfield",0.146753246753247,5.56531446489255,0.0379229392740466,2310,1.01158894771207,1.01151282492026,0.0108225108225108,25,0.0004104214207147,1.01198288474998,1.00947515202872,0.25058209586975,1.00711937414014,0.4758,0.7931,0.3922,0.0071577495772659,1704.47,14.7,15.7,59.3,8696.0562883,0.1739171859,9.2,0.097,45.665752294,5.0,0.362,0.0293697569,0.0319800371,-12.0,4.0,-26.0,-1.0,-12.0,3.0
2020-10-23,2156,"-97.3081,34.7042",40049,"Oklahoma, Garvin",0.264026402640264,5.75311926935385,0.0217899392326777,606,1.01474061309698,1.01151282492026,0.0099009900990099,6,0.0002157419726007,1.0,1.00947515202872,0.25058209586975,1.00711937414014,0.5522,0.611,0.228,0.0032361295890115,1342.33,14.9,17.5,36.8,11528.426743,0.2028588157,9.5,0.139,23.477864161,5.0,0.348,0.0213584553,0.0890295207,-24.0,,-41.0,-1.0,-14.0,3.0
2020-10-23,2157,"-97.8834,35.0168",40051,"Oklahoma, Grady",0.168713639301875,4.69838526759194,0.0278482835592519,1547,1.01292495789466,1.01151282492026,0.0103425985778927,16,0.0002880236179366,1.0301070886466,1.00947515202872,0.25058209586975,1.00711937414014,0.2739,0.5116,0.2888,0.0013501107090781,1724.43,11.5,15.5,43.5,9060.1761653,0.1897143466,9.6,0.126,28.397329258,5.0,0.345,0.0222498245,0.0617090601,-17.0,7.0,,,-20.0,7.0
2020-10-23,2158,"-97.7864,36.7963",40053,"Oklahoma, Grant",0.30952380952381,6.01017105871475,0.0194174757281553,84,1.02226578920968,1.01151282492026,0.0119047619047619,1,0.0002311604253351,1.0,1.00947515202872,0.25058209586975,1.00711937414014,0.1771,0.2521,0.0277,,1677.08,9.9,20.7,4.4,12450.755655,0.1515083958,8.8,0.139,14.780611278,3.0,0.277,0.0166435506,0.0268146093,,,,,,
2020-10-23,2159,"-99.5606,34.9354",40055,"Oklahoma, Greer",0.173611111111111,4.29479470881292,0.0247380175227624,144,1.01696850489722,1.01151282492026,0.0555555555555556,8,0.0013743343068201,1.0,1.00947515202872,0.25058209586975,1.00711937414014,0.8971,0.2996,0.5387,0.0030922521903453,1243.46,17.0,17.7,7.4,7629.820649,0.2022933695,7.8,0.097,17.110889111,3.0,0.313,0.0814293077,0.0383095688,,,,,,
2020-10-23,2160,"-99.8474,34.744",40057,"Oklahoma, Harmon",0.142857142857143,3.37837837837838,0.0236486486486486,63,1.00461933096922,1.01151282492026,0.0,0,0.0,,1.00947515202872,0.25058209586975,1.00711937414014,0.6799,0.8574,0.3553,0.0093843843843843,1239.33,15.2,18.6,5.1,14123.348287,0.169866102,7.8,0.069,16.007715543,3.0,0.318,0.0728228228,0.0266516517,,,,,,
2020-10-23,2161,"-99.668,36.7884",40059,"Oklahoma, Harper",0.461538461538462,7.90097445351593,0.0171187779826179,65,1.05732540793161,1.01151282492026,0.0153846153846154,1,0.0002633658151171,1.0,1.00947515202872,0.25058209586975,1.00711937414014,0.3987,0.8316,0.0961,0.0065841453779299,1444.09,12.3,17.5,3.4,8471.3226782,0.1623817863,7.4,0.09,24.157309739,3.0,0.265,0.0018435607,0.0205425336,,,,,,
2020-10-23,2162,"-95.1151,35.2226",40061,"Oklahoma, Haskell",0.141304347826087,4.10483107041364,0.0290495737290811,368,1.01052243278248,1.01151282492026,0.0135869565217391,5,0.000394695295232,1.0,1.00947515202872,0.25058209586975,1.00711937414014,0.886,0.5973,0.4429,0.0019734764761604,1158.84,17.9,19.7,20.3,9313.9552899,0.2088876005,9.9,0.11,22.198128197,4.0,0.303,0.0069466372,0.1761919798,,,,,-18.0,
2020-10-23,2163,"-96.2492,35.0491",40063,"Oklahoma, Hughes",0.161375661375661,4.57442819647544,0.0283464566929134,378,1.01313549082382,1.01151282492026,0.0105820105820106,4,0.0002999625046869,1.0,1.00947515202872,0.25058209586975,1.00711937414014,0.9041,0.5495,0.5514,0.0018747656542932,1189.45,19.6,18.6,15.6,12034.368873,0.2070645025,9.4,0.234,12.442398858,3.0,0.357,0.0570678665,0.2016497938,,,,,-24.0,
2020-10-23,2164,"-99.4114,34.5878",40065,"Oklahoma, Jackson",0.173913043478261,7.53537215920478,0.0433283899154275,1081,1.0141113881931,1.01151282492026,0.0111008325624422,12,0.0004809812016513,1.01250777270301,1.00947515202872,0.25058209586975,1.00711937414014,0.685,0.8453,0.6893,0.0019640065734097,1453.46,12.8,14.6,32.7,9008.8478777,0.1744760442,8.2,0.107,39.298088879,4.3,0.369,0.0690208024,0.0275762556,-19.0,,,,-10.0,4.0
2020-10-23,2165,"-97.8318,34.1113",40067,"Oklahoma, Jefferson",0.26027397260274,3.10305405846807,0.0119222603299036,73,1.02126942500346,1.01151282492026,0.0,0,0.0,,1.00947515202872,0.25058209586975,1.00711937414014,0.8847,0.5692,0.3859,0.0029397354238118,1116.18,17.7,19.8,7.4,9779.1825934,0.1913109175,8.9,0.105,8.1899931807,3.0,0.318,0.0130654908,0.0681038707,,,,,,
2020-10-23,2166,"-96.6601,34.3144",40069,"Oklahoma, Johnston",0.182795698924731,4.65795963101653,0.025481779157914,279,1.01522311502756,1.01151282492026,0.014336917562724,4,0.0003653301671385,1.0,1.00947515202872,0.25058209586975,1.00711937414014,0.8347,0.5078,0.5342,0.0022833135446159,1211.48,16.7,18.7,16.2,13644.234982,0.2066186836,9.4,0.162,9.3097217549,3.3,0.317,0.0254817792,0.1559046488,,,,,-8.0,
2020-10-23,2167,"-97.1442,36.818",40071,"Oklahoma, Kay",0.127557160048135,2.40030796404067,0.0188175086614886,831,1.01001651356717,1.01151282492026,0.0192539109506619,16,0.0003623106360816,1.00926242190831,1.00947515202872,0.25058209586975,1.00711937414014,0.6908,0.5947,0.6953,0.004279794388714,1475.62,13.5,18.7,48.8,11000.25896,0.1884165239,9.4,0.167,23.807247788,5.0,0.357,0.0202893956,0.1087384797,4.0,12.0,,15.0,-8.0,2.0
2020-10-23,2168,"-97.9419,35.9453",40073,"Oklahoma, Kingfisher",0.181992337164751,6.0065756196257,0.0330045523520486,522,1.01822713699118,1.01151282492026,0.003831417624521,2,0.000126454223571,1.0,1.00947515202872,0.25058209586975,1.00711937414014,0.3287,0.7768,0.128,0.0015806777946383,1972.5,13.7,15.2,17.5,8529.6480207,0.1591831017,9.0,0.158,51.225457892,4.0,0.388,0.0132776935,0.0392640364,,,,,-25.0,
2020-10-23,2169,"-98.9772,34.9167",40075,"Oklahoma, Kiowa",0.373493975903614,7.10276091190285,0.0190170695383205,166,1.01950988464066,1.01151282492026,0.0120481927710843,2,0.0002291213197388,1.0,1.00947515202872,0.25058209586975,1.00711937414014,0.7506,0.5992,0.1786,0.0043533050750372,1218.32,14.0,19.5,8.1,11669.264266,0.2050600158,8.2,0.173,14.339132239,3.0,0.318,0.039408867,0.0789322947,,,,,-9.0,
2020-10-23,2170,"-95.2522,34.8784",40077,"Oklahoma, Latimer",0.212121212121212,4.10517056006256,0.0193529469260092,198,1.02550251286277,1.01151282492026,0.0101010101010101,2,0.0001954843123839,1.0,1.00947515202872,0.25058209586975,1.00711937414014,0.7417,0.6033,0.8797,0.0032254911543348,1325.2,20.1,21.0,15.5,11330.947334,0.2104117301,9.3,0.175,19.277775897,3.0,0.345,0.0119245431,0.2306714886,,,,,-15.0,
2020-10-23,2171,"-94.7039,34.8985",40079,"Oklahoma, Le Flore",0.17008069522036,5.48219287715086,0.0322328931572629,1611,1.01073274384084,1.01151282492026,0.0136561142147734,22,0.0004401760704281,1.0066678482933,1.00947515202872,0.25058209586975,1.00711937414014,0.8213,0.7791,0.6428,0.000860344137655,1179.24,18.0,17.5,29.4,12662.993678,0.2170497643,10.5,0.161,25.478121499,4.0,0.37,0.0201880752,0.1385754302,13.0,7.0,,,-15.0,2.0
2020-10-23,2172,"-96.8812,35.7027",40081,"Oklahoma, Lincoln",0.241743725231176,5.24054982817869,0.0216781214203895,757,1.01759377024663,1.01151282492026,0.0264200792602378,20,0.0005727376861397,1.10408951367381,1.00947515202872,0.25058209586975,1.00711937414014,0.5586,0.3636,0.2805,0.0014318442153493,1506.73,13.9,17.6,31.6,10899.75704,0.1758442648,9.4,0.177,11.310433411,4.0,0.348,0.0185853379,0.0737399771,1.0,,,,-13.0,5.0
2020-10-23,2173,"-97.4435,35.919",40083,"Oklahoma, Logan",0.241935483870968,4.12340614493244,0.0170434120657207,806,1.02118325792443,1.01151282492026,0.0024813895781637,2,4.22913450762301e-05,1.0,1.00947515202872,0.25058209586975,1.00711937414014,0.3204,0.4868,0.3789,0.0005286418134528,2116.79,12.0,14.7,46.9,6803.7963683,0.1769973902,9.4,0.162,26.589148881,4.0,0.36,0.0807553234,0.0364339938,-9.0,19.0,,35.0,-24.0,6.0
2020-10-23,2174,"-97.2391,33.9527",40085,"Oklahoma, Love",0.14176245210728,3.65107558713243,0.0257548845470693,261,1.01085602953875,1.01151282492026,0.003831417624521,1,9.86777185711466e-05,1.0,1.00947515202872,0.25058209586975,1.00711937414014,0.578,0.8233,0.234,0.0024669429642786,1437.06,14.4,19.0,23.1,11233.342837,0.17281336,9.3,0.138,18.736638799,5.0,0.267,0.0225971976,0.0764752319,,,,,-16.0,
2020-10-23,2175,"-97.4457,35.0112",40087,"Oklahoma, McClain",0.195024077046549,6.07727897961736,0.031161685632112,1246,1.01341862805775,1.01151282492026,0.007223113964687,9,0.0002250844066524,1.01696850489722,1.00947515202872,0.25058209586975,1.00711937414014,0.1783,0.5989,0.0691,0.0009753657621608,2074.68,11.7,15.0,58.6,8742.044853,0.1528961197,9.8,0.114,37.514858075,5.0,0.355,0.0084281606,0.0701262974,9.0,-6.0,,9.0,-18.0,6.0
2020-10-23,2176,"-94.7722,34.1166",40089,"Oklahoma, McCurtain",0.12428662016487,5.99333394489802,0.0482218756688989,1577,1.00969592010145,1.01151282492026,0.0240963855421687,38,0.0011619729076843,1.0038170159038,1.00947515202872,0.25058209586975,1.00711937414014,0.8452,0.7042,0.6345,0.0007644558603186,1105.92,22.2,17.6,17.3,13239.116849,0.2182086467,9.9,0.143,25.905246225,4.0,0.354,0.0792282054,0.1702596092,2.0,3.0,,-23.0,-25.0,3.0
2020-10-23,2177,"-95.666,35.3724",40091,"Oklahoma, McIntosh",0.213552361396304,5.24854907898057,0.0245773403986879,487,1.01828039250023,1.01151282492026,0.0184804928131417,9,0.000454201362604,1.01696850489722,1.00947515202872,0.25058209586975,1.00711937414014,0.786,0.4782,0.582,,1251.14,19.6,24.6,25.8,12121.73218,0.2060713931,9.7,0.159,13.691101403,4.0,0.335,0.029119354,0.1882412314,0.0,,,12.0,-7.0,
2020-10-23,2178,"-98.5347,36.3115",40093,"Oklahoma, Major",0.30625,6.41025641025641,0.0209314495028781,160,1.03239118471,1.01151282492026,0.0125,2,0.0002616431187859,1.0,1.00947515202872,0.25058209586975,1.00711937414014,0.271,0.6151,0.1783,0.0032705389848247,1713.8,10.3,19.8,7.7,11766.959054,0.1539629737,8.3,0.098,17.389906823,3.0,0.412,0.006541078,0.0307430665,,,,,,
2020-10-23,2179,"-96.7686,34.0231",40095,"Oklahoma, Marshall",0.25,3.98667142687136,0.0159466857074854,268,1.01894893288388,1.01151282492026,0.0074626865671641,2,0.00011900511722,1.0,1.00947515202872,0.25058209586975,1.00711937414014,0.6127,0.8564,0.4887,0.0014875639652505,1383.95,17.4,21.7,37.9,9443.6631943,0.1880287188,9.6,0.169,38.929605447,5.0,0.341,0.0160656908,0.109187195,,,,,-14.0,
2020-10-23,2180,"-95.2318,36.3018",40097,"Oklahoma, Mayes",0.175026680896478,3.98958814800399,0.0227941713090228,937,1.01283095696354,1.01151282492026,0.0128068303094984,12,0.0002919210840002,1.01250777270301,1.00947515202872,0.25058209586975,1.00711937414014,0.6338,0.4947,0.6135,0.0011676843360011,1409.04,15.4,17.9,60.0,10807.877828,0.2087450817,10.2,0.105,32.007073313,5.0,0.367,0.0060330357,0.221446469,4.0,-3.0,,11.0,-13.0,5.0
2020-10-23,2181,"-97.0683,34.4812",40099,"Oklahoma, Murray",0.310469314079422,6.16354905755035,0.0198523614993191,277,1.02130287059272,1.01151282492026,0.0072202166064982,2,0.0001433383501755,1.0,1.00947515202872,0.25058209586975,1.00711937414014,0.4818,0.6692,0.6262,0.0017917293771948,1479.33,13.9,18.9,31.4,10494.21256,0.1819819775,9.3,0.126,27.711177658,5.0,0.342,0.0165555794,0.137963162,,,,,-21.0,
2020-10-23,2182,"-95.378,35.6132",40101,"Oklahoma, Muskogee",0.103769401330377,3.42295427284164,0.0329861619028115,2255,1.00797744206507,1.01151282492026,0.0124168514412417,28,0.0004095842719639,1.00520889711624,1.00947515202872,0.25058209586975,1.00711937414014,0.7688,0.7459,0.9529,0.0053392235452444,1271.2,16.5,16.2,87.0,12259.154712,0.2127680751,10.2,0.139,32.331155176,5.0,0.424,0.1066528188,0.1955179778,-3.0,-7.0,-50.0,19.0,-13.0,5.0
2020-10-23,2183,"-97.2293,36.3895",40103,"Oklahoma, Noble",0.0581395348837209,0.88581805297192,0.015236070511117,172,1.00422327361857,1.01151282492026,0.0174418604651163,3,0.0002657454158915,1.0,1.00947515202872,0.25058209586975,1.00711937414014,0.3115,0.29,0.3244,0.0023031269377269,1642.89,9.3,18.5,15.3,10375.186494,0.1695238964,9.2,0.132,13.705983631,4.0,0.387,0.0170077066,0.0927451501,,,,,-16.0,
2020-10-23,2184,"-95.619,36.7984",40105,"Oklahoma, Nowata",0.317991631799163,7.43785476609904,0.0233900959091799,239,1.02074725858172,1.01151282492026,0.0167364016736402,4,0.000391466040321,1.0,1.00947515202872,0.25058209586975,1.00711937414014,0.7076,0.5224,0.2525,0.0024466627520062,1247.97,17.3,19.0,15.2,10241.395652,0.2013798136,9.9,0.185,23.722050647,3.3,0.363,0.0234879624,0.1942650225,,,,-6.0,-26.0,
2020-10-23,2185,"-96.3264,35.4649",40107,"Oklahoma, Okfuskee",0.43452380952381,12.0681104314763,0.0277731856505207,336,1.0543353213122,1.01151282492026,0.0178571428571429,6,0.0004959497437592,1.0,1.00947515202872,0.25058209586975,1.00711937414014,0.9589,0.5606,0.9137,0.0019837989750372,1179.7,23.6,17.3,17.2,13592.496905,0.2388326339,9.4,0.198,7.0440195469,3.0,0.484,0.0717473963,0.2190444702,,,,25.0,-14.0,
2020-10-23,2186,"-97.4072,35.5514",40109,"Oklahoma, Oklahoma",0.129383739909127,3.70056347482027,0.0286014570101264,22669,1.00920943101507,1.01151282492026,0.0097931095328422,222,0.000280097201299,1.0066061689928,1.00947515202872,0.25058209586975,1.00711937414014,0.4494,0.9121,0.6765,0.004983711464555,1897.25,14.0,13.0,1276.8,8982.588306,0.1741191259,10.0,0.112,156.55837396,5.0,0.308,0.1525898898,0.0429860885,-18.0,-8.0,-18.0,-21.0,-27.0,8.0
2020-10-23,2187,"-95.9643,35.6466",40111,"Oklahoma, Okmulgee",0.19254119687771,5.79105256293205,0.0300769531759489,1153,1.02025515540883,1.01151282492026,0.0069384215091066,8,0.0002086865788443,1.0,1.00947515202872,0.25058209586975,1.00711937414014,0.8287,0.419,0.7434,0.0027911829920438,1257.16,16.6,17.8,52.2,12536.91411,0.2195987542,9.7,0.139,31.752817071,4.3,0.329,0.0806834485,0.1740185209,-5.0,-15.0,,3.0,-19.0,5.0
2020-10-23,2188,"-96.3964,36.6289",40113,"Oklahoma, Osage",0.127923976608187,3.72229548645084,0.0290977155740843,1368,1.01113113740098,1.01151282492026,0.0095029239766081,13,0.0002765133789934,1.0,1.00947515202872,0.25058209586975,1.00711937414014,0.6487,0.4107,0.5552,0.000850810396903,1584.58,12.4,18.6,16.8,8413.2193576,0.1905723796,10.2,0.112,16.07823266,3.7,0.326,0.1124558642,0.1474879823,3.0,,,,-23.0,6.0
2020-10-23,2189,"-94.8101,36.8353",40115,"Oklahoma, Ottawa",0.177852348993289,6.80032076984763,0.0382357658380112,1192,1.01180372421513,1.01151282492026,0.0075503355704698,9,0.0002886928628708,1.01696850489722,1.00947515202872,0.25058209586975,1.00711937414014,0.8255,0.703,0.9166,0.0037530072173215,1229.12,17.1,18.0,64.9,11889.399671,0.220497563,9.9,0.167,51.873067269,5.0,0.366,0.0096551724,0.202085004,6.0,7.0,,,-16.0,4.0
2020-10-23,2190,"-96.7033,36.3174",40117,"Oklahoma, Pawnee",0.159021406727829,3.17266625991458,0.0199511897498475,327,1.01531326516729,1.01151282492026,0.0152905198776758,5,0.0003050640634533,1.0,1.00947515202872,0.25058209586975,1.00711937414014,0.5006,0.3671,0.4056,0.0008541793776693,1428.44,15.5,18.6,24.8,9666.6851961,0.1949964543,9.4,0.152,15.204117132,4.0,0.393,0.0082977425,0.1383160464,,,,,-19.0,
2020-10-23,2191,"-96.9758,36.077",40119,"Oklahoma, Payne",0.0944767441860465,3.16918576304242,0.0335446123842028,2752,1.00715652246657,1.01151282492026,0.0039970930232558,11,0.0001340809361287,1.02908210240756,1.00947515202872,0.25058209586975,1.00711937414014,0.5831,0.525,0.9573,0.0026328620185275,1363.73,11.7,11.8,122.2,7903.5803909,0.1954965327,9.5,0.089,66.858879921,5.0,0.322,0.0372623111,0.0530351048,-15.0,-3.0,,,-24.0,8.0
2020-10-23,2192,"-95.7513,34.9207",40121,"Oklahoma, Pittsburg",0.158154859967051,4.37586890626068,0.0276682544385441,1214,1.01287658076946,1.01151282492026,0.0164744645799012,20,0.0004558196777354,1.0,1.00947515202872,0.25058209586975,1.00711937414014,0.6653,0.6307,0.7698,0.0033958565991293,1449.87,16.1,19.2,32.1,12530.239795,0.1966462114,9.5,0.144,36.018637458,4.3,0.353,0.0318845865,0.1542949609,-2.0,3.0,,-15.0,-13.0,3.0
2020-10-23,2193,"-96.6834,34.7296",40123,"Oklahoma, Pontotoc",0.279778393351801,5.28145998378958,0.0188772975658222,722,1.02901424785657,1.01151282492026,0.0055401662049861,4,0.0001045833660156,1.0,1.00947515202872,0.25058209586975,1.00711937414014,0.5182,0.6256,0.6402,0.0037650011765628,1499.51,16.3,16.0,56.6,10589.522909,0.1927143755,9.5,0.159,37.537764321,5.0,0.328,0.023426674,0.1946819358,-12.0,6.0,,,-15.0,5.0
2020-10-23,2194,"-96.9492,35.2061",40125,"Oklahoma, Pottawatomie",0.168831168831169,4.65058682700642,0.0275457835138073,2002,1.01126593765207,1.01151282492026,0.0069930069930069,14,0.0001926278567399,1.03505205734318,1.00947515202872,0.25058209586975,1.00711937414014,0.6561,0.5536,0.7826,0.0013208767319308,1547.73,14.5,15.8,87.8,10772.689539,0.2084464841,9.5,0.135,36.553582898,5.0,0.359,0.0292794342,0.1360365443,-4.0,-12.0,-33.0,,-10.0,8.0
2020-10-23,2195,"-95.376,34.4164",40127,"Oklahoma, Pushmataha",0.184615384615385,4.29376509526791,0.0232578942660345,260,1.01578662370786,1.01151282492026,0.0192307692307692,5,0.0004472671974237,1.03239118471,1.00947515202872,0.25058209586975,1.00711937414014,0.7924,0.4059,0.6218,0.0020574291081492,1242.55,18.4,22.5,7.7,11797.226794,0.2057730965,9.4,0.14,19.695018031,3.0,0.336,0.0104660524,0.1923248949,,,,,-18.0,
2020-10-23,2196,"-99.6967,35.6871",40129,"Oklahoma, Roger Mills",0.147727272727273,3.55579868708972,0.0240700218818381,88,1.01191147754528,1.01151282492026,0.0454545454545455,4,0.0010940919037199,1.10408951367381,1.00947515202872,0.25058209586975,1.00711937414014,0.5914,0.3508,0.0548,0.0041028446389496,1747.55,13.3,19.1,3.3,10624.406248,0.1770353755,7.2,0.164,11.880794731,3.0,0.344,0.0073851204,0.0672866521,,,,,,
2020-10-23,2197,"-95.6041,36.37",40131,"Oklahoma, Rogers",0.122179650915283,3.12010784484258,0.0255370499217255,2349,1.00901305874199,1.01151282492026,0.0229885057471264,54,0.0005870586188902,1.00267387315523,1.00947515202872,0.25058209586975,1.00711937414014,0.1901,0.5899,0.2773,0.0008805879283353,1950.3,10.8,15.6,115.4,7357.0430865,0.1776991531,10.5,0.127,32.568676058,5.0,0.315,0.0111541138,0.1348386676,-2.0,1.0,,,-25.0,7.0
2020-10-23,2198,"-96.6169,35.1648",40133,"Oklahoma, Seminole",0.223719676549865,6.7540076491171,0.0301896004556921,742,1.01797594358213,1.01151282492026,0.0080862533692722,6,0.0002441207584018,1.0,1.00947515202872,0.25058209586975,1.00711937414014,0.8583,0.61,0.7841,0.001301977378143,1188.9,19.4,17.4,37.9,12296.242606,0.2252070124,9.4,0.184,18.988431181,4.0,0.341,0.0426804459,0.1986736105,-5.0,,,,-7.0,3.0
2020-10-23,2199,"-94.7546,35.4945",40135,"Oklahoma, Sequoyah",0.146198830409357,4.24973894460769,0.0290682143811166,1197,1.01440033702014,1.01151282492026,0.0108604845446951,13,0.000315694893028,1.0,1.00947515202872,0.25058209586975,1.00711937414014,0.9182,0.6485,0.603,0.0009956531241652,1213.87,19.0,18.0,54.0,11761.405443,0.233154543,10.2,0.157,22.216984202,5.0,0.361,0.0176303456,0.2215935307,14.0,20.0,,12.0,-14.0,3.0
2020-10-23,2200,"-97.8514,34.4856",40137,"Oklahoma, Stephens",0.232628398791541,3.55945914711661,0.0153010516583844,662,1.02367062044192,1.01151282492026,0.0120845921450151,8,0.0001849069686813,1.0,1.00947515202872,0.25058209586975,1.00711937414014,0.5927,0.6094,0.2139,0.002542470819369,1509.56,13.5,18.8,49.0,9767.6691627,0.1713934781,9.1,0.153,40.646250198,5.0,0.34,0.0192303247,0.0594707038,-12.0,-5.0,,,-20.0,5.0
2020-10-23,2201,"-101.489,36.7478",40139,"Oklahoma, Texas",0.0614334470989761,5.27988266927402,0.0859447567831826,1758,1.00497314113042,1.01151282492026,0.005688282138794,10,0.0004888780249327,1.0,1.00947515202872,0.25058209586975,1.00711937414014,0.6831,0.9666,0.9182,0.0016132974822781,1506.66,18.9,11.1,10.0,8371.6011874,0.1684910053,7.2,0.085,48.012342458,3.7,0.318,0.0443901247,0.0196528966,-11.0,,,2.0,-17.0,
2020-10-23,2202,"-98.9243,34.3729",40141,"Oklahoma, Tillman",0.136690647482014,2.58573761567774,0.0189167120304845,139,1.01298166049655,1.01151282492026,0.0215827338129496,3,0.0004082743603701,1.05963402266705,1.00947515202872,0.25058209586975,1.00711937414014,0.7895,0.9112,0.5008,,1330.75,15.3,19.3,8.1,11183.351995,0.1850454313,8.4,0.224,19.631133121,2.3,0.432,0.0728089276,0.0476320087,,,,,-27.0,
2020-10-23,2203,"-95.9401,36.1194",40143,"Oklahoma, Tulsa",0.121148725751236,3.92991547905485,0.0324387685853538,21032,1.00802179681222,1.01151282492026,0.0092715861544313,195,0.0003007588376827,1.00990485606307,1.00947515202872,0.25058209586975,1.00711937414014,0.401,0.8746,0.5963,0.0047751249305941,1923.54,14.0,13.6,1226.9,8681.3839793,0.1759728996,9.3,0.101,152.0170853,5.0,0.312,0.1036661731,0.0684141526,-12.0,-7.0,-4.0,-13.0,-25.0,7.0
2020-10-23,2204,"-95.5191,35.9602",40145,"Oklahoma, Wagoner",0.119956379498364,2.74622394207964,0.0228935214080639,1834,1.00904249107074,1.01151282492026,0.0152671755725191,28,0.0003495194108101,1.00520889711624,1.00947515202872,0.25058209586975,1.00711937414014,0.335,0.6571,0.249,0.0012482836100362,1887.18,11.4,15.6,99.0,7088.3251636,0.1790017633,10.5,0.161,37.11894396,5.0,0.356,0.0357009112,0.105255274,0.0,-25.0,,,-19.0,6.0
2020-10-23,2205,"-95.9051,36.7138",40147,"Oklahoma, Washington",0.152448657187994,3.72277838859634,0.0244198831086164,1266,1.01083623444943,1.01151282492026,0.0323854660347551,41,0.0007908492949867,1.0,1.00947515202872,0.25058209586975,1.00711937414014,0.3143,0.5826,0.3311,0.0027004610072719,1784.71,13.6,19.0,125.5,8120.0857678,0.1704148712,10.0,0.153,49.703881198,5.0,0.384,0.0245934842,0.1066103428,-5.0,-13.0,,,-22.0,5.0
2020-10-23,2206,"-98.9918,35.2907",40149,"Oklahoma, Washita",0.350877192982456,5.39228902669183,0.0153680237260717,171,1.02898661366878,1.01151282492026,0.0,0,0.0,,1.00947515202872,0.25058209586975,1.00711937414014,0.379,0.5202,0.3531,0.0012582007728947,1464.55,12.2,17.4,9.8,11744.95234,0.1650613467,8.2,0.107,10.203897463,3.0,0.287,0.0094365058,0.0404421677,,,,,0.0,
2020-10-23,2207,"-98.8657,36.7671",40151,"Oklahoma, Woods",0.281437125748503,5.28267955490615,0.0187703720355176,167,1.02869144749792,1.01151282492026,0.0,0,0.0,,1.00947515202872,0.25058209586975,1.00711937414014,0.3799,0.4349,0.3473,0.0028099359334607,1690.35,11.1,16.4,7.5,9939.7082951,0.1648643133,7.9,0.116,38.827918657,3.0,0.348,0.0333820389,0.030572103,,,10.0,,-16.0,
2020-10-23,2208,"-99.2628,36.4232",40153,"Oklahoma, Woodward",0.0631665299425759,3.80773415092474,0.0602808822074968,1219,1.00514346831049,1.01151282492026,0.0041017227235438,5,0.0002472554643457,1.0,1.00947515202872,0.25058209586975,1.00711937414014,0.3777,0.7383,0.6495,0.0043022450796162,1666.78,11.8,14.5,16.7,8945.6071405,0.1704327488,7.5,0.098,61.764209154,4.0,0.298,0.0188408664,0.0365443576,-13.0,,,,-11.0,
2020-10-23,2209,"-117.675,44.7092",41001,"Oregon, Baker",0.0619469026548673,0.437335999000375,0.0070598525552917,113,1.00255434499437,1.00826536654022,0.0265486725663717,3,0.0001874297138573,1.05963402266705,1.00798925147492,0.346848376398002,1.01328935451108,0.6041,0.3235,0.9191,0.0040609771335749,1594.74,8.4,25.5,5.2,8172.793566,0.150688106,6.8,0.125,40.647419608,3.0,0.309,0.0056228914,0.0146195177,8.0,,,26.0,-7.0,
2020-10-23,2210,"-123.4317,44.4917",41003,"Oregon, Benton",0.117924528301887,0.542882270550808,0.0046036416542708,424,1.00445851555564,1.00826536654022,0.0141509433962264,6,6.5145872466097e-05,1.0,1.00798925147492,0.346848376398002,1.01328935451108,0.3736,0.6625,0.8886,0.0017806538474066,2177.85,5.1,15.1,141.2,4132.4215312,0.1327546083,8.3,0.055,138.81224418,3.7,0.249,0.0107816419,0.0084363905,-27.0,-10.0,13.0,-49.0,-45.0,14.0
2020-10-23,2211,"-122.218,45.1879",41005,"Oregon, Clackamas",0.122428666224287,0.886859340263174,0.0072438863185723,3014,1.00858178889579,1.00826536654022,0.0215660252156603,65,0.0001562218350057,1.0,1.00798925147492,0.346848376398002,1.01328935451108,0.0889,0.6632,0.4148,0.0013242804782791,2839.17,5.3,17.0,201.8,5147.8419977,0.1319099657,9.2,0.085,300.32598274,5.0,0.285,0.0099405155,0.0107769032,-19.0,-12.0,-3.0,-20.0,-35.0,11.0
2020-10-23,2212,"-123.6607,45.9971",41007,"Oregon, Clatsop",0.0379746835443038,0.226335378734534,0.0059601649733427,237,1.00121139414457,1.00826536654022,0.0,0,0.0,,1.00798925147492,0.346848376398002,1.01328935451108,0.308,0.6285,0.7577,0.00726788049492,1857.97,8.1,20.8,44.2,7565.5250627,0.1512529777,6.3,0.08,197.93632115,4.0,0.296,0.0072678805,0.0136807162,4.0,12.0,68.0,,-17.0,6.0
2020-10-23,2213,"-123.0891,45.9446",41009,"Oregon, Columbia",0.104,0.496401092082403,0.0047730874238692,250,1.00826671252138,1.00826536654022,0.004,1,1.9092349695477e-05,1.0,1.00798925147492,0.346848376398002,1.01328935451108,0.4035,0.4429,0.3954,,1835.34,5.5,17.9,60.5,6471.6987855,0.1514818122,7.3,0.12,122.19760067,4.0,0.306,0.0059759055,0.0146438322,-10.0,-4.0,30.0,,-24.0,8.0
2020-10-23,2214,"-124.0595,43.1741",41011,"Oregon, Coos",0.164502164502165,0.590162916026029,0.0035875693053161,231,1.020799111717,1.00826536654022,0.0,0,0.0,,1.00798925147492,0.346848376398002,1.01328935451108,0.6277,0.3684,0.8914,0.0033546102595163,1424.39,6.9,25.0,40.8,8531.2882983,0.1672462583,8.0,0.13,164.73759891,3.7,0.386,0.0047523645,0.0292751868,-5.0,2.0,49.0,-42.0,-20.0,5.0
2020-10-23,2215,"-120.3563,44.1423",41013,"Oregon, Crook",0.315789473684211,1.2569656848368,0.0039803913353165,95,1.03434649907336,1.00826536654022,0.0210526315789474,2,8.37977123224536e-05,1.10408951367381,1.00798925147492,0.346848376398002,1.01328935451108,0.6529,0.3989,0.3792,,1413.0,7.0,24.6,7.5,7372.3480338,0.1669776132,7.8,0.18,61.157009615,3.7,0.329,0.0032262119,0.017471823,-7.0,,,,-24.0,4.0
2020-10-23,2216,"-124.1573,42.4591",41015,"Oregon, Curry",0.410714285714286,1.00819708061193,0.0024547407180116,56,1.00257738798295,1.00826536654022,0.0178571428571429,1,4.38346556787796e-05,,1.00798925147492,0.346848376398002,1.01328935451108,0.5369,0.3894,0.4776,0.0010520317362907,1487.54,6.1,33.1,15.1,7424.0988932,0.1506597262,8.0,0.118,137.58566856,3.7,0.342,0.0049533161,0.0255117696,12.0,7.0,43.0,,-9.0,3.0
2020-10-23,2217,"-121.2289,43.9157",41017,"Oregon, Deschutes",0.122355105795768,0.692722765057605,0.0056615762828392,1087,1.01055117189761,1.00826536654022,0.0119595216191352,13,6.7709743952999e-05,1.0,1.00798925147492,0.346848376398002,1.01328935451108,0.1653,0.5237,0.2152,0.0016042000875018,2188.29,7.6,19.1,62.6,4858.881969,0.1357548159,8.3,0.084,134.88036591,4.0,0.229,0.0046875977,0.0110783558,-9.0,-5.0,49.0,-31.0,-26.0,6.0
2020-10-23,2218,"-123.1673,43.2794",41019,"Oregon, Douglas",0.188790560471976,0.580325163443142,0.0030739098501128,339,1.01712931587233,1.00826536654022,0.0147492625368732,5,4.53379033939955e-05,1.03239118471,1.00798925147492,0.346848376398002,1.01328935451108,0.6382,0.3664,0.8682,0.0012785288757106,1676.2,6.3,24.6,22.4,8762.3272593,0.154785148,8.8,0.141,164.61814257,3.7,0.314,0.0045972634,0.0208373004,3.0,0.0,49.0,8.0,-15.0,4.0
2020-10-23,2219,"-120.2049,45.3716",41021,"Oregon, Gilliam",0.181818181818182,1.05596620908131,0.0058078141499472,11,1.0,1.00826536654022,0.0,0,0.0,,1.00798925147492,0.346848376398002,1.01328935451108,0.5159,0.5027,0.32,,1622.98,7.0,25.4,1.6,7404.4447371,0.1409471012,7.0,0.166,33.622491883,3.0,0.358,0.0036958817,0.0174234424,,,,,,
2020-10-23,2220,"-119.0069,44.4902",41023,"Oregon, Grant",0.0,0.0,0.0013935340022296,10,1.0,1.00826536654022,0.0,0,0.0,,1.00798925147492,0.346848376398002,1.01328935451108,0.5809,0.2783,0.6463,0.0034838350055741,1541.55,5.5,28.3,1.6,8731.5870933,0.1467959224,6.0,0.086,64.388336691,3.0,0.269,0.0029264214,0.0165830546,,,,,,
2020-10-23,2221,"-118.9666,43.0642",41025,"Oregon, Harney",0.4,1.09155410015009,0.0027288852503752,20,1.06347347762604,1.00826536654022,0.0,0,0.0,,1.00798925147492,0.346848376398002,1.01328935451108,0.6621,0.3543,0.7103,0.0030017737754127,1482.78,5.9,23.5,0.8,8762.9058316,0.1627500032,6.6,0.119,61.166281903,3.0,0.31,0.0102333197,0.0421612771,,,,,-14.0,
2020-10-23,2222,"-121.6552,45.5187",41027,"Oregon, Hood River",0.0549450549450549,0.640259518524842,0.0116527232371521,273,1.00264417749769,1.00826536654022,0.0036630036630036,1,4.26839679016561e-05,,1.00798925147492,0.346848376398002,1.01328935451108,0.3274,0.9163,0.9169,0.0010670991975414,2199.64,8.4,15.0,48.1,4265.7692975,0.148258554,6.1,0.053,84.577279093,3.7,0.259,0.0043537647,0.0118661431,-4.0,,,,-22.0,
2020-10-23,2223,"-122.7289,42.432",41029,"Oregon, Jackson",0.172348484848485,1.24337323058425,0.0072142974258075,1584,1.01471853047566,1.00826536654022,0.0037878787878787,6,2.73268841886648e-05,1.0,1.00798925147492,0.346848376398002,1.01328935451108,0.5035,0.6765,0.8472,0.0024821919804703,1907.26,7.3,21.0,80.3,6985.2266314,0.1791238444,8.6,0.103,179.54509286,4.0,0.244,0.0076150917,0.0164052395,-8.0,-3.0,44.0,-18.0,-18.0,5.0
2020-10-23,2224,"-121.1783,44.6281",41031,"Oregon, Jefferson",0.0333889816360601,0.826719576719577,0.0247602513227513,599,1.00216506340315,1.00826536654022,0.015025041736227,9,0.0003720238095238,1.01696850489722,1.00798925147492,0.346848376398002,1.01328935451108,0.8296,0.8389,0.7889,,1663.71,9.3,18.5,12.9,8303.634828,0.1865205667,7.6,0.193,98.286356188,3.7,0.426,0.0095486111,0.1879133598,-4.0,,,,-22.0,3.0
2020-10-23,2225,"-123.5562,42.3666",41033,"Oregon, Josephine",0.122605363984674,0.366162049592073,0.0029865092169853,261,1.00389128579814,1.00826536654022,0.0114942528735632,3,3.43276921492568e-05,1.05963402266705,1.00798925147492,0.346848376398002,1.01328935451108,0.6694,0.3448,0.7068,0.001430320506219,1606.68,8.0,25.3,53.1,9222.4092545,0.1698462923,7.9,0.117,163.30867504,4.0,0.311,0.0047715492,0.0167862415,7.0,9.0,77.0,-17.0,-10.0,4.0
2020-10-23,2226,"-121.6496,42.6876",41035,"Oregon, Klamath",0.0965346534653465,0.576471109928606,0.0059716494464399,404,1.00431686782652,1.00826536654022,0.0074257425742574,3,4.43439315329697e-05,1.0,1.00798925147492,0.346848376398002,1.01328935451108,0.7627,0.7011,0.8561,0.001448568430077,1440.26,8.5,20.2,11.3,9169.7733692,0.1619328746,7.7,0.124,80.887180329,3.7,0.33,0.0077306254,0.0491922014,-1.0,0.0,,34.0,-18.0,3.0
2020-10-23,2227,"-120.385,42.7925",41037,"Oregon, Lake",0.0,0.0,0.0043152684350805,34,,1.00826536654022,0.0,0,0.0,,1.00798925147492,0.346848376398002,1.01328935451108,0.6787,0.412,0.8609,0.0090112958497271,1360.79,7.6,24.3,1.0,8550.8119272,0.1744999493,6.5,0.152,53.13657419,3.0,0.341,0.006345983,0.025383932,,,,,-1.0,
2020-10-23,2228,"-122.8478,43.9373",41039,"Oregon, Lane",0.253345227475468,1.49626854859317,0.005906045925961,2242,1.01961207236812,1.00826536654022,0.012042818911686,27,7.11254415704498e-05,1.02968851580259,1.00798925147492,0.346848376398002,1.01328935451108,0.5357,0.5931,0.8956,0.0013988003508855,1812.78,7.0,18.3,83.7,6307.7082359,0.1536012982,9.9,0.087,284.87691533,4.0,0.272,0.0105766166,0.0157292597,-20.0,-10.0,22.0,-38.0,-30.0,9.0
2020-10-23,2229,"-123.8699,44.6425",41041,"Oregon, Lincoln",0.0333988212180747,0.344213169190897,0.0103061472422451,509,1.00056258861641,1.00826536654022,0.0255402750491159,13,0.0002632218352636,1.0,1.00798925147492,0.346848376398002,1.01328935451108,0.4939,0.4817,0.6482,0.0010123916740908,1646.85,9.4,27.1,51.7,8153.9114322,0.1592215452,7.1,0.12,236.12864804,4.0,0.36,0.0066615372,0.0393617883,6.0,10.0,32.0,,-21.0,7.0
2020-10-23,2230,"-122.5373,44.489",41043,"Oregon, Linn",0.18075422626788,1.09160874857659,0.0060391879687438,769,1.01025375636326,1.00826536654022,0.0195058517555267,15,0.000117799505242,1.00990485606307,1.00798925147492,0.346848376398002,1.01328935451108,0.5701,0.5817,0.6428,0.0007696234342482,1698.02,7.1,17.9,52.8,6762.362288,0.165748114,8.8,0.106,178.64565142,4.0,0.362,0.0058271489,0.0166489967,-16.0,-8.0,3.0,1.0,-31.0,8.0
2020-10-23,2231,"-117.6227,43.1937",41045,"Oregon, Malheur",0.0817409766454352,5.01220504475183,0.0613181448331977,1884,1.00558208905533,1.00826536654022,0.0196390658174098,37,0.0012042310821806,1.01215288021427,1.00798925147492,0.346848376398002,1.01328935451108,0.9153,0.9029,0.9994,0.0015947925142392,1385.1,9.7,16.1,3.3,7734.9198606,0.174741266,9.0,0.088,92.211269684,3.7,0.362,0.0126932465,0.0198860862,-7.0,0.0,,33.0,-21.0,3.0
2020-10-23,2232,"-122.5815,44.9029",41047,"Oregon, Marion",0.10094188732895,1.63751052273487,0.0162223093511076,5627,1.00715681547097,1.00826536654022,0.0188377465789941,106,0.0003055917524822,1.00272487645568,1.00798925147492,0.346848376398002,1.01328935451108,0.5984,0.886,0.9274,0.0014299387663318,1935.42,8.0,15.0,292.0,6240.1040369,0.1540963136,9.1,0.098,415.2502389,5.0,0.34,0.0111454501,0.0257850249,-17.0,-9.0,7.0,-18.0,-29.0,9.0
2020-10-23,2233,"-119.5845,45.4185",41049,"Oregon, Morrow",0.0239852398523985,1.14315863524446,0.0476609215617306,542,1.00239494577959,1.00826536654022,0.011070110701107,6,0.0005276116778051,1.0,1.00798925147492,0.346848376398002,1.01328935451108,0.6889,0.9293,0.5183,0.0018466408723179,1652.0,9.5,14.8,6.1,5718.9179237,0.1552071555,7.9,0.161,61.937493782,3.0,0.346,0.0061554696,0.0242701372,,,,12.0,-10.0,
2020-10-23,2234,"-122.4169,45.5475",41051,"Oregon, Multnomah",0.122266288951841,1.32901414002069,0.0108698329802434,8825,1.00914810970153,1.00826536654022,0.0177903682719547,157,0.0001933783317731,1.00749933728571,1.00798925147492,0.346848376398002,1.01328935451108,0.3067,0.8567,0.9271,0.002346405872789,2380.86,6.7,12.6,2016.8,5835.1220677,0.1596206003,8.4,0.08,942.08192094,5.0,0.236,0.0567546928,0.014430704,-31.0,-9.0,-5.0,-46.0,-43.0,13.0
2020-10-23,2235,"-123.4129,44.9032",41053,"Oregon, Polk",0.103125,0.774338878851163,0.0075087406434052,640,1.00782879893482,1.00826536654022,0.0234375,15,0.0001759861088298,1.0,1.00798925147492,0.346848376398002,1.01328935451108,0.4955,0.7676,0.5677,0.0001759861088298,1847.11,5.3,17.2,93.5,5753.6132392,0.1434415125,8.5,0.117,175.17913804,4.0,0.344,0.0099608138,0.0253302673,-14.0,-7.0,,,-34.0,9.0
2020-10-23,2236,"-120.6828,45.415",41055,"Oregon, Sherman",0.0,0.0,0.0105386416861827,18,1.0,1.00826536654022,0.0,0,0.0,,1.00798925147492,0.346848376398002,1.01328935451108,0.1959,0.2372,0.0923,,2028.5,9.0,25.7,2.4,6950.4036898,0.139253641,6.7,0.056,64.079192065,3.0,0.286,0.0029274005,0.0292740047,,,,18.0,,
2020-10-23,2237,"-123.7121,45.4625",41057,"Oregon, Tillamook",0.157142857142857,0.410646955612797,0.0026132078993541,70,1.00844121353096,1.00826536654022,0.0,0,0.0,,1.00798925147492,0.346848376398002,1.01328935451108,0.4025,0.6377,0.8612,0.0009332885354836,1677.45,7.0,24.4,24.2,6653.5028644,0.1487226294,6.4,0.068,96.486592538,3.7,0.329,0.0053010789,0.0164632098,10.0,17.0,65.0,,-16.0,6.0
2020-10-23,2238,"-118.7354,45.5907",41059,"Oregon, Umatilla",0.0513905683192261,2.19309561896899,0.0426750606326436,3308,1.00363671498939,1.00826536654022,0.0133010882708585,44,0.000567624748439,1.0066678482933,1.00798925147492,0.346848376398002,1.01328935451108,0.8048,0.8863,0.9901,0.0058697559213581,1676.28,7.3,14.9,23.0,7431.6126001,0.1579855328,8.8,0.134,139.74684677,3.7,0.351,0.0091722999,0.0438619124,-9.0,-9.0,-5.0,15.0,-15.0,4.0
2020-10-23,2239,"-118.0069,45.3092",41061,"Oregon, Union",0.0323275862068966,0.566872000302332,0.0175352405426855,464,1.00280208040549,1.00826536654022,0.0043103448275862,2,7.55829333736442e-05,1.0,1.00798925147492,0.346848376398002,1.01328935451108,0.4506,0.4126,0.929,0.0009447866671705,1537.14,6.9,19.4,13.5,7210.9607558,0.1612262063,6.4,0.097,95.051907065,3.7,0.382,0.0065757152,0.012471184,-4.0,-3.0,,24.0,-19.0,4.0
2020-10-23,2240,"-117.1835,45.5789",41063,"Oregon, Wallowa",0.1,0.564891964411806,0.005648919644118,40,1.00735452613864,1.00826536654022,0.05,2,0.0002824459822059,1.10408951367381,1.00798925147492,0.346848376398002,1.01328935451108,0.292,0.3591,0.8096,0.0080497104928682,1847.91,4.6,27.8,2.4,4647.0070457,0.1410074646,6.7,0.108,80.96028933,3.0,0.303,0.0035305748,0.0100268324,,,,,,
2020-10-23,2241,"-121.1671,45.1629",41065,"Oregon, Wasco",0.0927536231884058,1.20731937370307,0.0130164119977363,345,1.00680687162227,1.00826536654022,0.0434782608695652,15,0.0005659309564233,1.0,1.00798925147492,0.346848376398002,1.01328935451108,0.4554,0.8036,0.9733,0.0018487077909828,1725.56,7.8,20.0,11.1,7708.8339407,0.1563942416,6.9,0.047,125.54615661,3.7,0.284,0.005319751,0.0395774382,-5.0,3.0,4.0,,-25.0,6.0
2020-10-23,2242,"-123.0955,45.5597",41067,"Oregon, Washington",0.109160028964518,1.00887576439488,0.0092421720108081,5524,1.00754113733197,1.00826536654022,0.0133960897900072,74,0.0001238089661114,1.01215288021427,1.00798925147492,0.346848376398002,1.01328935451108,0.1576,0.8666,0.5657,0.0014539188047415,2680.72,5.9,12.6,833.4,4108.5117316,0.1129474634,8.8,0.079,431.80166819,5.0,0.298,0.0212583341,0.0114121751,-22.0,-10.0,,-49.0,-42.0,15.0
2020-10-23,2243,"-120.0281,44.727",41069,"Oregon, Wheeler",1.0,0.732064421669107,0.0007320644216691,1,1.0,1.00826536654022,0.0,0,0.0,,1.00798925147492,0.346848376398002,1.01328935451108,0.7038,0.2149,0.1726,,1467.62,5.2,34.2,0.8,,0.1543835863,5.8,0.187,8.0775400502,,0.269,0.0036603221,0.0226939971,,,,,,
2020-10-23,2244,"-123.3087,45.2333",41071,"Oregon, Yamhill",0.120833333333333,1.08409188613297,0.0089717949197211,960,1.00735452613864,1.00826536654022,0.015625,15,0.0001401842956206,1.0,1.00798925147492,0.346848376398002,1.01328935451108,0.4086,0.7771,0.8902,0.0011962393226294,2170.31,6.1,16.3,139.2,6050.8901223,0.1471722773,8.5,0.11,193.56402246,4.3,0.335,0.0096914076,0.0195510364,-11.0,-9.0,34.0,-56.0,-30.0,8.0
2020-10-23,2245,"-77.2161,39.8714",42001,"Pennsylvania, Adams",0.122605363984674,1.24500296660863,0.0101545554464016,1044,1.01175430491291,1.00850334215525,0.0258620689655172,27,0.000262617813269,1.0,1.00262227333392,0.333812912565413,1.00854104003921,0.2443,0.5215,0.2789,0.0007392205114238,2052.96,5.6,19.2,172.7,6518.790936,0.1621508389,10.6,0.085,113.49198873,5.0,0.356,0.0159613271,0.0039879001,-10.0,4.0,,,-23.0,5.0
2020-10-23,2246,"-79.9817,40.4681",42003,"Pennsylvania, Allegheny",0.0982173583866749,1.17115815805629,0.0119241463758933,14529,1.00872306991373,1.00850334215525,0.0274623167458187,399,0.0003274646846982,1.00586375744395,1.00262227333392,0.333812912565413,1.00854104003921,0.1758,0.5648,0.6074,0.0060396306132699,2170.39,3.8,18.1,1769.5,7960.3522943,0.1699103887,13.3,0.094,271.51628834,5.0,0.281,0.1317401096,0.0015938256,-21.0,-8.0,53.0,-43.0,-38.0,11.0
2020-10-23,2247,"-79.4629,40.8167",42005,"Pennsylvania, Armstrong",0.179401993355482,1.65484271332915,0.0092242158650383,602,1.01591704412836,1.00850334215525,0.0332225913621262,20,0.0003064523543202,1.00735452613864,1.00262227333392,0.333812912565413,1.00854104003921,0.449,0.0583,0.2614,0.0023750057459816,1486.29,4.2,21.0,84.9,9744.5715512,0.1872686884,11.9,0.12,44.426385435,4.0,0.423,0.00877986,0.0014556487,-15.0,5.0,,,-20.0,4.0
2020-10-23,2248,"-80.3492,40.6825",42007,"Pennsylvania, Beaver",0.0838241957408247,1.12296803486664,0.0133967051510847,2207,1.00698785258406,1.00850334215525,0.0629814227458088,139,0.0008437435505214,1.00312186968754,1.00262227333392,0.333812912565413,1.00854104003921,0.2146,0.3069,0.4196,0.0021913051923613,1781.02,3.8,20.5,327.5,8891.2668318,0.1922043187,11.0,0.128,86.853488021,5.0,0.332,0.0625827051,0.0017663984,-12.0,-4.0,59.0,-19.0,-26.0,6.0
2020-10-23,2249,"-78.49,40.0052",42009,"Pennsylvania, Bedford",0.236768802228412,1.76436399867154,0.007451843241448,359,1.01885407072273,1.00850334215525,0.0167130919220056,6,0.0001245433410826,1.0,1.00262227333392,0.333812912565413,1.00854104003921,0.465,0.0984,0.3053,0.0010171039521753,1424.41,6.8,21.8,44.1,7622.0358994,0.1745731673,10.6,0.113,58.959844387,3.7,0.303,0.0062894387,0.0019304218,9.0,4.0,,5.0,-13.0,3.0
2020-10-23,2250,"-75.9246,40.4157",42011,"Pennsylvania, Berks",0.113646895273401,2.33486928540147,0.0205449456387212,8632,1.01029105363185,1.00850334215525,0.0484244670991659,418,0.0009948780441364,1.00276442439752,1.00262227333392,0.333812912565413,1.00854104003921,0.4755,0.8395,0.623,0.0021040004569774,2046.15,6.0,16.6,465.3,6694.6484134,0.1658359467,10.0,0.128,181.45185391,5.0,0.364,0.0422370951,0.0085135856,-13.0,-9.0,101.0,-9.0,-26.0,8.0
2020-10-23,2251,"-78.3492,40.4796",42013,"Pennsylvania, Blair",0.232727272727273,2.08993240374882,0.0089801782973582,1100,1.02116420457606,1.00850334215525,0.0245454545454545,27,0.0002204225582078,1.02317045203282,1.00262227333392,0.333812912565413,1.00854104003921,0.4,0.155,0.6189,0.0042288475982105,1539.81,4.8,19.8,249.4,8289.9795741,0.1854206207,11.2,0.146,143.62177975,5.0,0.308,0.0188257192,0.0016654149,-6.0,-4.0,,17.0,-18.0,5.0
2020-10-23,2252,"-76.5157,41.7887",42015,"Pennsylvania, Bradford",0.484042553191489,4.48769582299081,0.0092712836782667,564,1.04479960812353,1.00850334215525,0.0159574468085106,9,0.0001479460161425,1.05963402266705,1.00262227333392,0.333812912565413,1.00854104003921,0.365,0.1172,0.5065,0.0055890717209409,1652.64,6.7,20.3,54.4,7496.2093176,0.1821948074,9.0,0.138,67.615068345,4.0,0.375,0.0067890783,0.002909605,-12.0,18.0,,,-17.0,5.0
2020-10-23,2253,"-75.1084,40.3368",42017,"Pennsylvania, Bucks",0.0528471937730438,0.821400998097724,0.0155429444678802,9764,1.00415009491225,1.00850334215525,0.0638058172879967,623,0.000991730274835,1.00022951577018,1.00262227333392,0.333812912565413,1.00854104003921,0.0436,0.6266,0.1983,0.0019818686872706,3207.78,4.0,17.6,934.0,6387.663655,0.1436976828,10.1,0.081,260.54266228,5.0,0.269,0.0398872961,0.0028446581,-14.0,-2.0,117.0,-33.0,-33.0,10.0
2020-10-23,2254,"-79.9135,40.9115",42019,"Pennsylvania, Butler",0.1875,1.50089414970621,0.0080047687984331,1504,1.01598222744323,1.00850334215525,0.0179521276595745,27,0.0001437026313548,1.01105509534937,1.00262227333392,0.333812912565413,1.00854104003921,0.0532,0.1095,0.5412,0.0020597377160861,2385.37,3.2,17.7,243.5,6831.1528268,0.1653103444,11.9,0.092,81.655491616,5.0,0.311,0.0124010049,0.0014796049,-12.0,-12.0,,42.0,-31.0,6.0
2020-10-23,2255,"-78.7138,40.4953",42021,"Pennsylvania, Cambria",0.222222222222222,1.57898732255371,0.0071054429514916,936,1.02250003898142,1.00850334215525,0.0074786324786324,7,5.3138996432096e-05,1.0,1.00262227333392,0.333812912565413,1.00854104003921,0.5124,0.1684,0.667,0.0039171031655659,1521.63,4.2,21.4,188.2,10187.163178,0.1820527473,11.6,0.143,85.758732704,5.0,0.271,0.0344796174,0.001465118,-15.0,-5.0,,,-24.0,5.0
2020-10-23,2256,"-78.2038,41.4363",42023,"Pennsylvania, Cameron",0.0,0.0,0.0017809439002671,8,1.0,1.00850334215525,0.0,0,0.0,,1.00262227333392,0.333812912565413,1.00854104003921,0.3369,0.0382,0.475,,1297.13,3.1,26.2,11.9,7029.1848714,0.1768038197,8.9,0.112,109.74112377,3.0,0.25,0.0091273375,0.0042297418,,,,,,
2020-10-23,2257,"-75.7069,40.9155",42025,"Pennsylvania, Carbon",0.111111111111111,0.965326108957292,0.0086879349806156,558,1.00847251165536,1.00850334215525,0.0519713261648745,29,0.0004515235025767,1.0,1.00262227333392,0.333812912565413,1.00854104003921,0.4828,0.3305,0.2216,0.0024133152723932,1547.95,4.2,20.1,135.8,9096.3814589,0.179844861,10.2,0.083,76.094941138,4.0,0.364,0.0182010681,0.0034564903,-7.0,4.0,,,-21.0,6.0
2020-10-23,2258,"-77.822,40.9206",42027,"Pennsylvania, Centre",0.136918680176669,3.23700132059826,0.0236417800436105,3849,1.0090403597306,1.00850334215525,0.0038971161340607,15,9.21347624458708e-05,1.00990485606307,1.00262227333392,0.333812912565413,1.00854104003921,0.3092,0.4941,0.9701,0.0015970025490617,2023.32,5.6,13.3,156.0,3912.9214751,0.1699430312,8.9,0.076,144.92444522,4.3,0.252,0.0357728571,0.0015970025,-27.0,3.0,,-25.0,-33.0,11.0
2020-10-23,2259,"-75.7477,39.9729",42029,"Pennsylvania, Chester",0.0629687095940005,0.932867984813599,0.0148147864364443,7734,1.00455181512433,1.00850334215525,0.0484871993793638,375,0.0007183275037065,1.00153316886962,1.00262227333392,0.333812912565413,1.00854104003921,0.0494,0.7303,0.3387,0.0019461886500423,3517.43,5.3,15.4,686.3,5016.0905964,0.1466833922,10.4,0.086,141.88422404,5.0,0.222,0.0570850078,0.0027909418,-18.0,-7.0,53.0,-38.0,-38.0,13.0
2020-10-23,2260,"-79.4241,41.1927",42031,"Pennsylvania, Clarion",0.218274111675127,1.10884757213956,0.0050800691095696,197,1.02042583411987,1.00850334215525,0.0152284263959391,3,7.73614585213647e-05,1.0,1.00262227333392,0.333812912565413,1.00854104003921,0.6022,0.1875,0.774,0.0021145465329173,1372.15,7.5,18.7,61.2,7313.9176721,0.1940827456,10.9,0.145,97.056092168,4.0,0.332,0.0123778334,0.0024497795,5.0,18.0,,,-17.0,2.0
2020-10-23,2261,"-78.4759,41.0011",42033,"Pennsylvania, Clearfield",0.16548463356974,0.881745351942359,0.0053282611981659,423,1.01543228466416,1.00850334215525,0.016548463356974,7,8.81745351942359e-05,1.0,1.00262227333392,0.333812912565413,1.00854104003921,0.6618,0.3591,0.73,0.0039048722728875,1438.94,5.1,19.7,66.6,7656.2876577,0.197941987,10.8,0.106,58.95993986,4.0,0.408,0.0246762735,0.002191767,-10.0,-1.0,,-17.0,-15.0,3.0
2020-10-23,2262,"-77.6379,41.2326",42035,"Pennsylvania, Clinton",0.097165991902834,0.620411539654638,0.0063850687622789,247,1.00837053624164,1.00850334215525,0.0242914979757085,6,0.0001551028849136,1.0,1.00262227333392,0.333812912565413,1.00854104003921,0.6064,0.2461,0.7287,0.0028694033709027,1497.2,7.1,18.0,40.8,6747.0128153,0.1855998371,9.7,0.093,42.788831609,4.0,0.351,0.0147089236,0.0017578327,-9.0,4.0,,7.0,-17.0,3.0
2020-10-23,2263,"-76.4057,41.0482",42037,"Pennsylvania, Columbia",0.0462873674059788,0.733317037399169,0.0158427034954779,1037,1.00335070166126,1.00850334215525,0.0395371263259402,41,0.0006263749694451,1.00716992752008,1.00262227333392,0.333812912565413,1.00854104003921,0.4312,0.2416,0.5196,0.0026429968222928,1669.83,4.4,18.4,133.4,7538.2760036,0.1796604016,10.5,0.132,142.91392319,4.3,0.317,0.0177676607,0.0023221706,-10.0,-2.0,,12.0,-22.0,6.0
2020-10-23,2264,"-80.1076,41.6845",42039,"Pennsylvania, Crawford",0.220417633410673,1.11681929863748,0.0050668328180289,431,1.02362836574959,1.00850334215525,0.0069605568445475,3,3.52679778517099e-05,1.0,1.00262227333392,0.333812912565413,1.00854104003921,0.4952,0.1493,0.7412,0.0033974818663813,1611.49,8.5,19.4,79.9,8495.4075177,0.2009176964,10.9,0.138,23.482781085,4.0,0.371,0.019044708,0.0023747105,-5.0,4.0,,,-14.0,4.0
2020-10-23,2265,"-77.2613,40.1625",42041,"Pennsylvania, Cumberland",0.140880503144654,1.33639324962314,0.0094860056558071,2385,1.01332084746307,1.00850334215525,0.0327044025157233,78,0.0003102341472339,1.00184504355011,1.00262227333392,0.333812912565413,1.00854104003921,0.0646,0.5677,0.4712,0.0019250426571952,2319.05,5.5,17.8,475.9,6137.0211346,0.1635033829,9.8,0.104,230.43742848,5.0,0.293,0.0399565672,0.0023108467,-16.0,-9.0,175.0,5.0,-34.0,10.0
2020-10-23,2266,"-76.7799,40.4138",42043,"Pennsylvania, Dauphin",0.0948695267580716,1.54819431462629,0.0163191950833102,4522,1.00755232472624,1.00850334215525,0.0424590888987174,192,0.0006928981547977,1.00531974944818,1.00262227333392,0.333812912565413,1.00854104003921,0.2939,0.8134,0.6562,0.0065031378903416,2050.71,5.3,16.1,595.9,7809.2481772,0.1852362386,10.7,0.112,354.90552641,5.0,0.335,0.1737766919,0.0041718243,-16.0,-10.0,59.0,-21.0,-33.0,10.0
2020-10-23,2267,"-75.4024,39.9168",42045,"Pennsylvania, Delaware",0.0701127089001166,1.59716405991313,0.0227799508101801,12865,1.00586504062356,1.00850334215525,0.0596191216478818,767,0.0013581206584848,1.00074724620413,1.00262227333392,0.333812912565413,1.00854104003921,0.1939,0.7921,0.7272,0.0024099116247691,2839.58,4.8,15.7,2780.0,7659.3675269,0.1491770967,11.9,0.101,505.73205319,5.0,0.269,0.2164847871,0.0021230595,-17.0,-7.0,74.0,-32.0,-36.0,12.0
2020-10-23,2268,"-78.6452,41.4282",42047,"Pennsylvania, Elk",0.395522388059701,1.75677019457059,0.0044416453975935,134,1.05356240320605,1.00850334215525,0.0149253731343284,2,6.62932148894561e-05,1.0,1.00262227333392,0.333812912565413,1.00854104003921,0.1758,0.0567,0.2015,0.0026517285955782,1607.76,2.9,21.1,36.3,8584.58083,0.1731327226,9.8,0.105,37.345284418,3.7,0.265,0.0046736716,0.0021213829,-4.0,-7.0,,,-18.0,2.0
2020-10-23,2269,"-80.033,41.9925",42049,"Pennsylvania, Erie",0.101765316718588,0.72042666901908,0.0070792947169936,1926,1.00693836423842,1.00850334215525,0.0207684319833853,40,0.0001470258508202,1.00362337833333,1.00262227333392,0.333812912565413,1.00854104003921,0.4548,0.6024,0.7848,0.0037859156586206,1725.29,4.6,16.8,346.5,8153.3537387,0.2029687559,10.9,0.095,191.08588541,5.0,0.34,0.0729909836,0.0027236539,-14.0,2.0,185.0,-25.0,-26.0,6.0
2020-10-23,2270,"-79.6429,39.9204",42051,"Pennsylvania, Fayette",0.106583072100313,0.781962726443373,0.0073366502863363,957,1.00897148424402,1.00850334215525,0.0135841170323929,13,9.96619161153318e-05,1.03819186552583,1.00262227333392,0.333812912565413,1.00854104003921,0.6503,0.2353,0.7479,0.0021695632508183,1412.68,4.7,20.1,147.0,10466.989064,0.2142729988,11.5,0.14,46.16902514,5.0,0.397,0.0462891269,0.0020162372,-6.0,2.0,,,-23.0,3.0
2020-10-23,2271,"-79.2323,41.511",42053,"Pennsylvania, Forest",0.166666666666667,0.412144525346888,0.0024728671520813,18,1.00819891621082,1.00850334215525,0.0555555555555556,1,0.0001373815084489,1.0,1.00262227333392,0.333812912565413,1.00854104003921,0.7704,0.7762,0.4897,,1146.89,3.9,22.1,14.2,5782.5740887,0.1952339692,9.8,0.083,22.080381573,3.0,0.343,0.2033246325,0.0056326418,,,,,,
2020-10-23,2272,"-77.7216,39.9296",42055,"Pennsylvania, Franklin",0.0840254030288227,1.11085994768625,0.0132205250750799,2047,1.00644390436933,1.00850334215525,0.0263800683927699,54,0.0003487583556689,1.00267387315523,1.00262227333392,0.333812912565413,1.00854104003921,0.3382,0.4925,0.2579,0.0019633803726547,1919.97,9.0,18.8,190.3,7242.3363501,0.1815489989,10.4,0.127,86.762808061,4.3,0.35,0.0338295605,0.0032615365,-9.0,0.0,,-7.0,-21.0,5.0
2020-10-23,2273,"-78.1116,39.9291",42057,"Pennsylvania, Fulton",0.123076923076923,0.550850375266818,0.0044756592990429,65,1.00677324750725,1.00850334215525,0.0461538461538462,3,0.000206568890725,1.05963402266705,1.00262227333392,0.333812912565413,1.00854104003921,0.458,0.0162,0.2095,0.0014459822350754,1506.74,6.1,20.6,31.5,7594.5497646,0.1811410083,9.9,0.179,47.284215017,3.0,0.284,0.0115678579,0.0030296771,,,,-10.0,-22.0,
2020-10-23,2274,"-80.2236,39.8575",42059,"Pennsylvania, Greene",0.091324200913242,0.547855147099107,0.0059990138607352,219,1.00738911579392,1.00850334215525,0.0045662100456621,1,2.73927573549553e-05,1.0,1.00262227333392,0.333812912565413,1.00854104003921,0.4325,0.1484,0.8325,0.0021092423163315,1535.09,4.6,18.0,66.4,9033.597231,0.1891784578,11.0,0.106,57.388906621,4.0,0.317,0.0331452364,0.0025201337,-4.0,0.0,,,-21.0,4.0
2020-10-23,2275,"-77.9767,40.4216",42061,"Pennsylvania, Huntingdon",0.370049504950495,6.61973078285512,0.0178887708111938,808,1.03784357725818,1.00850334215525,0.0136138613861386,11,0.0002435352461919,1.0465440871019,1.00262227333392,0.333812912565413,1.00854104003921,0.5408,0.2923,0.6657,0.0022139567835635,1443.02,4.4,20.0,44.7,7937.5680224,0.1864843775,10.8,0.162,66.488528269,3.7,0.302,0.05532678,0.0017490259,-1.0,-4.0,,,-22.0,4.0
2020-10-23,2276,"-79.0896,40.6524",42063,"Pennsylvania, Indiana",0.151911468812877,1.78696110105206,0.011763174400303,994,1.01333062822384,1.00850334215525,0.0160965794768612,16,0.0001893468716346,1.01925902092718,1.00262227333392,0.333812912565413,1.00854104003921,0.6229,0.3766,0.9198,0.0019408054342552,1498.01,7.6,18.2,102.8,7989.1942066,0.1913992875,11.7,0.107,126.22410703,4.0,0.331,0.0257038378,0.0017987953,-11.0,-2.0,,,-19.0,4.0
2020-10-23,2277,"-78.9986,41.1291",42065,"Pennsylvania, Jefferson",0.171052631578947,0.595770032767352,0.003482963268486,152,1.0107893079217,1.00850334215525,0.0263157894736842,4,9.16569281180541e-05,1.04195362743721,1.00262227333392,0.333812912565413,1.00854104003921,0.4108,0.1273,0.4594,0.0019247954904791,1359.8,7.9,20.1,63.8,7216.3484475,0.1881981169,10.8,0.139,93.56788677,4.0,0.353,0.0046974176,0.0025205655,-1.0,6.0,,8.0,-13.0,2.0
2020-10-23,2278,"-77.3998,40.5336",42067,"Pennsylvania, Juniata",0.0950226244343891,0.850064766839378,0.0089459196891191,221,1.01079394195528,1.00850334215525,0.0361990950226244,8,0.0003238341968911,1.0,1.00262227333392,0.333812912565413,1.00854104003921,0.4701,0.4301,0.5326,,1544.19,10.9,19.4,55.2,6943.1737637,0.1807371342,10.9,0.12,34.355722507,3.0,0.321,0.0057885363,0.0035621762,,,,,-29.0,
2020-10-23,2279,"-75.6038,41.4356",42069,"Pennsylvania, Lackawanna",0.176606832657788,2.8938342354822,0.0163857433595992,3454,1.01440254522414,1.00850334215525,0.0631152287203243,218,0.0010341899398936,1.00065703135755,1.00262227333392,0.333812912565413,1.00854104003921,0.3602,0.6565,0.652,0.0033777212715792,1728.7,4.5,19.3,473.3,8878.2313556,0.2030698911,9.9,0.116,188.49234805,5.0,0.288,0.0291945178,0.0033397693,-12.0,-5.0,121.0,4.0,-20.0,7.0
2020-10-23,2280,"-76.2477,40.039",42071,"Pennsylvania, Lancaster",0.0767459708365311,1.28781342159148,0.016780208883337,9121,1.00593345758611,1.00850334215525,0.051748711764061,472,0.0008683541928445,1.00152254760282,1.00262227333392,0.333812912565413,1.00854104003921,0.2975,0.7055,0.7485,0.0020825782760593,2119.76,11.7,17.1,545.3,6128.3403668,0.1489888061,11.2,0.097,114.04813132,5.0,0.322,0.0358067323,0.0041338811,-13.0,-3.0,107.0,1.0,-25.0,7.0
2020-10-23,2281,"-80.3339,40.9921",42073,"Pennsylvania, Lawrence",0.225225225225225,2.03053931124107,0.0090155945419103,777,1.01901830788734,1.00850334215525,0.0373230373230373,29,0.000336489371577,1.027403320897,1.00262227333392,0.333812912565413,1.00854104003921,0.4475,0.2983,0.5253,0.0036665738420124,1641.62,5.0,21.1,223.7,10144.125906,0.1806883563,11.4,0.13,53.967420515,5.0,0.366,0.0415042235,0.0014967975,2.0,3.0,,,-18.0,4.0
2020-10-23,2282,"-76.4565,40.3668",42075,"Pennsylvania, Lebanon",0.168807339449541,3.25516226276236,0.0192832981870161,2725,1.01472262256115,1.00850334215525,0.0242201834862385,66,0.0004670450203093,1.00218344770505,1.00262227333392,0.333812912565413,1.00854104003921,0.3717,0.6944,0.6135,0.002724429285138,1868.3,8.6,18.8,367.5,7039.3602991,0.1587494374,12.9,0.114,128.71159185,5.0,0.347,0.0204509107,0.0034391497,-16.0,0.0,,-1.0,-21.0,5.0
2020-10-23,2283,"-75.5944,40.6155",42077,"Pennsylvania, Lehigh",0.0576493133184286,0.980711763107851,0.0170116816082586,6262,1.00486114952043,1.00850334215525,0.057968700095816,363,0.0009861450692746,1.00078957954422,1.00262227333392,0.333812912565413,1.00854104003921,0.3952,0.8688,0.7221,0.0047541428959521,2215.5,6.5,16.2,1105.2,6467.5200092,0.1833670459,11.2,0.119,316.51630557,5.0,0.312,0.0580114099,0.0092909535,-19.0,-5.0,52.0,,-28.0,9.0
2020-10-23,2284,"-75.9845,41.1782",42079,"Pennsylvania, Luzerne",0.127836304700162,1.98648810310849,0.0155393110569628,4936,1.01170050065176,1.00850334215525,0.0386952998379254,191,0.0006012983006239,1.00075018923503,1.00262227333392,0.333812912565413,1.00854104003921,0.4847,0.7058,0.6342,0.0030411212481819,1718.37,5.0,19.4,352.2,9052.9775453,0.1930799732,10.3,0.107,166.36602391,5.0,0.296,0.0405892094,0.0061546501,-13.0,-4.0,57.0,-4.0,-27.0,8.0
2020-10-23,2285,"-77.0663,41.3431",42081,"Pennsylvania, Lycoming",0.113186813186813,0.906179617117117,0.0080060529279279,910,1.00844121353096,1.00850334215525,0.0340659340659341,31,0.0002727336711711,1.00957286878737,1.00262227333392,0.333812912565413,1.00854104003921,0.4248,0.2623,0.6708,0.0023842201576576,1711.02,5.4,18.5,93.1,7339.5938711,0.1931353005,10.1,0.116,93.022928635,4.0,0.381,0.0450978322,0.0027537303,-15.0,-5.0,23.0,-18.0,-22.0,5.0
2020-10-23,2286,"-78.5648,41.8094",42083,"Pennsylvania, McKean",0.371428571428571,0.951962507322789,0.0025629759812536,105,1.03239118471,1.00850334215525,0.019047619047619,2,4.88185901191174e-05,1.0,1.00262227333392,0.333812912565413,1.00854104003921,0.5615,0.1971,0.703,0.0033684827182191,1482.47,3.9,18.5,40.4,8098.1418041,0.2048597306,9.3,0.114,55.54070213,3.7,0.34,0.0238966999,0.0032952548,1.0,7.0,,,-12.0,3.0
2020-10-23,2287,"-80.2582,41.3025",42085,"Pennsylvania, Mercer",0.154008438818565,1.31908242458191,0.0085650009486551,948,1.01367830817408,1.00850334215525,0.0263713080168776,25,0.0002258702781818,1.0,1.00262227333392,0.333812912565413,1.00854104003921,0.4379,0.3012,0.8446,0.004960111308873,1602.25,5.9,20.7,167.5,8780.4642107,0.1925281762,9.9,0.119,73.32006697,5.0,0.331,0.0572445633,0.0022225635,-3.0,0.0,,,-14.0,4.0
2020-10-23,2288,"-77.6107,40.6112",42087,"Pennsylvania, Mifflin",0.24198250728863,1.79568171000822,0.0074207087534074,343,1.02326312548223,1.00850334215525,0.0087463556851312,3,6.49041581930682e-05,1.0,1.00262227333392,0.333812912565413,1.00854104003921,0.492,0.191,0.5097,0.0026610704859158,1417.54,12.3,20.8,107.6,8378.5374121,0.1932952176,10.5,0.177,128.17386365,4.0,0.405,0.0079615767,0.0016875081,-15.0,0.0,,,-25.0,5.0
2020-10-23,2289,"-75.3403,41.0593",42089,"Pennsylvania, Monroe",0.055583885772565,0.643041290330193,0.0115688437645643,1961,1.00467573257172,1.00850334215525,0.068332483426823,134,0.0007905278248095,1.0,1.00262227333392,0.333812912565413,1.00854104003921,0.4599,0.7759,0.1194,0.0019173249482322,2200.43,6.5,16.3,260.1,7664.4662409,0.1737500376,9.9,0.086,89.965285643,5.0,0.327,0.1351979564,0.0060587468,0.0,1.0,34.0,-19.0,-21.0,8.0
2020-10-23,2290,"-75.3665,40.2105",42091,"Pennsylvania, Montgomery",0.0481792297317548,0.776003977774667,0.0161066082229871,13346,1.00377055974989,1.00850334215525,0.0669114341375693,893,0.001077716255292,1.00048084673408,1.00262227333392,0.333812912565413,1.00854104003921,0.0446,0.731,0.404,0.0026840324207944,3349.88,3.6,17.0,1867.2,5364.031264,0.1319467788,9.2,0.084,267.61299831,5.0,0.255,0.0936044238,0.0023424941,-23.0,-10.0,60.0,-52.0,-38.0,13.0
2020-10-23,2291,"-76.6635,41.0302",42093,"Pennsylvania, Montour",0.170818505338078,2.63157894736842,0.015405701754386,281,1.01453612268792,1.00850334215525,0.0249110320284698,7,0.0003837719298245,1.04924143725562,1.00262227333392,0.333812912565413,1.00854104003921,0.1146,0.3384,0.7778,0.0221491228070175,1999.12,5.3,20.4,196.5,6976.592898,0.1611304859,10.6,0.098,153.94657423,5.0,0.304,0.0161732456,0.0016995614,-6.0,,,,-21.0,
2020-10-23,2292,"-75.3047,40.7518",42095,"Pennsylvania, Northampton",0.081086323957323,1.3713595816369,0.0169123412520054,5155,1.00642497930139,1.00850334215525,0.0601357904946654,310,0.0010170370103048,1.00046168091062,1.00262227333392,0.333812912565413,1.00854104003921,0.2061,0.7291,0.447,0.0011876367668721,2402.16,4.6,18.2,752.1,6141.7168041,0.1608049042,10.0,0.111,157.84780813,5.0,0.319,0.0546280105,0.004278117,-13.0,-9.0,77.0,31.0,-29.0,9.0
2020-10-23,2293,"-76.708,40.8479",42097,"Pennsylvania, Northumberland",0.0994953136265321,1.51510161061889,0.0152278690864376,1387,1.00907544833749,1.00850334215525,0.076423936553713,106,0.0011637737009101,1.02044191977706,1.00262227333392,0.333812912565413,1.00854104003921,0.4694,0.2544,0.7313,0.0018993665118628,1473.12,4.4,20.5,168.3,8241.9752028,0.19481766,11.2,0.129,107.61185985,4.3,0.402,0.0241318358,0.0027337703,17.0,-4.0,,,-13.0,4.0
2020-10-23,2294,"-77.263,40.4021",42099,"Pennsylvania, Perry",0.233038348082596,1.71221742993996,0.0073473634018942,339,1.01907507233419,1.00850334215525,0.0176991150442478,6,0.000130041830122,1.0,1.00262227333392,0.333812912565413,1.00854104003921,0.2363,0.1643,0.1614,,1891.9,9.1,17.4,61.2,8489.8071469,0.1712686451,11.4,0.072,75.217420446,3.7,0.272,0.009167949,0.0028609203,5.0,10.0,,,-25.0,6.0
2020-10-23,2295,"-75.1379,40.0034",42101,"Pennsylvania, Philadelphia",0.0759552528650748,1.75300384183701,0.0230794286861372,36561,1.00647488424302,1.00850334215525,0.0511747490495337,1871,0.0011810839712196,1.0007658745082,1.00262227333392,0.333812912565413,1.00854104003921,0.8153,0.9675,0.8949,0.0045987155159462,1594.12,8.1,13.2,12072.5,10002.873351,0.2061424941,11.2,0.106,754.40577969,5.0,0.276,0.4068603872,0.0087624942,-27.0,-15.0,-5.0,-39.0,-38.0,11.0
2020-10-23,2296,"-75.0321,41.3316",42103,"Pennsylvania, Pike",0.0211726384364821,0.232420932186723,0.0109774194125114,614,1.00140384821378,1.00850334215525,0.0374592833876222,23,0.000411206264638,1.0,1.00262227333392,0.333812912565413,1.00854104003921,0.2732,0.6415,0.0048,,2137.87,5.6,21.4,82.3,7287.8467704,0.1622229543,9.0,0.125,53.160779922,4.0,0.321,0.0557273881,0.0051847746,-1.0,18.0,,,-11.0,7.0
2020-10-23,2297,"-77.8956,41.7447",42105,"Pennsylvania, Potter",0.186046511627907,0.481289856816268,0.0025869329803874,43,1.02170100079106,1.00850334215525,0.0232558139534884,1,6.01612321020335e-05,1.0,1.00262227333392,0.333812912565413,1.00854104003921,0.599,0.2327,0.2875,0.0035495126940199,1290.74,6.8,22.8,15.3,8822.0075987,0.1857739385,8.6,0.111,42.941531198,3.0,0.295,0.0058356395,0.0040909638,,,,,-11.0,
2020-10-23,2298,"-76.2151,40.705",42107,"Pennsylvania, Schuylkill",0.225173210161663,2.74518361054995,0.0121914308037757,1732,1.02124402321796,1.00850334215525,0.0450346420323326,78,0.0005490367221099,1.01766889775789,1.00262227333392,0.333812912565413,1.00854104003921,0.4898,0.311,0.4715,0.0025410545728423,1547.99,5.2,19.7,165.8,9858.24007,0.1885515271,11.5,0.139,94.267899601,5.0,0.316,0.0292045303,0.003434999,-8.0,-6.0,,26.0,-21.0,5.0
2020-10-23,2299,"-77.0684,40.7713",42109,"Pennsylvania, Snyder",0.0871459694989107,0.986679822397632,0.0113221509620128,459,1.00803290286888,1.00850334215525,0.0348583877995643,16,0.000394671928959,1.04195362743721,1.00262227333392,0.333812912565413,1.00854104003921,0.3322,0.2512,0.575,,1790.98,10.5,17.8,121.6,5411.8341582,0.1797889109,11.0,0.088,97.904622145,4.3,0.34,0.010853478,0.0016280217,-10.0,7.0,,,-17.0,4.0
2020-10-23,2300,"-79.027,39.9717",42111,"Pennsylvania, Somerset",0.241279069767442,1.12234963219386,0.0046516659454781,344,1.02775936602257,1.00850334215525,0.0087209302325581,3,4.05668541756815e-05,1.0,1.00262227333392,0.333812912565413,1.00854104003921,0.4732,0.2089,0.7564,0.0030289917784508,1445.44,6.8,21.3,62.1,7805.6513336,0.1799194137,10.7,0.118,44.184280626,4.0,0.382,0.0289106447,0.0016767633,-3.0,9.0,,-7.0,-16.0,3.0
2020-10-23,2301,"-76.5125,41.4463",42113,"Pennsylvania, Sullivan",0.117647058823529,0.329435018942514,0.0028001976610113,17,1.01804126125684,1.00850334215525,0.0588235294117647,1,0.0001647175094712,1.0,1.00262227333392,0.333812912565413,1.00854104003921,0.4908,0.2499,0.3779,,1471.51,7.7,27.0,12.5,8579.429066,0.1747370556,8.9,0.151,15.392122416,3.0,0.3,0.0362378521,0.0057651128,,,,,-18.0,
2020-10-23,2302,"-75.8007,41.8215",42115,"Pennsylvania, Susquehanna",0.149214659685864,1.40432136785829,0.0094114168863485,382,1.00891063978477,1.00850334215525,0.0732984293193717,28,0.0006898420754391,1.0,1.00262227333392,0.333812912565413,1.00854104003921,0.3927,0.1449,0.1519,0.0020448890093375,1684.03,6.6,22.2,46.0,8124.0421053,0.1823789019,9.2,0.122,46.156077513,3.7,0.344,0.0051738156,0.0020695262,0.0,-2.0,,,-18.0,5.0
2020-10-23,2303,"-77.2543,41.7726",42117,"Pennsylvania, Tioga",0.361963190184049,1.44739101636288,0.0039987243333415,163,1.03746598271071,1.00850334215525,0.0184049079754601,3,7.35961533743836e-05,1.0,1.00262227333392,0.333812912565413,1.00854104003921,0.4806,0.0382,0.4295,0.0020361602433579,1536.33,7.4,20.8,35.6,7341.4889377,0.1810896009,8.5,0.13,57.976177128,3.7,0.363,0.0073841474,0.0026739936,-3.0,3.0,,,-18.0,4.0
2020-10-23,2304,"-77.06,40.9619",42119,"Pennsylvania, Union",0.110773899848255,1.63001004800715,0.0147147482415987,659,1.00486233711423,1.00850334215525,0.0121396054628225,8,0.0001786312381377,1.01925902092718,1.00262227333392,0.333812912565413,1.00854104003921,0.3869,0.4559,0.8535,0.002835770905437,1991.63,10.1,17.2,135.5,4372.8601121,0.1697286555,10.7,0.08,155.01452024,4.3,0.335,0.0607792788,0.0054259239,-15.0,-11.0,,,-19.0,4.0
2020-10-23,2305,"-79.7585,41.4032",42121,"Pennsylvania, Venango",0.411458333333333,1.5409823274685,0.0037451722389107,192,1.03688527879195,1.00850334215525,0.0052083333333333,1,1.95061054109936e-05,1.0,1.00262227333392,0.333812912565413,1.00854104003921,0.5229,0.0809,0.4912,0.0031990012874029,1488.23,6.1,21.1,75.1,8286.7976058,0.1857446573,10.8,0.159,73.368940387,4.0,0.399,0.0112160106,0.0021261655,-1.0,4.0,,-15.0,-15.0,3.0
2020-10-23,2306,"-79.2697,41.813",42123,"Pennsylvania, Warren",0.193548387096774,0.303812851283609,0.0015696997316319,62,1.00957286878737,1.00850334215525,0.0161290322580645,1,2.53177376069674e-05,1.0,1.00262227333392,0.333812912565413,1.00854104003921,0.3108,0.1309,0.2853,0.0022532786470201,1490.76,5.3,21.7,43.7,6783.4660385,0.1893706392,9.9,0.107,78.066621272,3.7,0.298,0.0046584637,0.0034178946,-9.0,7.0,,,-21.0,5.0
2020-10-23,2307,"-80.2458,40.1921",42125,"Pennsylvania, Washington",0.148232611174458,1.25394268517357,0.0084592902684401,1754,1.01531242135681,1.00850334215525,0.0193842645381984,34,0.0001639771203688,1.01328364254971,1.00262227333392,0.333812912565413,1.00854104003921,0.1433,0.2267,0.4868,0.0029033596018249,2194.71,3.9,19.6,238.9,8601.7817497,0.1619930968,10.3,0.129,61.35001249,5.0,0.335,0.0318935499,0.0018182169,-11.0,7.0,89.0,-11.0,-26.0,7.0
2020-10-23,2308,"-75.2996,41.6494",42127,"Pennsylvania, Wayne",0.0673758865248227,0.370543724159451,0.0054996489585771,282,1.0046443625966,1.00850334215525,0.0425531914893617,12,0.0002340276152586,1.0,1.00262227333392,0.333812912565413,1.00854104003921,0.4204,0.2923,0.2318,0.0021842577424136,1691.04,5.4,22.9,64.3,7274.2023295,0.1733541296,9.2,0.134,22.085034363,3.7,0.309,0.0309696544,0.0030618613,1.0,15.0,,,-12.0,3.0
2020-10-23,2309,"-79.4662,40.3138",42129,"Pennsylvania, Westmoreland",0.301355578727842,3.29710134593609,0.0109409003140232,3836,1.02618948580707,1.00850334215525,0.0198123044838373,76,0.0002167644483487,1.022586449872,1.00262227333392,0.333812912565413,1.00854104003921,0.1127,0.1859,0.3967,0.0018653151213167,2026.88,3.4,21.6,318.8,8421.0836151,0.1867719958,9.8,0.117,73.59160595,5.0,0.311,0.024639843,0.0013918559,-7.0,-3.0,153.0,5.0,-24.0,6.0
2020-10-23,2310,"-76.0107,41.5196",42131,"Pennsylvania, Wyoming",0.242990654205607,0.961325149744879,0.0039562227316423,107,1.0202347654758,1.00850334215525,0.0747663551401869,8,0.0002957923537676,1.0,1.00262227333392,0.333812912565413,1.00854104003921,0.2697,0.0458,0.1748,0.0017747541226059,1802.29,3.9,19.7,67.8,10066.636701,0.1798528743,9.5,0.121,82.688247548,3.7,0.339,0.0085410042,0.0028100274,-14.0,11.0,,,-17.0,7.0
2020-10-23,2311,"-76.7304,39.921",42133,"Pennsylvania, York",0.120692497938994,1.63293350257544,0.0135297017665574,6065,1.01020255244528,1.00850334215525,0.0324814509480627,197,0.0004394643442723,1.00901869752837,1.00262227333392,0.333812912565413,1.00854104003921,0.2627,0.6116,0.3862,0.0020723978468477,2088.85,5.1,16.7,456.8,7101.469071,0.1623119493,10.7,0.111,154.97380091,5.0,0.317,0.0571861343,0.0036250231,-14.0,3.0,120.0,-28.0,-26.0,7.0
2020-10-23,2312,"-71.2865,41.7102",44001,"Rhode Island, Bristol",0.136546184738956,1.39776768278896,0.0102365927357191,498,1.01108990410445,1.00815687566431,0.036144578313253,18,0.000369997327797,1.00819891621082,1.00291851065626,0.86776504636745,1.01327655324384,0.0873,0.4642,0.391,,2794.19,2.2,19.2,1626.1,3983.2631305,0.1243727532,6.8,0.081,267.98014754,4.3,0.232,0.0123126889,0.0028572016,-6.0,3.0,,,-26.0,9.0
2020-10-23,2313,"-71.5764,41.6711",44003,"Rhode Island, Kent",0.117621337997376,1.64163528844569,0.0139569513184956,2287,1.00919939421596,1.00815687566431,0.0507214691735899,116,0.0007079170760583,1.00123763134051,1.00291851065626,0.86776504636745,1.01327655324384,0.1538,0.5008,0.2311,0.0021908812957323,2496.97,3.4,18.1,895.1,6419.0746941,0.1448754954,6.6,0.103,333.74857602,5.0,0.298,0.0183387139,0.0046502829,-18.0,-10.0,,-56.0,-30.0,10.0
2020-10-23,2314,"-71.2657,41.5642",44005,"Rhode Island, Newport",0.136291600633914,1.04189382375033,0.0076445930556565,631,1.01161485099155,1.00815687566431,0.0079239302694136,5,6.05752223110659e-05,1.0,1.00291851065626,0.86776504636745,1.01327655324384,0.0736,0.5129,0.4874,0.0015628407356255,2807.49,3.8,20.9,815.5,5414.5643335,0.1278066589,6.5,0.077,271.16309312,4.3,0.253,0.0369993458,0.005718301,-4.0,-2.0,122.0,-52.0,-24.0,7.0
2020-10-23,2315,"-71.5775,41.8706",44007,"Rhode Island, Providence",0.0885206331523,2.99803170650417,0.0338681683551229,21543,1.00754346642571,1.00815687566431,0.0431230562131551,929,0.0014604989278145,1.0032716774653,1.00291851065626,0.86776504636745,1.01327655324384,0.5768,0.9169,0.8832,0.005143974695166,2009.5,5.4,14.7,1488.5,6313.3946367,0.1446095344,7.5,0.1,759.63635264,5.0,0.291,0.0866159187,0.0137246024,-17.0,-8.0,78.0,-40.0,-29.0,9.0
2020-10-23,2316,"-71.6144,41.4596",44009,"Rhode Island, Washington",0.226720647773279,2.2190697342664,0.009787682577925,1235,1.01419053467475,1.00815687566431,0.0574898785425101,71,0.0005626926826175,1.0,1.00291851065626,0.86776504636745,1.01327655324384,0.1545,0.3518,0.2687,0.001783181036464,2961.08,2.6,19.4,350.1,5249.7946311,0.1231839686,6.4,0.08,142.86147283,4.3,0.243,0.012442641,0.0095499251,-4.0,-3.0,,-9.0,-27.0,9.0
2020-10-23,2317,"-82.4617,34.2233",45001,"South Carolina, Abbeville",0.0705394190871369,2.07815492441221,0.029460902163726,723,1.00442423460122,1.00556273797002,0.020746887966805,15,0.0006112220365918,1.0,1.00576108635145,0.328536246242472,1.00849932722611,0.8943,0.5116,0.6835,0.0010187033943197,1102.0,11.1,20.5,43.1,9533.3009982,0.1732351901,10.4,0.158,11.569478929,3.3,0.367,0.2750499165,0.0033413471,,,,,-11.0,1.0
2020-10-23,2318,"-81.6365,33.5434",45003,"South Carolina, Aiken",0.0826480263157895,2.37306745532789,0.0287129355788927,4864,1.00543216017637,1.00556273797002,0.0176809210526316,86,0.0005076711471596,1.00167225949237,1.00576108635145,0.328536246242472,1.00849932722611,0.6185,0.7701,0.5199,0.0014462724541177,1632.04,10.2,18.3,156.4,9304.066985,0.1491590676,11.3,0.139,32.837216901,5.0,0.358,0.2478910986,0.0056198015,-8.0,0.0,20.0,-1.0,-23.0,4.0
2020-10-23,2319,"-81.3532,32.9884",45005,"South Carolina, Allendale",0.0398126463700234,1.90946871840952,0.0479613613388745,427,1.00033500852558,1.00556273797002,0.0140515222482436,6,0.0006739301359092,1.0,1.00576108635145,0.328536246242472,1.00849932722611,0.9841,0.6746,0.9978,0.0028080422329551,883.45,9.0,18.4,23.0,12226.53133,0.2222036303,10.2,0.17,21.992276857,3.0,0.399,0.7246995395,0.0037066157,,,,,-26.0,
2020-10-23,2320,"-82.6396,34.5183",45007,"South Carolina, Anderson",0.0908584169453735,2.43912171666284,0.0268453028202033,5382,1.00740801493689,1.00556273797002,0.0371609067261241,200,0.0009975957941361,1.00811422207904,1.00576108635145,0.328536246242472,1.00849932722611,0.6003,0.575,0.7049,0.0027683283287277,1625.31,9.8,17.5,253.8,9126.228892,0.1754699845,11.0,0.142,27.777994316,5.0,0.341,0.1597599785,0.0033968137,-13.0,3.0,,14.0,-18.0,1.0
2020-10-23,2321,"-81.0566,33.2193",45009,"South Carolina, Bamberg",0.0381231671554252,1.82136602451839,0.0477758318739054,682,1.00361259792817,1.00556273797002,0.0513196480938416,35,0.0024518388791593,1.0,1.00576108635145,0.328536246242472,1.00849932722611,0.8576,0.5189,0.986,,1089.5,13.5,20.3,37.6,12927.403725,0.178340138,10.2,0.191,22.519551113,4.0,0.372,0.5980385289,0.0042732049,,10.0,,,-21.0,
2020-10-23,2322,"-81.4358,33.2668",45011,"South Carolina, Barnwell",0.0967365967365967,3.93141341417203,0.0406403940886699,858,1.00509736833042,1.00556273797002,0.0291375291375291,25,0.0011841606669192,1.03998393266325,1.00576108635145,0.328536246242472,1.00849932722611,0.9299,0.7459,0.9758,,1196.38,11.7,17.1,38.0,12314.985551,0.1971375931,10.4,0.185,20.469829517,4.0,0.389,0.4371921182,0.0063944676,1.0,-9.0,,,-18.0,
2020-10-23,2323,"-80.7262,32.3923",45013,"South Carolina, Beaufort",0.0350877192982456,1.12338711814111,0.0320165328670217,6042,1.00274904315959,1.00556273797002,0.0148957298907646,90,0.0004769096256259,1.00159746038235,1.00576108635145,0.328536246242472,1.00849932722611,0.2089,0.8128,0.6059,0.0015367087936836,2310.43,10.7,25.7,315.5,5855.9204371,0.1281883037,10.1,0.091,29.698368261,5.0,0.235,0.1752801844,0.0042444957,-3.0,-3.0,66.0,-21.0,-22.0,4.0
2020-10-23,2324,"-79.9465,33.2022",45015,"South Carolina, Berkeley",0.056844937773293,1.52878226612571,0.0268939034153358,5946,1.00482485917609,1.00556273797002,0.0156407669021191,93,0.0004206412744073,1.00154560981181,1.00576108635145,0.328536246242472,1.00849932722611,0.3704,0.7902,0.5107,0.0002261512227996,2037.59,10.8,13.0,154.7,7504.1099549,0.1575173446,9.9,0.125,44.862407975,5.0,0.35,0.2387026157,0.00683429,-13.0,-6.0,46.0,0.0,-24.0,5.0
2020-10-23,2325,"-80.7772,33.6693",45017,"South Carolina, Calhoun",0.0436507936507936,1.51515151515152,0.0347107438016529,504,1.00200003196896,1.00556273797002,0.0337301587301587,17,0.0011707988980716,1.0,1.00576108635145,0.328536246242472,1.00849932722611,0.6729,0.56,0.4241,,1456.26,9.3,21.6,31.0,11045.164531,0.1637631603,10.2,0.157,14.353311614,3.3,0.386,0.4005509642,0.0050964187,,,,-1.0,-23.0,
2020-10-23,2326,"-79.9651,32.8249",45019,"South Carolina, Charleston",0.0425885283824663,1.76888680848967,0.0415343491703724,16859,1.0035320443856,1.00556273797002,0.0161931312651996,273,0.0006725711681304,1.00211085552294,1.00576108635145,0.328536246242472,1.00849932722611,0.2318,0.745,0.7122,0.004801616141708,2381.45,10.7,15.4,493.4,7194.5634523,0.1581813466,8.9,0.103,149.33701817,5.0,0.267,0.2641430877,0.0039861544,-13.0,-6.0,3.0,-33.0,-23.0,6.0
2020-10-23,2327,"-81.6183,35.0512",45021,"South Carolina, Cherokee",0.100846262341326,2.50534356494621,0.0248431970286275,1418,1.00941163882222,1.00556273797002,0.0366713681241185,52,0.0009110340236168,1.01150029829051,1.00576108635145,0.328536246242472,1.00849932722611,0.8229,0.5842,0.4725,0.0021899856336942,1171.45,10.5,16.0,140.1,10743.855726,0.2020630986,10.5,0.175,23.791311495,5.0,0.426,0.2035285049,0.0049055678,-2.0,-6.0,,-6.0,-13.0,2.0
2020-10-23,2328,"-81.1583,34.6925",45023,"South Carolina, Chester",0.0848739495798319,3.13168583919878,0.0368980806796688,1190,1.00615098936292,1.00556273797002,0.0226890756302521,27,0.0008371833431521,1.02968851580259,1.00576108635145,0.328536246242472,1.00849932722611,0.8611,0.531,0.3805,0.0025425568199435,1238.77,10.7,17.8,49.6,11528.439747,0.198426596,10.3,0.157,11.859575671,4.0,0.356,0.3668103315,0.0053951815,-14.0,4.0,,,-18.0,3.0
2020-10-23,2329,"-80.1564,34.6414",45025,"South Carolina, Chesterfield",0.0924137931034483,2.92870568693448,0.0316912182541417,1450,1.00533367023703,1.00556273797002,0.0289655172413793,42,0.0009179525287406,1.0069943706001,1.00576108635145,0.328536246242472,1.00849932722611,0.95,0.7924,0.866,0.0012895047427547,1085.7,11.2,17.2,56.6,11404.770303,0.2031060263,10.0,0.174,19.129546138,4.0,0.377,0.3250863312,0.0074747563,-2.0,2.0,,,-10.0,3.0
2020-10-23,2330,"-80.2165,33.6661",45027,"South Carolina, Clarendon",0.028620988725065,0.979228486646884,0.034213649851632,1153,1.00187245164988,1.00556273797002,0.0589765828274068,68,0.0020178041543026,1.0,1.00576108635145,0.328536246242472,1.00849932722611,0.9439,0.7208,0.9615,0.0026409495548961,1308.01,10.9,21.9,44.1,10489.838745,0.1905752019,10.1,0.156,16.169413848,4.0,0.403,0.4687240356,0.0040059347,-2.0,1.0,,42.0,-20.0,4.0
2020-10-23,2331,"-80.6764,32.8758",45029,"South Carolina, Colleton",0.0847736625514403,2.73499734466277,0.0322623473181094,1215,1.00503829360477,1.00556273797002,0.0386831275720165,47,0.0012480084970791,1.00946709896934,1.00576108635145,0.328536246242472,1.00849932722611,0.8484,0.6902,0.4473,0.0034784917684545,1219.39,11.5,19.2,33.8,13507.785961,0.2055970335,10.0,0.155,9.6710782608,4.0,0.423,0.367976633,0.0090812533,-11.0,-7.0,,11.0,-20.0,5.0
2020-10-23,2332,"-79.9603,34.3336",45031,"South Carolina, Darlington",0.0840965861781848,3.02386156103111,0.0359570072752313,2402,1.00615571366795,1.00556273797002,0.0270607826810991,65,0.0009730247597377,1.00447463046663,1.00576108635145,0.328536246242472,1.00849932722611,0.9118,0.6676,0.8341,0.0028142869973952,1258.79,10.3,17.7,113.7,12102.351726,0.18676525,10.3,0.154,14.18833132,5.0,0.374,0.4119337744,0.0037274333,-8.0,4.0,,,-19.0,4.0
2020-10-23,2333,"-79.3774,34.3901",45033,"South Carolina, Dillon",0.0942655145326002,3.92169678747671,0.0416026667538155,1273,1.00422259880128,1.00556273797002,0.0377062058130401,48,0.0015686787149906,1.01250777270301,1.00576108635145,0.328536246242472,1.00849932722611,0.9774,0.7564,0.7851,0.0025817837184221,1020.04,14.5,15.6,74.9,13276.425468,0.2187283722,10.1,0.23,15.376150172,4.0,0.416,0.4696885519,0.0301317037,4.0,-14.0,,4.0,-20.0,3.0
2020-10-23,2334,"-80.405,33.0794",45035,"South Carolina, Dorchester",0.0710779082177161,2.07286784066929,0.0291633208214283,4685,1.00488124246476,1.00556273797002,0.0209178228388474,98,0.0006100331783351,1.01064309218431,1.00576108635145,0.328536246242472,1.00849932722611,0.3634,0.7103,0.3378,0.0006473821484372,2084.99,9.4,13.1,219.9,7504.4833913,0.1711966901,10.0,0.098,36.433070543,5.0,0.315,0.2519437027,0.0072270257,-8.0,2.0,,-12.0,-27.0,5.0
2020-10-23,2335,"-81.9623,33.7722",45037,"South Carolina, Edgefield",0.0671140939597315,2.217950613633,0.0330474641431317,894,1.00422519543354,1.00556273797002,0.023489932885906,21,0.0007762827147715,1.0,1.00576108635145,0.328536246242472,1.00849932722611,0.6825,0.8739,0.9013,0.0009241460890137,1610.95,8.9,17.8,45.1,7205.3768719,0.166554415,10.3,0.176,12.990182171,3.0,0.383,0.3509167529,0.0048055597,,,,,-10.0,1.0
2020-10-23,2336,"-81.1196,34.3929",45039,"South Carolina, Fairfield",0.0471698113207547,1.78555486117311,0.0378537630568699,848,1.00341545963628,1.00556273797002,0.044811320754717,38,0.0016962771181144,1.0038170159038,1.00576108635145,0.328536246242472,1.00849932722611,0.8666,0.6899,0.4581,,1244.76,10.5,19.7,31.8,12562.032113,0.1936124333,10.1,0.207,3.9374477293,3.7,0.424,0.5700830283,0.0033479154,,,,,-17.0,
2020-10-23,2337,"-79.7019,34.0236",45041,"South Carolina, Florence",0.0595129097234939,2.35236213348388,0.0395269218798631,5461,1.00455515436008,1.00556273797002,0.0364402124153086,199,0.0014403694294255,1.0,1.00576108635145,0.328536246242472,1.00849932722611,0.7551,0.71,0.9344,0.0063477587417395,1516.76,10.3,15.9,190.0,11042.445021,0.1804396331,10.2,0.16,32.446564768,5.0,0.382,0.4266895389,0.0041618715,-13.0,-6.0,,4.0,-20.0,5.0
2020-10-23,2338,"-79.332,33.4344",45043,"South Carolina, Georgetown",0.129818342933097,4.70690292213529,0.0362576105640251,2257,1.01049064322193,1.00556273797002,0.0221533008418254,50,0.0008032257546305,1.00887852574775,1.00576108635145,0.328536246242472,1.00849932722611,0.6331,0.696,0.4982,0.0047872254975983,1701.43,10.2,26.2,75.8,10737.725476,0.1635367116,9.4,0.157,44.425410016,4.3,0.34,0.3063984964,0.0032289675,4.0,-5.0,54.0,,-14.0,3.0
2020-10-23,2339,"-82.373,34.895",45045,"South Carolina, Greenville",0.0925055062801357,3.02209395717339,0.0326693413040899,16799,1.00703976473549,1.00556273797002,0.0198821358414191,334,0.0006495362816576,1.0017226733164,1.00576108635145,0.328536246242472,1.00849932722611,0.3309,0.8239,0.7326,0.0027809487508094,2018.9,10.8,15.0,698.0,7591.507375,0.1480169972,9.5,0.109,62.557520103,5.0,0.285,0.1791533859,0.0049104165,-8.0,-1.0,102.0,-13.0,-31.0,5.0
2020-10-23,2340,"-82.1272,34.1527",45047,"South Carolina, Greenwood",0.0496167809600645,1.73873708316252,0.0350433270663406,2479,1.00256163203247,1.00556273797002,0.0298507462686567,74,0.0010460694646668,1.0,1.00576108635145,0.328536246242472,1.00849932722611,0.8315,0.8329,0.8787,0.0050041701417848,1449.33,11.8,17.7,156.2,9829.1791679,0.1873348276,10.5,0.137,31.791832172,5.0,0.363,0.3177223958,0.0050748505,-11.0,-4.0,,,-18.0,2.0
2020-10-23,2341,"-81.1385,32.7742",45049,"South Carolina, Hampton",0.0534045393858478,2.06707663686631,0.0387060100253217,749,1.00269913387817,1.00556273797002,0.041388518024032,31,0.0016019843935713,1.00957286878737,1.00576108635145,0.328536246242472,1.00849932722611,0.9073,0.8227,0.5903,0.001653661309493,1100.7,10.4,17.6,35.0,11370.525149,0.2019513916,10.2,0.179,20.310314547,3.7,0.423,0.5274146039,0.0048576301,,,,-6.0,-17.0,
2020-10-23,2342,"-78.9956,33.9213",45051,"South Carolina, Horry",0.0959129861568886,3.38227559734648,0.0352640005579011,12136,1.00626334745721,1.00556273797002,0.0183750823994726,223,0.0006479789159864,1.01069290455072,1.00576108635145,0.328536246242472,1.00849932722611,0.536,0.6864,0.5734,0.0019352195428116,1624.48,13.8,22.2,304.3,9642.2425613,0.1739527235,9.8,0.122,58.341302208,5.0,0.306,0.1272450435,0.0059189823,10.0,11.0,93.0,7.0,-21.0,3.0
2020-10-23,2343,"-81.0249,32.4317",45053,"South Carolina, Jasper",0.0592178770949721,1.82941562251907,0.0308929619274447,895,1.00455100185258,1.00556273797002,0.0256983240223464,23,0.0007938973456214,1.0,1.00576108635145,0.328536246242472,1.00849932722611,0.8755,0.9519,0.9226,0.00141520831176,1326.3,15.6,17.1,37.7,9327.6544217,0.2054031789,10.2,0.176,34.168276701,4.0,0.374,0.4102723413,0.008629319,-3.0,2.0,-8.0,40.0,-18.0,3.0
2020-10-23,2344,"-80.5876,34.3399",45055,"South Carolina, Kershaw",0.0976939203354298,3.55226247103305,0.0363611416026345,2385,1.00607488615399,1.00556273797002,0.0180293501048218,43,0.0006555677521648,1.00336715580588,1.00576108635145,0.328536246242472,1.00849932722611,0.6691,0.5842,0.071,0.0018447371630686,1652.08,10.5,17.6,81.8,9198.6887205,0.1591129024,10.3,0.127,26.110186923,5.0,0.388,0.2416453226,0.0042383217,-2.0,8.0,,22.0,-18.0,4.0
2020-10-23,2345,"-80.7051,34.6827",45057,"South Carolina, Lancaster",0.0744336569579288,1.92912560285175,0.0259173830991822,2472,1.00483079852925,1.00556273797002,0.0246763754045307,61,0.0006395470748584,1.01229239130416,1.00576108635145,0.328536246242472,1.00849932722611,0.5277,0.6912,0.3216,0.0022122038163136,1923.28,8.6,20.1,150.2,8865.6709882,0.1576096205,10.8,0.151,21.263852718,5.0,0.315,0.2115957224,0.0034074229,-9.0,-10.0,,,-35.0,5.0
2020-10-23,2346,"-82.0049,34.4824",45059,"South Carolina, Laurens",0.0544768069039914,1.507597695316,0.0276741200704541,1854,1.0029628358283,1.00556273797002,0.0323624595469256,60,0.0008956025912768,1.00485482547268,1.00576108635145,0.328536246242472,1.00849932722611,0.8809,0.6648,0.8704,0.0011344299489506,1199.46,11.7,17.6,88.3,10939.880164,0.1960398484,10.6,0.127,18.087972033,4.0,0.361,0.248738693,0.0038361644,2.0,7.0,,13.0,-25.0,1.0
2020-10-23,2347,"-80.2569,34.1639",45061,"South Carolina, Lee",0.0572916666666667,2.56679500641699,0.0448022401120056,768,1.00339382124541,1.00556273797002,0.046875,36,0.0021001050052502,1.00403251981126,1.00576108635145,0.328536246242472,1.00849932722611,0.9586,0.5266,0.9771,0.0011667250029168,986.65,11.1,17.4,35.4,13274.456597,0.2131882981,10.2,0.175,8.2001345168,4.0,0.397,0.6363318166,0.0043752188,,,,1.0,-18.0,
2020-10-23,2348,"-81.2715,33.8967",45063,"South Carolina, Lexington",0.0774680603948897,2.26077171289894,0.0291832750345725,8610,1.00563336881181,1.00556273797002,0.0229965156794425,198,0.00067111364191,1.00819891621082,1.00576108635145,0.328536246242472,1.00849932722611,0.3545,0.7119,0.4693,0.0015523739797716,1991.15,9.5,15.0,370.1,7646.5508329,0.1630420535,10.0,0.118,59.100797837,5.0,0.321,0.1495532688,0.005287562,-12.0,-3.0,65.0,15.0,-26.0,5.0
2020-10-23,2349,"-82.3079,33.9016",45065,"South Carolina, McCormick",0.0490566037735849,1.38150903294368,0.0281615302869288,265,1.00494825688692,1.00556273797002,0.0264150943396226,7,0.0007438894792773,1.0,1.00576108635145,0.328536246242472,1.00849932722611,0.85,0.44,0.54,,1522.14,6.3,32.3,23.2,14018.728902,0.1677162927,10.5,0.16,10.652567033,3.0,0.342,0.4510095643,0.001381509,,,,,-7.0,
2020-10-23,2350,"-79.364,34.0786",45067,"South Carolina, Marion",0.116727941176471,4.09162666323013,0.0350526756660975,1088,1.00729884658201,1.00556273797002,0.0358455882352941,39,0.0012564837784722,1.01557919328246,1.00576108635145,0.328536246242472,1.00849932722611,0.9452,0.8408,0.5014,0.0039949740648861,1088.56,12.8,18.3,56.8,13143.431988,0.2003992965,9.9,0.219,19.339875746,4.0,0.436,0.5627436451,0.0071200747,-3.0,-5.0,,,-20.0,5.0
2020-10-23,2351,"-79.6756,34.5991",45069,"South Carolina, Marlboro",0.0933211344922232,3.86392908553678,0.0414046518675657,1093,1.00684967614924,1.00556273797002,0.0109789569990851,12,0.000454579892416,1.0,1.00576108635145,0.328536246242472,1.00849932722611,0.9812,0.7765,0.9847,,913.56,11.9,16.7,49.1,13429.397022,0.2137946507,10.3,0.182,15.764752012,3.0,0.386,0.5061747102,0.0487536935,,,,,-16.0,5.0
2020-10-23,2352,"-81.5994,34.2863",45071,"South Carolina, Newberry",0.0722044728434505,2.93354101765317,0.0406282450674974,1565,1.00427103790609,1.00556273797002,0.0274760383386581,43,0.0011163032191069,1.02984410489444,1.00576108635145,0.328536246242472,1.00849932722611,0.8092,0.8456,0.9236,0.0023364485981308,1340.51,8.7,18.7,59.1,7989.9579797,0.1834843738,10.2,0.155,8.6468501463,4.3,0.357,0.2998442368,0.0080218069,-8.0,-8.0,,19.0,-19.0,3.0
2020-10-23,2353,"-83.0674,34.7523",45073,"South Carolina, Oconee",0.140439932318105,4.23609870620359,0.0301630642815219,2364,1.00791968424668,1.00556273797002,0.0135363790186125,32,0.0004082986704774,1.01416221482281,1.00576108635145,0.328536246242472,1.00849932722611,0.6516,0.6008,0.6278,0.002156327353459,1640.57,11.1,22.4,114.7,9203.1263749,0.1737981116,10.2,0.126,10.979454853,5.0,0.315,0.0732130553,0.0036236507,1.0,8.0,101.0,,-15.0,1.0
2020-10-23,2354,"-80.7989,33.4391",45075,"South Carolina, Orangeburg",0.0351941747572816,1.33434559550924,0.0379138196792969,3296,1.00245103921777,1.00556273797002,0.0394417475728155,130,0.001495387305312,1.00110375813514,1.00576108635145,0.328536246242472,1.00849932722611,0.8939,0.7351,0.865,0.0032898520716865,1166.46,11.2,18.4,79.5,11865.888627,0.1723034471,10.5,0.176,19.184838356,4.0,0.411,0.6161225757,0.0067752548,-13.0,-8.0,,-6.0,-15.0,5.0
2020-10-23,2355,"-82.7279,34.8881",45077,"South Carolina, Pickens",0.152041065754094,4.97850916862099,0.0327445032296277,4091,1.01227976725266,1.00556273797002,0.0139330237105842,57,0.0004562299398897,1.01044840074871,1.00576108635145,0.328536246242472,1.00849932722611,0.6611,0.4339,0.9175,0.001312661581437,1628.29,9.7,15.9,230.1,8337.8474774,0.1661957091,10.4,0.115,23.468691288,5.0,0.321,0.0682263861,0.0028094159,-8.0,4.0,,,-24.0,2.0
2020-10-23,2356,"-80.9027,34.0179",45079,"South Carolina, Richland",0.0532906058987597,2.16606846513064,0.0406463471112655,16851,1.00418071348901,1.00556273797002,0.0157260696694558,265,0.0006392072864806,1.00383164219537,1.00576108635145,0.328536246242472,1.00849932722611,0.4729,0.8284,0.8211,0.0043393732391648,1914.96,9.0,11.9,596.9,8134.7684047,0.1591109154,9.8,0.112,115.88267471,5.0,0.327,0.4730206283,0.003654336,-12.0,-5.0,37.0,-7.0,-30.0,7.0
2020-10-23,2357,"-81.7271,34.008",45081,"South Carolina, Saluda",0.0210674157303371,0.730140186915888,0.0346573208722741,712,1.00020080324524,1.00556273797002,0.0308988764044944,22,0.0010708722741433,1.0,1.00576108635145,0.328536246242472,1.00849932722611,0.7615,0.9265,0.4368,,1307.94,13.3,18.8,39.5,6550.4872941,0.1898836217,10.3,0.173,19.116161347,3.0,0.381,0.2410436137,0.0138726636,,,,,-17.0,
2020-10-23,2358,"-81.9923,34.9296",45083,"South Carolina, Spartanburg",0.123600801225404,3.3419563666021,0.0270383066571516,8487,1.00978106554194,1.00556273797002,0.0256863438199599,218,0.0006945152411051,1.00467330445806,1.00576108635145,0.328536246242472,1.00849932722611,0.5713,0.7851,0.8513,0.0025677948822509,1681.18,10.0,15.7,397.4,9362.9902134,0.1701949579,9.5,0.121,38.852050215,5.0,0.323,0.2051910235,0.004304083,-4.0,4.0,65.0,-12.0,-18.0,2.0
2020-10-23,2359,"-80.3794,33.9183",45085,"South Carolina, Sumter",0.0472463768115942,1.53034399879826,0.0323907165389815,3450,1.00369799162606,1.00556273797002,0.0255072463768116,88,0.0008261979870812,1.0066678482933,1.00576108635145,0.328536246242472,1.00849932722611,0.8748,0.7966,0.9624,0.0026569776175454,1527.13,11.4,15.5,161.2,9628.3841656,0.1801532316,10.5,0.139,33.091881222,5.0,0.382,0.4726697461,0.0055486706,-11.0,-8.0,,,-17.0,3.0
2020-10-23,2360,"-81.6173,34.6884",45087,"South Carolina, Union",0.110799438990182,2.882159795695,0.0260124042320321,713,1.00785479250758,1.00556273797002,0.0224403927068724,16,0.0005837285662167,1.00926242190831,1.00576108635145,0.328536246242472,1.00849932722611,0.8631,0.4479,0.7205,0.0052170740605618,1108.17,10.5,19.4,50.6,11139.80441,0.1858376176,10.2,0.143,5.8344406763,4.3,0.386,0.3172564757,0.0032469901,-9.0,-6.0,,,-15.0,1.0
2020-10-23,2361,"-79.7277,33.6219",45089,"South Carolina, Williamsburg",0.0424028268551237,1.960399921584,0.0462327648173561,1415,1.00368834702758,1.00556273797002,0.0339222614840989,48,0.0015683199372672,1.00609846529734,1.00576108635145,0.328536246242472,1.00849932722611,0.922,0.6622,0.9717,0.00081683330066,992.5,9.7,19.2,33.1,13755.207234,0.1938463922,9.8,0.242,12.04934845,3.7,0.42,0.6435339476,0.0050970398,,-8.0,,,-16.0,7.0
2020-10-23,2362,"-81.1809,34.9728",45091,"South Carolina, York",0.0986749805144193,2.30922449456074,0.0234023303832656,6415,1.00785731957856,1.00556273797002,0.0155884645362432,100,0.0003648063972449,1.01516534655549,1.00576108635145,0.328536246242472,1.00849932722611,0.3255,0.6651,0.3547,0.0010506424240655,2237.49,8.1,13.7,363.3,7117.0896343,0.1548370324,11.0,0.113,47.650820406,5.0,0.323,0.1890755076,0.0086057829,-4.0,0.0,70.0,-14.0,-31.0,6.0
2020-10-23,2363,"-98.5605,43.7176",46003,"South Dakota, Aurora",0.276729559748428,15.7086754730453,0.0567654409139593,159,1.01325427796728,1.0216038883201,0.0,0,0.0,,1.01907931023408,0.33258032156965,1.01123259162167,0.1506,0.6406,0.1703,,1609.6,7.8,19.5,3.7,3278.0137143,0.1235154955,6.2,0.264,3.9369363333,3.0,0.368,0.0067832917,0.0271331667,,,,,,
2020-10-23,2364,"-98.2786,44.4146",46005,"South Dakota, Beadle",0.198037466547725,11.7566064714293,0.0593655669120373,1121,1.01414884566255,1.0216038883201,0.0115967885816235,13,0.0006884499285071,1.01150029829051,1.01907931023408,0.33258032156965,1.01123259162167,0.4745,0.8338,0.6555,0.001323942170206,1562.97,7.4,16.6,14.1,7651.9534864,0.1561740132,6.2,0.088,49.86478234,3.3,0.357,0.0091616798,0.0150399831,,,,,-17.0,
2020-10-23,2365,"-101.6666,43.1949",46007,"South Dakota, Bennett",0.377622377622378,15.5709342560554,0.0412341407151096,143,1.0265933328618,1.0216038883201,0.034965034965035,5,0.0014417531718569,1.03239118471,1.01907931023408,0.33258032156965,1.01123259162167,0.9675,0.6982,0.2146,0.0040369088811995,1243.96,24.6,11.5,2.8,17809.876908,0.2664108268,4.8,0.137,6.3524061412,3.0,0.418,0.0040369089,0.5989042676,,,,,,
2020-10-23,2366,"-97.8859,42.9891",46009,"South Dakota, Bon Homme",0.646892655367232,32.8080229226361,0.0507163323782235,354,1.09214779563792,1.0216038883201,0.0028248587570621,1,0.0001432664756446,1.0,1.01907931023408,0.33258032156965,1.01123259162167,0.3414,0.3493,0.418,0.0064469914040114,1670.01,5.5,20.8,9.8,5758.3965671,0.1531560528,7.3,0.131,3.0149760478,3.0,0.397,0.0126074499,0.0853868195,,,,,,
2020-10-23,2367,"-96.7908,44.3697",46011,"South Dakota, Brookings",0.305246422893482,10.8991825613079,0.0357061762034514,1258,1.02135965909579,1.0216038883201,0.0031796502384737,4,0.0001135331516802,1.10408951367381,1.01907931023408,0.33258032156965,1.01123259162167,0.2408,0.4791,0.6106,0.0013907811080835,1825.53,6.2,11.2,45.6,4637.917599,0.134972881,6.9,0.063,6.5002948495,4.0,0.284,0.0154121253,0.0118925976,-9.0,,,,-21.0,8.0
2020-10-23,2368,"-98.3517,45.5899",46013,"South Dakota, Brown",0.230312837108954,10.860718282633,0.04715637399532,1854,1.0167923149064,1.0216038883201,0.0021574973031283,4,0.0001017397497202,1.0,1.01907931023408,0.33258032156965,1.01123259162167,0.0997,0.5317,0.758,0.0039932851765184,1904.13,8.3,16.6,23.5,5186.8938909,0.144672678,5.9,0.104,78.455865962,3.0,0.315,0.0242140604,0.0344134703,-3.0,,,,-14.0,9.0
2020-10-23,2369,"-99.0812,43.7176",46015,"South Dakota, Brule",0.34156378600823,15.8730158730159,0.0464716006884682,243,1.03655432261531,1.0216038883201,0.0082304526748971,2,0.0003824823101931,1.0,1.01907931023408,0.33258032156965,1.01123259162167,0.3946,0.2248,0.8252,0.0047810288774144,1689.92,6.8,17.3,6.8,6936.0849799,0.1595997636,6.0,0.045,45.591697619,3.0,0.292,0.0053547523,0.098680436,,,,,,
2020-10-23,2370,"-99.2081,44.0766",46017,"South Dakota, Buffalo",0.247706422018349,26.5225933202358,0.107072691552063,218,1.02215418813567,1.0216038883201,0.018348623853211,4,0.0019646365422396,1.04195362743721,1.01907931023408,0.33258032156965,1.01123259162167,0.9863,0.7192,0.8835,,979.81,39.3,8.4,4.1,29138.378057,0.3601348957,5.8,0.16,9.9169300621,,0.48,0.0078585462,0.807956778,,,,,,
2020-10-23,2371,"-103.5079,44.9061",46019,"South Dakota, Butte",0.42911877394636,10.9567599295637,0.0255331637644297,261,1.0512087202622,1.0216038883201,0.0114942528735632,3,0.0002934846409704,1.0,1.01907931023408,0.33258032156965,1.01123259162167,0.2949,0.1165,0.4524,,1648.16,14.5,19.4,3.8,6732.5998116,0.1591437028,5.1,0.11,32.141885999,3.0,0.32,0.0056740364,0.0243592252,,,,,-7.0,
2020-10-23,2372,"-100.051,45.7707",46021,"South Dakota, Campbell",0.380281690140845,19.6078431372549,0.0515613652868555,71,1.03187291552041,1.0216038883201,0.0,0,0.0,,1.01907931023408,0.33258032156965,1.01123259162167,0.0478,0.0019,0.028,,1679.98,1.5,24.9,1.7,9482.8388076,0.1201347762,5.2,0.039,6.121299193,,0.311,0.0029048656,0.0101670298,,,,,,
2020-10-23,2373,"-98.5886,43.2066",46023,"South Dakota, Charles Mix",0.280120481927711,9.95930606125509,0.0355536517455558,332,1.02001309830202,1.0216038883201,0.0,0,0.0,,1.01907931023408,0.33258032156965,1.01123259162167,0.7557,0.3773,0.6918,0.0039623045620047,1565.17,19.0,18.2,8.4,12462.716567,0.202987091,6.8,0.102,16.26810987,3.0,0.424,0.0047119297,0.3209466695,,,,,-20.0,
2020-10-23,2374,"-97.7293,44.8583",46025,"South Dakota, Clark",0.443181818181818,10.4305964161541,0.0235357047338861,88,1.05374643802504,1.0216038883201,0.0,0,0.0,,1.01907931023408,0.33258032156965,1.01123259162167,0.2264,0.2592,0.157,,1592.41,6.7,20.7,3.8,6157.9537186,0.1399268118,5.6,0.1,4.2142779521,3.0,0.314,0.0184541321,0.0048141214,,,,,,
2020-10-23,2375,"-96.9766,42.913",46027,"South Dakota, Clay",0.175510204081633,9.1873798162524,0.052346698953066,735,1.01181196332951,1.0216038883201,0.0108843537414966,8,0.0005697599886048,1.0,1.01907931023408,0.33258032156965,1.01123259162167,0.5083,0.3731,0.5677,0.00178049996439,1445.75,6.3,11.5,33.6,5585.0586237,0.1566460658,8.2,0.078,11.775452897,4.3,0.303,0.0161669397,0.0406666192,,,,,-11.0,
2020-10-23,2376,"-97.1883,44.9779",46029,"South Dakota, Codington",0.205283018867925,9.70908441906122,0.0472960913796181,1325,1.01669468454185,1.0216038883201,0.0075471698113207,10,0.0003569516330537,1.0,1.01907931023408,0.33258032156965,1.01123259162167,0.1599,0.2117,0.6221,0.0028913082277351,1791.51,6.3,16.5,41.5,5921.18545,0.1639114112,5.4,0.097,59.784671123,3.7,0.322,0.0058897019,0.0271997144,1.0,4.0,,,-7.0,4.0
2020-10-23,2377,"-101.197,45.7089",46031,"South Dakota, Corson",0.237762237762238,8.16326530612245,0.0343337334933974,143,1.01940456699373,1.0216038883201,0.0069930069930069,1,0.0002400960384153,1.0,1.01907931023408,0.33258032156965,1.01123259162167,0.9691,0.4928,0.5931,0.0028811524609843,1213.97,23.7,10.7,1.6,22755.772067,0.3213508475,5.1,0.174,3.6757483839,3.0,0.394,0.0040816327,0.6557022809,,,,,,
2020-10-23,2378,"-103.4535,43.6774",46033,"South Dakota, Custer",0.28125,9.28260371304149,0.0330048132019253,288,1.02517198978401,1.0216038883201,0.0104166666666667,3,0.00034380013752,1.0,1.01907931023408,0.33258032156965,1.01123259162167,0.1554,0.455,0.4489,0.0012606005042402,1935.87,9.3,27.9,5.6,6587.7651166,0.1385471758,3.8,0.162,19.108212102,3.0,0.309,0.0057300023,0.0367866147,,,,,0.0,
2020-10-23,2379,"-98.1446,43.6749",46035,"South Dakota, Davison",0.384415584415584,14.9570490146539,0.0389085396664982,770,1.02792060427079,1.0216038883201,0.0064935064935064,5,0.0002526528549772,1.03239118471,1.01907931023408,0.33258032156965,1.01123259162167,0.2019,0.1242,0.6453,0.0033855482566953,1735.29,6.2,17.7,50.5,6828.6627517,0.1510784255,6.8,0.082,14.144822825,4.3,0.273,0.0077817079,0.0335017686,2.0,,,-37.0,-18.0,5.0
2020-10-23,2380,"-97.6074,45.3673",46037,"South Dakota, Day",0.255172413793103,6.72116257947321,0.0263396911898274,145,1.0298730974371,1.0216038883201,0.0137931034482759,2,0.0003633060853769,,1.01907931023408,0.33258032156965,1.01123259162167,0.3475,0.2012,0.0984,0.0045413260672116,1582.74,10.4,25.3,5.1,9501.689935,0.1526888868,5.5,0.113,11.0975312,3.0,0.36,0.0038147139,0.0933696639,,,,,,
2020-10-23,2381,"-96.6694,44.7599",46039,"South Dakota, Deuel",0.314465408805031,11.528706479133,0.0366612866036431,159,1.0215026747959,1.0216038883201,0.0,0,0.0,,1.01907931023408,0.33258032156965,1.01123259162167,0.1385,0.2744,0.0748,0.0023057412958266,1721.42,7.6,21.2,6.6,4116.6193044,0.1301849925,5.7,0.111,8.1348086571,3.0,0.363,0.0085312428,0.0055337791,,,,,,
2020-10-23,2382,"-100.8709,45.1564",46041,"South Dakota, Dewey",0.292418772563177,13.719512195122,0.0469173441734417,277,1.01360433944843,1.0216038883201,0.0,0,0.0,,1.01907931023408,0.33258032156965,1.01123259162167,0.9446,0.5021,0.8975,,1406.23,27.4,9.6,2.4,17437.47964,0.3071723321,5.1,0.176,4.6776251353,2.3,0.393,0.0045731707,0.7401761518,,,,,,
2020-10-23,2383,"-98.3698,43.3852",46043,"South Dakota, Douglas",0.253246753246753,13.2879045996593,0.0524701873935264,154,1.01165678040609,1.0216038883201,0.025974025974026,4,0.0013628620102214,1.10408951367381,1.01907931023408,0.33258032156965,1.01123259162167,0.1605,0.0793,0.405,0.003747870528109,1782.39,13.6,23.6,6.7,,0.1265711685,6.5,0.133,5.868605318,3.0,0.291,0.0051107325,0.0248722317,,,,,,
2020-10-23,2384,"-99.2155,45.4185",46045,"South Dakota, Edmunds",0.181102362204724,5.93548387096774,0.0327741935483871,127,1.01682559194257,1.0216038883201,0.0078740157480315,1,0.000258064516129,,1.01907931023408,0.33258032156965,1.01123259162167,0.0793,0.0605,0.1041,0.0030967741935483,1802.38,4.6,20.0,3.0,5311.6083235,0.1338062854,5.7,0.096,12.425008803,2.0,0.311,0.0028387097,0.0116129032,,,,,,
2020-10-23,2385,"-103.5276,43.2393",46047,"South Dakota, Fall River",0.314606741573034,8.28647528854691,0.0263391535957384,178,1.02573078611897,1.0216038883201,0.0337078651685393,6,0.0008878366380585,1.0,1.01907931023408,0.33258032156965,1.01123259162167,0.2255,0.5228,0.7517,0.0036993193252441,1450.24,7.1,26.5,4.1,9620.2992836,0.1551084018,3.7,0.112,43.671142305,3.0,0.327,0.0113939035,0.0659958568,,,,,-19.0,
2020-10-23,2386,"-99.1454,45.0708",46049,"South Dakota, Faulk",0.423280423280423,34.3347639484979,0.0811158798283262,189,1.03858482255094,1.0216038883201,0.0052910052910052,1,0.0004291845493562,1.0,1.01907931023408,0.33258032156965,1.01123259162167,0.1424,0.0369,0.1827,0.0051502145922746,1574.1,7.0,25.4,2.4,8301.7735731,0.1341959158,5.5,0.083,4.1749594093,,0.365,0.0051502146,0.0060085837,,,,,,
2020-10-23,2387,"-96.77,45.1724",46051,"South Dakota, Grant",0.29136690647482,11.3334266125647,0.0388974394850986,278,1.02305620279178,1.0216038883201,0.0071942446043165,2,0.0002798376941374,1.0,1.01907931023408,0.33258032156965,1.01123259162167,0.0742,0.2194,0.0672,0.0034979711767175,1689.01,6.9,20.1,11.2,5268.5468701,0.1332088704,5.5,0.078,41.961172317,2.3,0.271,0.0065761858,0.0149713166,,,,,-10.0,
2020-10-23,2388,"-99.1888,43.1942",46053,"South Dakota, Gregory",0.213541666666667,9.7340930674264,0.0455840455840456,192,1.01753727994026,1.0216038883201,0.046875,9,0.0021367521367521,1.01696850489722,1.01907931023408,0.33258032156965,1.01123259162167,0.2783,0.1735,0.2553,0.0097340930674264,1489.13,9.8,24.3,3.9,6848.360982,0.1560077705,6.0,0.089,5.2020513566,3.0,0.298,0.0037986705,0.0778727445,,,,,,
2020-10-23,2389,"-101.5391,44.293",46055,"South Dakota, Haakon",0.493150684931507,18.7695516162669,0.0380604796663191,73,1.03597604891188,1.0216038883201,0.0136986301369863,1,0.0005213764337851,1.0,1.01907931023408,0.33258032156965,1.01123259162167,0.329,0.0716,0.4476,0.0093847758081334,1486.42,11.0,24.1,1.1,7444.7761274,0.1501530989,4.9,0.113,5.7544211659,,0.259,0.0020855057,0.0260688217,,,,,,
2020-10-23,2390,"-97.1883,44.6739",46057,"South Dakota, Hamlin",0.323699421965318,9.16380297823597,0.0283096056291933,173,1.02655771916373,1.0216038883201,0.0,0,0.0,,1.01907931023408,0.33258032156965,1.01123259162167,0.1121,0.4639,0.2273,,1846.25,7.0,16.1,10.2,5128.0410555,0.1271634471,5.7,0.089,4.6803584192,3.0,0.288,0.0047455408,0.0085092456,,,,,,
2020-10-23,2391,"-99.0039,44.5471",46059,"South Dakota, Hand",0.284210526315789,8.27713059472716,0.0291232372777437,95,1.02303673047209,1.0216038883201,0.0105263157894737,1,0.0003065603923973,1.0,1.01907931023408,0.33258032156965,1.01123259162167,0.0236,0.0051,0.1665,0.0033721643163703,1768.46,4.6,24.0,2.2,5535.6352834,0.1265840125,5.7,0.073,26.993994934,3.0,0.311,0.0012262416,0.0055180871,,,,,,
2020-10-23,2392,"-97.7872,43.6746",46061,"South Dakota, Hanson",0.305555555555556,6.51658767772512,0.0213270142180095,72,1.0239673156882,1.0216038883201,0.0138888888888889,1,0.0002962085308056,1.0,1.01907931023408,0.33258032156965,1.01123259162167,0.1322,0.0191,0.0,,1766.86,6.7,14.7,5.9,4687.8545064,0.1369063133,6.8,0.124,4.8473775191,3.0,0.278,0.0041469194,0.0041469194,,,,,,
2020-10-23,2393,"-103.4959,45.5802",46063,"South Dakota, Harding",0.846153846153846,26.4211369095276,0.0312249799839872,39,1.1357370759343,1.0216038883201,0.0,0,0.0,,1.01907931023408,0.33258032156965,1.01123259162167,0.0627,0.4056,0.3025,,1619.62,6.5,17.8,0.5,,0.1457480011,4.9,0.077,4.6933221291,,0.398,0.0088070456,0.0232185749,,,,,,
2020-10-23,2394,"-99.9966,44.3909",46065,"South Dakota, Hughes",0.221932114882507,9.63172804532578,0.043399433427762,766,1.01630641490395,1.0216038883201,0.0065274151436031,5,0.0002832861189801,1.0,1.01907931023408,0.33258032156965,1.01123259162167,0.0866,0.5692,0.9838,0.0028328611898017,1972.03,6.7,16.1,22.8,6356.5404906,0.1523209858,5.6,0.094,99.131749895,3.7,0.325,0.0070254958,0.1190934844,-3.0,,,,-16.0,
2020-10-23,2395,"-97.7554,43.3345",46067,"South Dakota, Hutchinson",0.295,7.99457994579946,0.02710027100271,200,1.02009379713893,1.0216038883201,0.01,2,0.0002710027100271,1.0,1.01907931023408,0.33258032156965,1.01123259162167,0.3019,0.155,0.2636,0.0067750677506775,1713.22,5.3,23.0,8.7,6242.3914738,0.1328060622,7.3,0.099,4.3860742973,3.0,0.329,0.0098915989,0.0138211382,,,,,-9.0,
2020-10-23,2396,"-99.4857,44.5475",46069,"South Dakota, Hyde",0.324324324324324,9.3603744149766,0.0288611544461778,37,1.03041339475808,1.0216038883201,0.0,0,0.0,,1.01907931023408,0.33258032156965,1.01123259162167,0.1621,0.3365,0.1659,,1782.1,4.4,26.0,1.8,,0.1415619364,5.6,0.059,7.7035211814,,0.254,0.0054602184,0.0858034321,,,,,,
2020-10-23,2397,"-101.6255,43.6932",46071,"South Dakota, Jackson",0.54,16.3289990928334,0.0302388872089507,100,1.05443923766961,1.0216038883201,0.01,1,0.0003023888720895,1.0,1.01907931023408,0.33258032156965,1.01123259162167,0.9525,0.476,0.9981,,1429.32,27.1,14.2,1.6,16487.897905,0.2787267325,4.8,0.134,2.4923836858,3.0,0.352,0.0105836105,0.5231327487,,,,,,
2020-10-23,2398,"-98.6297,44.0664",46073,"South Dakota, Jerauld",0.051948051948052,3.91581008321096,0.0753793441018111,154,1.00093110192382,1.0216038883201,0.038961038961039,6,0.0029368575624082,1.0,1.01907931023408,0.33258032156965,1.01123259162167,0.0815,0.1455,0.1407,0.0078316201664219,1640.6,7.3,27.0,4.4,5907.06353,0.1219841087,6.1,0.183,0.8859308254,,0.225,0.0014684288,0.0068526676,,,,,,
2020-10-23,2399,"-100.694,43.9628",46075,"South Dakota, Jones",0.259259259259259,7.54310344827586,0.0290948275862069,27,1.01696850489722,1.0216038883201,0.0,0,0.0,,1.01907931023408,0.33258032156965,1.01123259162167,0.2054,0.0025,0.0131,,1276.82,15.0,24.5,1.0,,0.1360610991,5.2,0.113,8.8701580237,,0.27,0.0032327586,0.0452586207,,,,,,
2020-10-23,2400,"-97.4914,44.3696",46077,"South Dakota, Kingsbury",0.456953642384106,14.0272413092092,0.0306972961984143,151,1.03585574045702,1.0216038883201,0.0132450331125828,2,0.0004065867046147,,1.01907931023408,0.33258032156965,1.01123259162167,0.0745,0.028,0.0669,0.0012197601138442,1828.74,4.2,22.4,5.5,5789.6707196,0.1287078312,6.2,0.094,16.39947268,3.0,0.303,0.0044724538,0.010977841,,,,,,
2020-10-23,2401,"-97.1293,44.0219",46079,"South Dakota, Lake",0.284375,6.96944167879298,0.0245079267825687,320,1.01978011504082,1.0216038883201,0.025,8,0.0006126981695642,1.0,1.01907931023408,0.33258032156965,1.01123259162167,0.1971,0.3674,0.5861,0.0016849199663016,1959.06,7.0,20.1,20.6,4735.381773,0.1421987166,6.9,0.089,47.000051639,2.3,0.315,0.0104924562,0.0124071379,,,,,-12.0,
2020-10-23,2402,"-103.7929,44.3592",46081,"South Dakota, Lawrence",0.296246648793566,8.58552503787732,0.0289810030690338,746,1.02892891958624,1.0216038883201,0.0080428954423592,6,0.0002330911774989,1.02638809625704,1.01907931023408,0.33258032156965,1.01123259162167,0.1013,0.3171,0.8625,0.0025640029524882,1748.08,9.3,20.1,32.1,8116.326384,0.151708368,5.0,0.088,27.46794761,3.7,0.264,0.0076143118,0.0235810575,-11.0,12.0,,,-18.0,10.0
2020-10-23,2403,"-96.7204,43.2784",46083,"South Dakota, Lincoln",0.289970625262274,11.7503018348156,0.0405223867906882,2383,1.02374511295418,1.0216038883201,0.0067142257658413,16,0.0002720764534834,1.05498614657627,1.01907931023408,0.33258032156965,1.01123259162167,0.0035,0.3028,0.0646,0.0001870525617698,2573.77,4.6,11.6,82.8,4479.2296458,0.1320715375,8.3,0.083,21.641799453,4.3,0.303,0.0149131906,0.0071930212,6.0,,,,-17.0,10.0
2020-10-23,2404,"-99.852,43.8952",46085,"South Dakota, Lyman",0.0954545454545455,5.49594347029573,0.0575765506411934,220,1.01013928156764,1.0216038883201,0.0227272727272727,5,0.001308557969118,1.03239118471,1.01907931023408,0.33258032156965,1.01123259162167,0.7182,0.4572,0.6944,,1565.91,16.0,15.3,2.2,14718.721921,0.2109641194,5.6,0.124,8.7669618217,3.0,0.376,0.0068045014,0.3912588328,,,,,,
2020-10-23,2405,"-97.3686,43.6743",46087,"South Dakota, McCook",0.276041666666667,9.55643707176343,0.0346195456184638,192,1.02277387409987,1.0216038883201,0.0052083333333333,1,0.0001803101334294,1.0,1.01907931023408,0.33258032156965,1.01123259162167,0.2885,0.368,0.1882,,1777.3,9.1,18.7,8.2,6952.2475901,0.1356480209,7.2,0.086,4.6596826272,3.0,0.363,0.0079336459,0.0133429499,,,,,-20.0,
2020-10-23,2406,"-99.2212,45.7663",46089,"South Dakota, McPherson",0.311475409836066,7.89364353967594,0.0253427503115912,61,1.02590825100515,1.0216038883201,0.0,0,0.0,,1.01907931023408,0.33258032156965,1.01123259162167,0.6758,0.0618,0.1305,0.002492729538845,1567.39,7.7,29.3,2.1,6676.4092142,0.1427754738,5.3,0.118,6.1347010521,3.0,0.308,0.0062318238,0.0024927295,,,,,,
2020-10-23,2407,"-97.5986,45.7587",46091,"South Dakota, Marshall",0.183333333333333,2.15179968701095,0.0117370892018779,60,1.01516534655549,1.0216038883201,0.0166666666666667,1,0.0001956181533646,,1.01907931023408,0.33258032156965,1.01123259162167,0.0596,0.6269,0.1433,0.0039123630672926,1761.58,8.0,20.0,5.1,5774.7147403,0.1428385781,5.4,0.108,9.9938459177,3.0,0.303,0.005086072,0.0952660407,,,,,,
2020-10-23,2408,"-102.7163,44.5668",46093,"South Dakota, Meade",0.210153482880756,6.29108644942391,0.0299356754082138,847,1.01714014517076,1.0216038883201,0.0106257378984652,9,0.0003180886407012,1.01696850489722,1.01907931023408,0.33258032156965,1.01123259162167,0.05,0.2206,0.3766,0.0008835795575033,1682.09,10.0,14.1,6.8,6395.9179991,0.1595853247,5.5,0.086,41.999860324,3.3,0.292,0.0189439457,0.0300063618,-7.0,,,,-13.0,8.0
2020-10-23,2409,"-100.7563,43.5808",46095,"South Dakota, Mellette",0.310344827586207,8.81488736532811,0.0284035259549461,58,1.03366890439586,1.0216038883201,0.0172413793103448,1,0.0004897159647404,,1.01907931023408,0.33258032156965,1.01123259162167,0.9605,0.5998,0.8711,,1057.13,34.3,14.9,1.5,21491.463231,0.2866140522,5.0,0.139,8.0321176723,,0.358,0.0029382958,0.5455435847,,,,,,
2020-10-23,2410,"-97.6099,44.022",46097,"South Dakota, Miner",0.611570247933884,33.4387708992318,0.0546769091730682,121,1.05352228430694,1.0216038883201,0.0082644628099173,1,0.000451875282422,,1.01907931023408,0.33258032156965,1.01123259162167,0.2376,0.099,0.092,,1671.98,5.8,21.1,3.9,7356.0765823,0.1356609582,6.5,0.133,8.1246995343,3.0,0.239,0.0103931315,0.0072300045,,,,,,
2020-10-23,2411,"-96.7911,43.6744",46099,"South Dakota, Minnehaha",0.221729718585713,11.1522428918061,0.0502965635952633,9701,1.01852992808146,1.0216038883201,0.0103082156478714,100,0.0005184678238868,1.01356412343725,1.01907931023408,0.33258032156965,1.01123259162167,0.1414,0.6683,0.6765,0.0056098218544557,1952.79,8.0,12.4,265.0,6120.2478018,0.1544566923,8.0,0.087,86.650261598,5.0,0.323,0.0647773699,0.0278106141,-9.0,8.0,33.0,-15.0,-17.0,9.0
2020-10-23,2412,"-96.6708,44.0227",46101,"South Dakota, Moody",0.300546448087432,8.35993312053503,0.0278157774737802,183,1.02306631254229,1.0216038883201,0.0109289617486339,2,0.0003039975680194,1.10408951367381,1.01907931023408,0.33258032156965,1.01123259162167,0.3318,0.617,0.3155,0.0027359781121751,1762.35,9.4,18.0,11.7,5220.9687195,0.1664040645,7.1,0.134,14.957945231,3.0,0.365,0.0135278918,0.1352789178,,,,,-16.0,
2020-10-23,2413,"-102.5555,43.3375",46102,"South Dakota, Oglala Lakota",0.494366197183099,24.5300160737997,0.0496191208330421,710,1.05502474692577,1.0216038883201,0.0070422535211267,5,0.0003494304284017,1.0,1.01907931023408,0.33258032156965,1.01123259162167,0.9971,0.8879,0.9882,,932.23,36.5,6.8,7.2,28579.661497,0.3782224128,4.5,0.19,19.73949716,3.0,0.395,0.0029352156,0.9251520022,,,,,-45.0,
2020-10-23,2414,"-102.8241,44.0026",46103,"South Dakota, Pennington",0.238331160365059,8.18050819393354,0.0343241235489443,3835,1.01829179909073,1.0216038883201,0.0122555410691004,47,0.0004206607058149,1.01278785792641,1.01907931023408,0.33258032156965,1.01123259162167,0.1844,0.4269,0.8118,0.0040455029580502,1869.14,10.8,16.7,42.7,7390.4512226,0.1624288049,5.5,0.096,53.069404442,4.0,0.285,0.0133895408,0.1011823251,-1.0,29.0,50.0,25.0,-19.0,10.0
2020-10-23,2415,"-102.4756,45.4905",46105,"South Dakota, Perkins",0.318840579710145,7.52908966461328,0.0236139630390144,69,1.02511937638906,1.0216038883201,0.0,0,0.0,,1.01907931023408,0.33258032156965,1.01123259162167,0.1032,0.0252,0.3954,,1709.0,8.9,22.8,1.0,8289.4547164,0.143171425,4.9,0.099,4.7762828518,3.0,0.298,0.0051334702,0.0198494182,,,,,,
2020-10-23,2416,"-99.955,45.0658",46107,"South Dakota, Potter",0.25,9.96828273674671,0.0398731309469869,88,1.0155320972334,1.0216038883201,0.0,0,0.0,,1.01907931023408,0.33258032156965,1.01123259162167,0.0551,0.0958,0.1611,0.0027186225645672,1639.15,7.5,27.9,2.7,5752.6373929,0.1192919131,5.4,0.102,11.393765908,2.3,0.277,0.0045310376,0.0240144993,,,,,,
2020-10-23,2417,"-96.9467,45.6298",46109,"South Dakota, Roberts",0.18936877076412,5.45611180243132,0.028812099167225,301,1.01891395372957,1.0216038883201,0.0132890365448505,4,0.0003828850387671,1.10408951367381,1.01907931023408,0.33258032156965,1.01123259162167,0.5962,0.6558,0.5059,0.0023930314922944,1677.65,20.4,19.1,9.1,11737.888523,0.2093388754,5.8,0.169,13.07898485,3.0,0.366,0.0067004882,0.3836508088,,,,,-22.0,
2020-10-23,2418,"-98.091,44.0235",46111,"South Dakota, Sanborn",0.333333333333333,10.2923013585838,0.0308769040757513,75,1.02065336654354,1.0216038883201,0.0,0,0.0,,1.01907931023408,0.33258032156965,1.01123259162167,0.1207,0.3015,0.0392,,1846.02,7.0,18.8,3.6,5000.9188499,0.1417993925,6.3,0.133,7.7486192782,3.0,0.394,0.0016467682,0.0045286126,,,,,,
2020-10-23,2419,"-98.3463,44.9384",46115,"South Dakota, Spink",0.288793103448276,10.3156274056967,0.0357197844495766,232,1.01997833006672,1.0216038883201,0.0043103448275862,1,0.0001539645881447,1.0,1.01907931023408,0.33258032156965,1.01123259162167,0.086,0.2627,0.2767,0.0038491147036181,1889.22,6.3,20.2,4.1,8721.2722938,0.1426268229,5.9,0.143,21.901977947,3.0,0.404,0.0061585835,0.0269438029,,,,,-29.0,
2020-10-23,2420,"-100.7349,44.4138",46117,"South Dakota, Stanley",0.371794871794872,9.59629384513567,0.0258107213765718,78,1.03098080370314,1.0216038883201,0.0,0,0.0,,1.01907931023408,0.33258032156965,1.01123259162167,0.0057,0.2267,0.241,,1889.76,3.8,18.3,1.8,5574.719167,0.1310052416,5.2,0.111,47.62580042,3.0,0.28,0.006287227,0.0688285903,,,,,,
2020-10-23,2421,"-100.1278,44.7157",46119,"South Dakota, Sully",0.512820512820513,14.367816091954,0.0280172413793103,39,1.07182013000649,1.0216038883201,0.0,0,0.0,,1.01907931023408,0.33258032156965,1.01123259162167,0.0,0.0287,0.0573,,2181.07,5.1,22.5,1.4,,0.1271237416,5.4,0.055,0.7636011299,,0.278,0.0043103448,0.0244252874,,,,,,
2020-10-23,2422,"-100.7196,43.1934",46121,"South Dakota, Todd",0.47244094488189,17.5046192745308,0.0370514441310901,381,1.04130411038978,1.0216038883201,0.0131233595800525,5,0.0004862394242925,1.0,1.01907931023408,0.33258032156965,1.01123259162167,0.9911,0.7214,0.9472,0.0034036759700476,987.72,30.2,7.5,7.2,20823.995536,0.4149130895,5.2,0.142,26.59685891,3.0,0.387,0.0053486337,0.8571428571,,,-28.0,,,
2020-10-23,2423,"-99.8855,43.3446",46123,"South Dakota, Tripp",0.21285140562249,9.67506389193136,0.0454545454545455,249,1.017187490404,1.0216038883201,0.0080321285140562,2,0.0003650967506389,1.10408951367381,1.01907931023408,0.33258032156965,1.01123259162167,0.4369,0.2878,0.2706,0.0045637093829864,1610.01,6.7,22.1,3.4,9614.7887876,0.1733588891,5.5,0.108,57.063288019,3.0,0.356,0.004381161,0.1465863454,,,,,,
2020-10-23,2424,"-97.1487,43.3109",46125,"South Dakota, Turner",0.394673123486683,19.349477682811,0.0490265906932574,413,1.03035400493627,1.0216038883201,0.0193704600484262,8,0.0009496676163342,1.0,1.01907931023408,0.33258032156965,1.01123259162167,0.108,0.2365,0.1057,0.0014245014245014,1604.62,5.9,20.3,11.1,7848.2880672,0.1379393362,7.7,0.104,7.6507566738,3.0,0.378,0.0053418803,0.0111585945,,,,,-19.0,
2020-10-23,2425,"-96.6558,42.8311",46127,"South Dakota, Union",0.250728862973761,11.0122286958192,0.0439208656123952,686,1.01455608712496,1.0216038883201,0.0145772594752187,10,0.000640245854408,1.0,1.01907931023408,0.33258032156965,1.01123259162167,0.0232,0.2232,0.0704,,2493.79,5.4,16.9,38.6,5162.277661,0.1307252947,8.7,0.127,284.0349518,4.0,0.303,0.0111402779,0.0083872207,,,,,-22.0,
2020-10-23,2426,"-100.0308,45.4302",46129,"South Dakota, Walworth",0.408560311284047,18.7936280651512,0.0459996420261321,257,1.02718933794105,1.0216038883201,0.0077821011673151,2,0.0003579738679076,1.10408951367381,1.01907931023408,0.33258032156965,1.01123259162167,0.1484,0.5084,0.8058,0.0044746733488455,1573.06,9.0,23.4,7.3,9478.0515518,0.1500276192,5.4,0.142,39.297127875,3.0,0.316,0.0042956864,0.1431895472,,,,,,
2020-10-23,2427,"-97.3947,43.0092",46135,"South Dakota, Yankton",0.26431718061674,7.87091696182605,0.0297783025055752,681,1.02370348539323,1.0216038883201,0.0073421439060205,5,0.0002186365822729,1.0,1.01907931023408,0.33258032156965,1.01123259162167,0.1838,0.3563,0.6151,0.0043290043290043,1861.19,6.8,18.0,45.1,7598.1504268,0.1476660184,7.8,0.09,60.398008087,4.0,0.376,0.0193712012,0.032052123,-10.0,,,,-18.0,7.0
2020-10-23,2428,"-101.6655,44.9788",46137,"South Dakota, Ziebach",0.146341463414634,4.37636761487965,0.0299051787016776,82,1.01091426025064,1.0216038883201,0.0121951219512195,1,0.0003646973012399,1.0,1.01907931023408,0.33258032156965,1.01123259162167,0.965,0.7128,0.971,0.0029175784099197,1144.65,27.5,9.0,1.3,11782.78994,0.320211748,4.9,0.175,0.6469226036,,0.516,0.0047410649,0.7038657914,,,,,,
2020-10-23,2429,"-84.1997,36.1268",47001,"Tennessee, Anderson",0.162011173184358,3.41256766297952,0.0210637797128736,1611,1.01160498679617,1.00922765331527,0.0086902545003103,14,0.0001830496064433,1.01064309218431,1.00707186672966,0.496647124598043,1.00548156645375,0.5468,0.4578,0.5664,0.0039355665385319,1740.13,9.4,19.4,277.4,10009.216744,0.2092501774,10.3,0.108,131.70824261,5.0,0.329,0.0390418661,0.0045370152,-6.0,-4.0,43.0,,-23.0,4.0
2020-10-23,2430,"-86.4555,35.5112",47003,"Tennessee, Bedford",0.112554112554113,3.71140747991354,0.0329744279946164,1617,1.00624927509388,1.00922765331527,0.0123685837971552,20,0.0004078469758146,1.00735452613864,1.00707186672966,0.496647124598043,1.00548156645375,0.6592,0.7876,0.5454,0.001223540927444,1380.26,11.3,14.8,97.9,10293.662695,0.2269253409,10.5,0.109,80.48438595,5.0,0.336,0.0758799299,0.011399323,-5.0,0.0,,,-26.0,5.0
2020-10-23,2431,"-88.0685,36.0711",47005,"Tennessee, Benton",0.10831234256927,2.65694513099357,0.0245304003954523,397,1.01011268752412,1.00922765331527,0.0226700251889169,9,0.0005561047948591,1.0,1.00707186672966,0.496647124598043,1.00548156645375,0.8844,0.1633,0.51,0.0015447355412753,1138.77,9.0,23.9,34.4,14479.256537,0.2365873986,10.0,0.141,22.113900568,4.0,0.346,0.0240978744,0.0056846268,-9.0,,,-17.0,-12.0,
2020-10-23,2432,"-85.2061,35.5994",47007,"Tennessee, Bledsoe",0.116116116116116,7.86174178244663,0.0677058624195188,999,1.01405723994875,1.00922765331527,0.004004004004004,4,0.0002710945442222,1.0,1.00707186672966,0.496647124598043,1.00548156645375,0.8997,0.5769,0.8233,0.0016943409013893,1212.1,12.2,18.1,28.5,8125.9163282,0.2466139694,9.4,0.099,21.008585523,3.0,0.327,0.0710267706,0.0058963063,,,,,-21.0,
2020-10-23,2433,"-83.9285,35.6894",47009,"Tennessee, Blount",0.131306800376058,3.18997479996041,0.0242940562927773,3191,1.01011170976571,1.00922765331527,0.0100282043246631,32,0.0002436257603788,1.00454582940699,1.00707186672966,0.496647124598043,1.00548156645375,0.3271,0.3486,0.3142,0.0023144447235989,1754.88,8.7,19.5,218.9,8841.6711887,0.2132230222,10.1,0.134,94.929627158,5.0,0.329,0.0291665715,0.0042101577,-6.0,-1.0,,-26.0,-17.0,3.0
2020-10-23,2434,"-84.8572,35.1574",47011,"Tennessee, Bradley",0.0896809427996551,2.92334648214604,0.032597187215981,3479,1.00731316823196,1.00922765331527,0.0066110951422822,23,0.0002155031060556,1.01308078292908,1.00707186672966,0.496647124598043,1.00548156645375,0.6366,0.61,0.687,0.0032606556916244,1650.22,11.1,16.6,320.4,8125.2818353,0.2177821388,10.7,0.168,138.67439905,5.0,0.378,0.0485256777,0.0062402204,-7.0,0.0,,4.0,-19.0,2.0
2020-10-23,2435,"-84.1511,36.4036",47013,"Tennessee, Campbell",0.324917672886937,7.47795770911755,0.0230149306520476,911,1.02130756138556,1.00922765331527,0.0087815587266739,8,0.0002021069651112,1.04195362743721,1.00707186672966,0.496647124598043,1.00548156645375,0.8895,0.0318,0.611,0.0030316044766692,1074.24,11.4,20.2,72.1,13905.45555,0.2389986202,9.7,0.157,133.47749899,4.3,0.327,0.0047747771,0.0034358184,10.0,3.0,81.0,-22.0,-9.0,3.0
2020-10-23,2436,"-86.0574,35.8099",47015,"Tennessee, Cannon",0.141414141414141,3.87221684414327,0.0273821048264417,396,1.01131798026064,1.00922765331527,0.005050505050505,2,0.0001382934587194,1.0,1.00707186672966,0.496647124598043,1.00548156645375,0.5965,0.1293,0.3585,0.004148803761582,1298.1,9.8,18.3,40.3,11228.906636,0.2220758767,9.7,0.108,47.659058146,4.0,0.369,0.015834601,0.0034573365,,,,,-29.0,
2020-10-23,2437,"-88.4519,35.9737",47017,"Tennessee, Carroll",0.0778280542986425,3.06923625981442,0.0394361170592434,1105,1.00434071836133,1.00922765331527,0.0226244343891403,25,0.0008922198429693,1.00584875104734,1.00707186672966,0.496647124598043,1.00548156645375,0.7908,0.2607,0.6979,0.0041042112776588,1312.72,9.1,19.8,42.2,10178.96221,0.2289530901,10.2,0.12,39.744365764,4.0,0.301,0.0993219129,0.0063882941,-3.0,,,,-13.0,0.0
2020-10-23,2438,"-82.1259,36.2897",47019,"Tennessee, Carter",0.135153583617747,3.51369097265355,0.0259977640148356,1465,1.01078721080059,1.00922765331527,0.0218430034129693,32,0.0005678692481056,1.0,1.00707186672966,0.496647124598043,1.00548156645375,0.7873,0.107,0.5871,0.0021472555943993,1190.76,12.1,20.8,133.1,9602.2477367,0.2476691186,9.4,0.211,99.446206154,5.0,0.377,0.0149420596,0.0029990595,0.0,4.0,,,-23.0,4.0
2020-10-23,2439,"-87.089,36.2614",47021,"Tennessee, Cheatham",0.126,3.11580405054527,0.0247286035757561,1000,1.01088766004373,1.00922765331527,0.011,11,0.0002720146393333,1.01370885629547,1.00707186672966,0.496647124598043,1.00548156645375,0.4271,0.2455,0.2225,0.000296743242909,1829.06,9.4,14.2,101.2,10215.375858,0.2028595717,10.6,0.107,80.69422706,5.0,0.32,0.0184969955,0.0054402928,0.0,15.0,,,-24.0,5.0
2020-10-23,2440,"-88.6096,35.4253",47023,"Tennessee, Chester",0.0545454545454545,2.25746700625145,0.0413868951146099,715,1.00242087572511,1.00922765331527,0.0195804195804196,14,0.0008103727714748,1.01064309218431,1.00707186672966,0.496647124598043,1.00548156645375,0.8242,0.3254,0.4973,,1487.18,13.6,16.6,52.2,7781.4276357,0.2165024314,9.7,0.171,23.38524283,5.0,0.311,0.0929034499,0.0048622366,,,,,-10.0,
2020-10-23,2441,"-83.6595,36.4832",47025,"Tennessee, Claiborne",0.0807086614173228,1.29109459629676,0.0159969769492379,508,1.00604926973356,1.00922765331527,0.0118110236220472,6,0.0001889406726287,1.0,1.00707186672966,0.496647124598043,1.00548156645375,0.9207,0.2101,0.6094,0.0026766595289079,1224.28,7.6,19.1,68.5,11588.814157,0.2266098748,10.0,0.139,63.671572563,4.0,0.26,0.0115568711,0.0035583827,-6.0,26.0,,,-13.0,3.0
2020-10-23,2442,"-85.5393,36.5515",47027,"Tennessee, Clay",0.266318537859008,13.2175715951795,0.0496306854995465,383,1.0125421101323,1.00922765331527,0.0365535248041775,14,0.001814176493456,1.10408951367381,1.00707186672966,0.496647124598043,1.00548156645375,0.8041,0.0519,0.5279,0.0042762731631463,992.97,11.2,24.0,27.9,13806.558013,0.2542118208,9.9,0.089,31.389068367,3.0,0.307,0.0156796683,0.003757937,,,,,-19.0,
2020-10-23,2443,"-83.1183,35.9279",47029,"Tennessee, Cocke",0.134575569358178,3.63392407894001,0.0270028512327389,966,1.01373884235888,1.00922765331527,0.0124223602484472,12,0.0003354391457483,1.0,1.00707186672966,0.496647124598043,1.00548156645375,0.9475,0.1515,0.2127,0.0020685413987812,1077.09,11.2,20.3,71.7,14175.582324,0.2406857809,9.6,0.212,107.36601495,4.3,0.365,0.0200983955,0.0060379046,0.0,-2.0,,,-19.0,3.0
2020-10-23,2444,"-86.0731,35.4909",47031,"Tennessee, Coffee",0.164535853251807,5.31418312387792,0.0322980251346499,1799,1.01085934657668,1.00922765331527,0.0111172873818788,20,0.000359066427289,1.00735452613864,1.00707186672966,0.496647124598043,1.00548156645375,0.5382,0.355,0.3429,0.0033034111310592,1540.36,9.2,17.1,134.8,10314.971566,0.2235554709,10.2,0.146,82.934583943,5.0,0.32,0.0368402154,0.0047755835,-8.0,4.0,,-33.0,-18.0,2.0
2020-10-23,2445,"-89.1492,35.8183",47033,"Tennessee, Crockett",0.231631382316314,12.9815745393635,0.0560441094360692,803,1.01671997881025,1.00922765331527,0.024906600249066,20,0.001395868230039,1.00735452613864,1.00707186672966,0.496647124598043,1.00548156645375,0.7538,0.7256,0.4072,,1363.14,11.1,18.2,47.9,10579.896167,0.2288432399,10.1,0.117,30.447720552,4.0,0.401,0.1378419877,0.007467895,,,,,-21.0,
2020-10-23,2446,"-84.9984,35.9527",47035,"Tennessee, Cumberland",0.126841768097373,3.3180835553768,0.0261592344946626,1561,1.01099219186461,1.00922765331527,0.0153747597693786,24,0.0004021919461062,1.0,1.00707186672966,0.496647124598043,1.00548156645375,0.6468,0.2932,0.3187,0.0031672615755869,1412.12,9.6,29.9,87.7,9915.3041892,0.1994625774,9.3,0.15,28.2451145,5.0,0.343,0.0059323312,0.0044241114,2.0,,,20.0,-14.0,2.0
2020-10-23,2447,"-86.7865,36.1701",47037,"Tennessee, Davidson",0.0837238466107848,3.66307770720502,0.0437519040929154,30302,1.00681528293939,1.00922765331527,0.0108903702725893,330,0.0004764744357026,1.00262474414926,1.00707186672966,0.496647124598043,1.00548156645375,0.3535,0.9233,0.8125,0.0061667342875335,2086.42,11.9,11.7,1597.6,8403.7960555,0.1810689948,10.6,0.097,630.49204258,5.0,0.297,0.2709089255,0.0048715901,-20.0,-9.0,-4.0,-32.0,-38.0,10.0
2020-10-23,2448,"-88.1104,35.6005",47039,"Tennessee, Decatur",0.0972222222222222,5.38185545873911,0.0553562275756023,648,1.00938114470302,1.00922765331527,0.0169753086419753,11,0.0009396890483512,1.0,1.00707186672966,0.496647124598043,1.00548156645375,0.8064,0.1111,0.235,0.0034170510849137,1317.86,9.1,23.2,30.6,8880.8809065,0.226980111,9.7,0.157,46.45076195,3.3,0.319,0.0287886554,0.0035879036,,,,,-23.0,
2020-10-23,2449,"-85.8369,35.9762",47041,"Tennessee, DeKalb",0.111594202898551,3.82361704240739,0.0342635812891052,690,1.00790457294828,1.00922765331527,0.0246376811594203,17,0.0008441751911808,1.00869827228079,1.00707186672966,0.496647124598043,1.00548156645375,0.6675,0.212,0.3477,0.0035256728572847,1535.33,10.5,18.0,55.4,11777.979464,0.2269219063,9.7,0.171,61.129437553,4.0,0.301,0.0142516635,0.0045684775,,,,,-4.0,
2020-10-23,2450,"-87.3589,36.1467",47043,"Tennessee, Dickson",0.125311720698254,3.76080529880627,0.0300116004939565,1604,1.01087872507104,1.00922765331527,0.0118453865336658,19,0.0003554990083448,1.00775379492937,1.00707186672966,0.496647124598043,1.00548156645375,0.4962,0.4031,0.4734,0.002937544437376,1705.64,11.0,15.5,100.3,10406.790387,0.2130032911,10.2,0.145,63.56355859,5.0,0.267,0.0398720204,0.0048834337,-4.0,-1.0,,-4.0,-21.0,3.0
2020-10-23,2451,"-89.4154,36.0593",47045,"Tennessee, Dyer",0.217557251908397,12.2186495176849,0.0561629153269025,2096,1.01612223774783,1.00922765331527,0.012881679389313,27,0.0007234726688102,1.01696850489722,1.00707186672966,0.496647124598043,1.00548156645375,0.7624,0.4648,0.3951,0.0060289389067524,1473.36,9.2,16.9,72.5,11276.674914,0.2295354508,10.2,0.168,51.30442573,5.0,0.403,0.1407824223,0.0037513398,-3.0,-7.0,,12.0,-9.0,2.0
2020-10-23,2452,"-89.414,35.1962",47047,"Tennessee, Fayette",0.165109034267913,6.54207914681413,0.0396227812476856,1605,1.01431482862307,1.00922765331527,0.0137071651090343,22,0.0005431160046411,1.0066678482933,1.00707186672966,0.496647124598043,1.00548156645375,0.4799,0.4766,0.0885,,2131.44,7.1,20.0,46.7,8053.6032246,0.2030053268,10.0,0.088,44.462433169,4.0,0.351,0.2738539018,0.003801812,-3.0,,,3.0,-25.0,7.0
2020-10-23,2453,"-84.9287,36.3813",47049,"Tennessee, Fentress",0.179019384264538,8.61832354394247,0.0481418455289016,877,1.01106168327214,1.00922765331527,0.0091220068415051,8,0.0004391502442773,1.06944880005339,1.00707186672966,0.496647124598043,1.00548156645375,0.8984,0.0318,0.4814,0.0046659713454465,1078.98,7.7,20.7,34.5,10797.573372,0.2521963407,9.1,0.165,24.187865958,3.7,0.269,0.0041170335,0.0038425646,,,,,-10.0,
2020-10-23,2454,"-86.092,35.1563",47051,"Tennessee, Franklin",0.131832797427653,3.91501551682979,0.029696825017904,1244,1.00892290413507,1.00922765331527,0.0128617363344051,16,0.0003819527333492,1.01925902092718,1.00707186672966,0.496647124598043,1.00548156645375,0.4557,0.4756,0.2381,0.0041298639293387,1573.18,8.7,19.1,70.0,9255.2440876,0.219856589,10.2,0.157,42.946394259,5.0,0.359,0.0506087372,0.0043924564,-1.0,0.0,,,-12.0,1.0
2020-10-23,2455,"-88.9336,35.9944",47053,"Tennessee, Gibson",0.0802113352545629,3.40503619125293,0.0424508104801713,2082,1.00597246673398,1.00922765331527,0.0182516810758886,38,0.000774798654297,1.00775379492937,1.00707186672966,0.496647124598043,1.00548156645375,0.7433,0.4126,0.3884,0.0014272606789682,1430.95,8.8,17.7,73.7,10783.56548,0.2240518465,10.4,0.16,61.250550851,5.0,0.403,0.1789580997,0.0031195841,-4.0,-19.0,,,-14.0,3.0
2020-10-23,2456,"-87.0399,35.2022",47055,"Tennessee, Giles",0.160694896851249,5.01643900620276,0.0312171643561672,921,1.01152645011586,1.00922765331527,0.0369163952225842,34,0.0011524251771006,1.01804126125684,1.00707186672966,0.496647124598043,1.00548156645375,0.6385,0.3846,0.5944,0.0032200115242517,1417.3,9.3,19.4,47.0,10147.370818,0.215038761,10.6,0.121,26.331601398,4.0,0.348,0.1022268922,0.0044741213,-8.0,6.0,,-1.0,-16.0,3.0
2020-10-23,2457,"-83.5125,36.2747",47057,"Tennessee, Grainger",0.177858439201452,4.23417584791532,0.0238064376755239,551,1.0148440638416,1.00922765331527,0.0072595281306715,4,0.0001728235039965,1.0,1.00707186672966,0.496647124598043,1.00548156645375,0.822,0.354,0.3152,,1320.84,9.9,19.5,59.9,10311.056776,0.2287892929,10.3,0.132,38.795817649,4.0,0.326,0.0082091164,0.0042341758,,,,,-17.0,3.0
2020-10-23,2458,"-82.8469,36.1747",47059,"Tennessee, Greene",0.216316440049444,5.06607610693763,0.0234197461172145,1618,1.01729441325105,1.00922765331527,0.0315203955500618,51,0.0007381996612966,1.00869827228079,1.00707186672966,0.496647124598043,1.00548156645375,0.7309,0.1595,0.4282,0.0034738807590429,1254.25,9.4,20.8,111.6,10937.537697,0.2181138023,10.0,0.193,82.992859641,5.0,0.382,0.0211617236,0.0035607278,-6.0,-5.0,,15.0,-18.0,4.0
2020-10-23,2459,"-85.7214,35.3843",47061,"Tennessee, Grundy",0.229906542056075,9.21624456766072,0.040086917428443,535,1.01471436203833,1.00922765331527,0.0205607476635514,11,0.0008242169938558,1.0465440871019,1.00707186672966,0.496647124598043,1.00548156645375,0.9618,0.3066,0.5708,,980.07,14.6,20.4,36.9,13079.365563,0.2472753871,9.6,0.236,23.871769909,3.7,0.338,0.0056196613,0.006593736,,,,,-13.0,
2020-10-23,2460,"-83.2659,36.2199",47063,"Tennessee, Hamblen",0.110970996216898,4.08864935185615,0.0368443060911583,2379,1.00665921292681,1.00922765331527,0.0180748213535099,43,0.0006659542504917,1.0,1.00707186672966,0.496647124598043,1.00548156645375,0.8557,0.731,0.4986,0.002586380461212,1438.59,11.1,17.9,399.4,10116.52709,0.222518042,10.3,0.191,88.874935672,5.0,0.344,0.037696108,0.0087348418,-9.0,1.0,,,-16.0,3.0
2020-10-23,2461,"-85.1665,35.1767",47065,"Tennessee, Hamilton",0.0983462350457424,3.06901720077082,0.0312062500343137,11368,1.00754922579337,1.00922765331527,0.0092364532019704,105,0.0002882350680509,1.00556396931642,1.00707186672966,0.496647124598043,1.00548156645375,0.3627,0.7125,0.5887,0.0045678395546356,1990.5,8.8,16.9,726.9,8533.519005,0.19163373,10.9,0.134,285.19182902,5.0,0.294,0.1911602422,0.0054270546,-11.0,-5.0,65.0,-42.0,-28.0,7.0
2020-10-23,2462,"-83.2238,36.5269",47067,"Tennessee, Hancock",0.0265486725663717,0.458085203847916,0.0172545426782715,113,1.00127065623146,1.00922765331527,0.0265486725663717,3,0.0004580852038479,1.0,1.00707186672966,0.496647124598043,1.00548156645375,0.9513,0.1299,0.61,0.001526950679493,889.32,10.8,20.0,26.0,16550.633982,0.2524623478,9.7,0.16,12.663533909,3.0,0.328,0.0050389372,0.0039700718,,,,,,
2020-10-23,2463,"-88.9916,35.2077",47069,"Tennessee, Hardeman",0.0889621087314662,6.42347343378271,0.0722045995241871,1821,1.00710106383026,1.00922765331527,0.0175727622185612,32,0.0012688342585249,1.0,1.00707186672966,0.496647124598043,1.00548156645375,0.9592,0.5966,0.6718,0.0009912767644726,1037.28,10.0,17.5,32.0,10318.243348,0.2588919039,9.7,0.188,32.294497875,4.0,0.371,0.4188739096,0.0030531324,,,,,-26.0,
2020-10-23,2464,"-88.1859,35.1973",47071,"Tennessee, Hardin",0.147189349112426,7.7203600248293,0.0524518932340161,1352,1.01184813212017,1.00922765331527,0.0140532544378698,19,0.0007371198013656,1.0,1.00707186672966,0.496647124598043,1.00548156645375,0.8624,0.3031,0.4394,0.002250155183116,1459.43,11.4,21.9,41.8,12916.542155,0.2305268569,9.8,0.138,43.398102162,4.0,0.324,0.0325108628,0.0062849162,-8.0,-8.0,,,-17.0,5.0
2020-10-23,2465,"-82.9489,36.4436",47073,"Tennessee, Hawkins",0.192644483362522,3.89173889969927,0.0202016628338935,1142,1.01359477982042,1.00922765331527,0.021015761821366,24,0.0004245533345126,1.00609846529734,1.00707186672966,0.496647124598043,1.00548156645375,0.7713,0.1783,0.6167,0.000884486113568,1310.24,8.9,20.0,96.1,10193.963361,0.2340196927,10.4,0.162,78.828668215,4.3,0.322,0.01464709,0.0034494958,13.0,-3.0,,,-18.0,4.0
2020-10-23,2466,"-89.2854,35.5833",47075,"Tennessee, Haywood",0.0752066115702479,5.24949524084223,0.0698009806749351,1210,1.004936670706,1.00922765331527,0.0223140495867769,27,0.0015575425439861,1.01105509534937,1.00707186672966,0.496647124598043,1.00548156645375,0.8309,0.7329,0.6498,,1209.8,11.0,17.3,29.8,11519.421735,0.2416942032,10.0,0.151,20.966767487,3.7,0.466,0.5021632535,0.0044418806,,,,,-19.0,
2020-10-23,2467,"-88.386,35.6558",47077,"Tennessee, Henderson",0.0725163161711385,3.59105110065716,0.0495205946780623,1379,1.00464321891094,1.00922765331527,0.0181290790427846,25,0.0008977627751642,1.00584875104734,1.00707186672966,0.496647124598043,1.00548156645375,0.8599,0.4368,0.4308,0.0016159729952957,1405.11,8.7,17.5,49.9,10317.222857,0.2437321986,9.9,0.173,61.624286177,5.0,0.329,0.076812583,0.0033396775,-9.0,-1.0,,,-15.0,0.0
2020-10-23,2468,"-88.3012,36.3316",47079,"Tennessee, Henry",0.0965608465608466,2.25601087829903,0.023363619506768,756,1.00941508603088,1.00922765331527,0.0132275132275132,10,0.0003090425860683,1.0,1.00707186672966,0.496647124598043,1.00548156645375,0.7586,0.3031,0.2748,0.0043884047221707,1327.53,8.9,22.3,55.2,10375.5045,0.2287393693,10.4,0.181,79.260004819,5.0,0.336,0.0746646888,0.0043265962,-4.0,5.0,,,-11.0,2.0
2020-10-23,2469,"-87.4764,35.8061",47081,"Tennessee, Hickman",0.0878828229027963,2.63336392291426,0.029964489486494,751,1.00784968016547,1.00922765331527,0.0173102529960053,13,0.0005186928939073,1.0,1.00707186672966,0.496647124598043,1.00548156645375,0.7385,0.2652,0.561,0.0009974863344372,1256.87,8.5,16.4,31.2,10729.289802,0.2318079497,9.8,0.169,30.793519112,4.0,0.321,0.0488768304,0.0065036109,,,,,-22.0,4.0
2020-10-23,2470,"-87.7188,36.2887",47083,"Tennessee, Houston",0.167919799498747,8.10843519302917,0.0482875468958006,399,1.00967262279547,1.00922765331527,0.037593984962406,15,0.0018153213118722,1.00990485606307,1.00707186672966,0.496647124598043,1.00548156645375,0.7675,0.1875,0.368,0.003025535519787,1196.6,9.5,21.1,34.3,11207.596918,0.2244569195,10.0,0.117,15.360131465,3.3,0.272,0.029045141,0.0041147283,,,,,-15.0,
2020-10-23,2471,"-87.7799,36.0396",47085,"Tennessee, Humphreys",0.242924528301887,5.57178405279671,0.0229362761008331,424,1.01692568156421,1.00922765331527,0.0094339622641509,4,0.0002163799632154,1.0,1.00707186672966,0.496647124598043,1.00548156645375,0.7334,0.1277,0.1843,0.0013523747700962,1429.87,7.7,19.0,33.0,10846.708395,0.2054988083,10.0,0.099,51.945435798,4.3,0.352,0.0262901655,0.0067618739,8.0,,,,-11.0,
2020-10-23,2472,"-85.6724,36.3638",47087,"Tennessee, Jackson",0.140552995391705,5.18795713556727,0.0369110392923967,434,1.01064309218431,1.00922765331527,0.0115207373271889,5,0.0004252423881612,1.0,1.00707186672966,0.496647124598043,1.00548156645375,0.9038,0.0544,0.4556,,1026.06,11.2,21.5,30.5,9978.1604315,0.2383650751,9.8,0.135,18.172601712,3.0,0.338,0.0060384419,0.0068038782,,,,,-11.0,
2020-10-23,2473,"-83.4515,36.0482",47089,"Tennessee, Jefferson",0.138069705093834,3.81396726653336,0.0276234910760572,1492,1.00985651675303,1.00922765331527,0.0134048257372654,20,0.0003702880841294,1.01516534655549,1.00707186672966,0.496647124598043,1.00548156645375,0.5997,0.3976,0.6288,0.0010738354439754,1562.88,10.2,19.4,151.8,9384.2803886,0.2048050365,10.3,0.167,97.627216469,5.0,0.367,0.0192734948,0.0049988891,3.0,1.0,,9.0,-16.0,3.0
2020-10-23,2474,"-81.8489,36.4552",47091,"Tennessee, Johnson",0.0966875559534467,6.07492406344921,0.0628304646191923,1117,1.00751057997025,1.00922765331527,0.0062667860340197,7,0.0003937450781865,1.02226578920968,1.00707186672966,0.496647124598043,1.00548156645375,0.7736,0.1706,0.6237,0.0001124985937675,1073.95,11.3,21.9,51.1,12429.175799,0.2325133515,8.6,0.134,37.678380556,3.0,0.275,0.0229497131,0.0037124536,,-3.0,,,-11.0,
2020-10-23,2475,"-83.9464,35.9951",47093,"Tennessee, Knox",0.146295383604403,3.82772857299442,0.0261643838560551,12174,1.0095675582001,1.00922765331527,0.0072285197962871,88,0.0001891297666611,1.0066678482933,1.00707186672966,0.496647124598043,1.00548156645375,0.3137,0.6008,0.5244,0.0044982795638839,2003.51,7.8,15.1,953.3,9062.6048854,0.1971365622,10.5,0.107,290.59959354,5.0,0.307,0.0869115754,0.0035397355,-11.0,-6.0,30.0,-1.0,-25.0,5.0
2020-10-23,2476,"-89.4892,36.3418",47095,"Tennessee, Lake",0.0348717948717949,4.58777492915936,0.131561192821482,975,1.00311538555093,1.00922765331527,0.003076923076923,3,0.0004048036702199,1.0,1.00707186672966,0.496647124598043,1.00548156645375,0.9806,0.3906,0.9481,,991.69,11.3,15.2,29.5,11242.807232,0.2807895869,10.7,0.102,19.679625732,3.3,0.374,0.2849817838,0.0049925786,,,,,,
2020-10-23,2477,"-89.6302,35.7589",47097,"Tennessee, Lauderdale",0.177761521580102,9.40948693126815,0.0529332042594385,1367,1.01496511434979,1.00922765331527,0.0124359912216533,17,0.0006582768635043,1.0,1.00707186672966,0.496647124598043,1.00548156645375,0.9503,0.5995,0.9465,0.0009680542110358,1179.55,9.8,15.2,46.7,11346.304307,0.2546143307,10.2,0.204,23.110250272,4.0,0.446,0.3434656341,0.0078993224,,,,,-15.0,2.0
2020-10-23,2478,"-87.3979,35.2168",47099,"Tennessee, Lawrence",0.209698558322412,7.31696163168244,0.0348927607810857,1526,1.01573684212676,1.00922765331527,0.0117955439056356,18,0.0004115790917821,1.00819891621082,1.00707186672966,0.496647124598043,1.00548156645375,0.8745,0.4355,0.5438,0.0022636850048017,1302.7,12.8,17.6,63.9,11065.336786,0.2258083773,9.9,0.148,47.434832592,5.0,0.333,0.0173091874,0.0045502355,-12.0,2.0,,,-15.0,3.0
2020-10-23,2479,"-87.4902,35.5285",47101,"Tennessee, Lewis",0.283333333333333,8.43951679629323,0.0297865298692702,360,1.02638809625704,1.00922765331527,0.0055555555555555,2,0.0001654807214959,1.0,1.00707186672966,0.496647124598043,1.00548156645375,0.6701,0.1127,0.6208,,1143.54,10.3,20.6,37.9,11509.916413,0.2256420968,9.5,0.174,32.67223891,4.0,0.417,0.0195267251,0.005957306,,,,,-17.0,
2020-10-23,2480,"-86.5891,35.1374",47103,"Tennessee, Lincoln",0.163875598086124,4.01559339918516,0.0245039130052467,836,1.01313850175293,1.00922765331527,0.0035885167464114,3,8.79327021719377e-05,1.05963402266705,1.00707186672966,0.496647124598043,1.00548156645375,0.6013,0.4142,0.5642,0.0014362341354749,1367.71,8.4,18.8,52.5,10979.976557,0.2174692351,10.6,0.115,53.931566254,5.0,0.367,0.0672978281,0.0082949849,-11.0,,,,-12.0,2.0
2020-10-23,2481,"-84.3115,35.7394",47105,"Tennessee, Loudon",0.125798212005109,3.71319787386436,0.0295170957891959,1566,1.00636211172652,1.00922765331527,0.0063856960408684,10,0.000188487201719,1.0,1.00707186672966,0.496647124598043,1.00548156645375,0.4048,0.6348,0.3407,0.000942436008595,1990.38,10.3,25.5,196.3,9454.1511298,0.1858111437,10.6,0.167,79.949356563,5.0,0.29,0.0129867682,0.0056357673,-4.0,-6.0,,25.0,-16.0,2.0
2020-10-23,2482,"-84.6152,35.4281",47107,"Tennessee, McMinn",0.191176470588235,5.61133527259079,0.029351599887398,1564,1.01533030011665,1.00922765331527,0.0210997442455243,33,0.000619311250821,1.0044056276055,1.00707186672966,0.496647124598043,1.00548156645375,0.7637,0.4075,0.4728,0.0049169559913671,1295.93,10.6,19.2,122.4,11396.886391,0.2376583589,10.3,0.113,64.292133522,5.0,0.337,0.0362390917,0.0056113353,-8.0,1.0,,17.0,-11.0,1.0
2020-10-23,2483,"-88.5648,35.1747",47109,"Tennessee, McNairy",0.0818926296633303,3.48405078971818,0.0425441313100031,1099,1.00544625464192,1.00922765331527,0.0236578707916288,26,0.0010065035614741,1.00561868495366,1.00707186672966,0.496647124598043,1.00548156645375,0.9296,0.2706,0.347,,1104.06,10.8,20.3,42.3,11731.950192,0.2521617399,9.9,0.154,36.272539171,5.0,0.303,0.0598869619,0.0041034376,,,,4.0,-17.0,
2020-10-23,2484,"-86.0078,36.5316",47111,"Tennessee, Macon",0.098755832037325,5.23387595301875,0.0529981454770245,1286,1.00626379008355,1.00922765331527,0.0194401244167963,25,0.0010302905419328,1.01198288474998,1.00707186672966,0.496647124598043,1.00548156645375,0.7226,0.4721,0.3566,0.0010302905419328,1169.4,11.0,15.6,66.6,11416.963465,0.2352192175,10.3,0.181,31.124484806,4.3,0.346,0.0089017103,0.0077889965,,16.0,,,-13.0,1.0
2020-10-23,2485,"-88.8408,35.6118",47113,"Tennessee, Madison",0.108495670995671,4.10839608626607,0.0378669125557092,3696,1.0091376521613,1.00922765331527,0.0213744588744589,79,0.0008093847651247,1.00182151777705,1.00707186672966,0.496647124598043,1.00548156645375,0.5783,0.7612,0.7017,0.0096716356744019,1610.0,9.2,15.9,207.2,9934.2105711,0.2245490355,10.0,0.139,114.79539463,5.0,0.387,0.3743763127,0.0035039189,-12.0,-7.0,,5.0,-17.0,4.0
2020-10-23,2486,"-85.6227,35.13",47115,"Tennessee, Marion",0.165745856353591,4.1994750656168,0.025336832895888,724,1.01507635160697,1.00922765331527,0.0124309392265193,9,0.0003149606299212,1.0,1.00707186672966,0.496647124598043,1.00548156645375,0.6863,0.1452,0.2923,0.0023797025371828,1331.18,8.1,19.1,49.5,10881.427366,0.2113741589,10.2,0.2,65.478422797,4.0,0.305,0.04,0.0045494313,-6.0,4.0,,0.0,-21.0,3.0
2020-10-23,2487,"-86.7642,35.458",47117,"Tennessee, Marshall",0.195391705069124,6.29397618976932,0.0322120951221685,1085,1.01361546133594,1.00922765331527,0.008294930875576,9,0.0002671971023958,1.01696850489722,1.00707186672966,0.496647124598043,1.00548156645375,0.6315,0.5922,0.2996,0.0007422141733218,1554.17,7.5,15.6,82.0,8982.594289,0.2194463579,10.4,0.114,47.111604105,4.3,0.379,0.0647210759,0.0043642193,1.0,,,10.0,-18.0,5.0
2020-10-23,2488,"-87.0746,35.6187",47119,"Tennessee, Maury",0.156737814590634,5.21517913928344,0.0332732669069324,3139,1.01267964069727,1.00922765331527,0.0117871933736859,37,0.0003921984312062,1.01215288021427,1.00707186672966,0.496647124598043,1.00548156645375,0.3844,0.5581,0.3792,0.0027029891880432,1811.12,8.7,15.3,144.2,8509.1007352,0.209946911,10.0,0.105,86.045749568,5.0,0.325,0.1163769345,0.0049395802,-13.0,-6.0,,-5.0,-24.0,5.0
2020-10-23,2489,"-84.8148,35.5156",47121,"Tennessee, Meigs",0.166666666666667,4.0630586705672,0.0243783520234032,300,1.01570361086506,1.00922765331527,0.0166666666666667,5,0.0004063058670567,1.03239118471,1.00707186672966,0.496647124598043,1.00548156645375,0.7911,0.2143,0.2299,,1176.35,10.4,20.6,47.3,11907.762977,0.2199891996,10.2,0.158,21.789158699,3.3,0.354,0.0151145783,0.0088574679,,,,,-13.0,
2020-10-23,2490,"-84.249,35.4455",47123,"Tennessee, Monroe",0.160573476702509,4.83206419742434,0.0300925426580667,1395,1.0143019613837,1.00922765331527,0.0200716845878136,28,0.000604008024678,1.04195362743721,1.00707186672966,0.496647124598043,1.00548156645375,0.8946,0.2856,0.3416,0.0012727311948573,1294.65,9.2,20.4,68.2,10595.418687,0.2255378449,10.7,0.112,53.524312558,5.0,0.327,0.0195224022,0.0064283711,2.0,8.0,,,-14.0,4.0
2020-10-23,2491,"-87.3855,36.4961",47125,"Tennessee, Montgomery",0.151454363089268,2.93275066763778,0.0193639232823501,3988,1.01162717992146,1.00922765331527,0.0127883650952859,51,0.0002476329206117,1.0,1.00707186672966,0.496647124598043,1.00548156645375,0.4618,0.6947,0.3174,0.0015100752609856,1924.18,8.0,8.9,315.5,8744.8026836,0.2247801234,9.6,0.11,123.32179789,5.0,0.343,0.1984559359,0.007414421,-10.0,-5.0,-2.0,-18.0,-21.0,6.0
2020-10-23,2492,"-86.3623,35.2772",47127,"Tennessee, Moore",0.18503937007874,7.33114958664795,0.0396194041491187,254,1.01554655794079,1.00922765331527,0.0078740157480315,2,0.0003119638121977,1.10408951367381,1.00707186672966,0.496647124598043,1.00548156645375,0.3003,0.0853,0.107,,1735.91,9.5,21.4,42.5,7124.0444635,0.1872163515,10.2,0.136,30.027719553,5.0,0.249,0.026516924,0.0034316019,,,,,-11.0,
2020-10-23,2493,"-84.6488,36.1325",47129,"Tennessee, Morgan",0.158767772511848,3.10487047592567,0.019556049863293,422,1.01095929706136,1.00922765331527,0.0165876777251185,7,0.0003243894527086,1.02226578920968,1.00707186672966,0.496647124598043,1.00548156645375,0.8994,0.2079,0.7689,,1367.79,10.2,16.5,30.0,11882.127476,0.2480367876,9.4,0.208,22.322488729,3.3,0.361,0.0364706428,0.0053292553,,,,,-19.0,
2020-10-23,2494,"-89.1492,36.3573",47131,"Tennessee, Obion",0.141835518474374,7.86334952258235,0.0554399180625764,1678,1.0086338818036,1.00922765331527,0.0119189511323004,20,0.0006607856741665,1.01516534655549,1.00707186672966,0.496647124598043,1.00548156645375,0.7952,0.5247,0.4253,0.0045263818680411,1297.41,9.3,19.6,55.2,8759.6303838,0.2413034609,10.9,0.156,51.118195019,4.3,0.379,0.1058909043,0.0034360855,0.0,-1.0,,,-15.0,3.0
2020-10-23,2495,"-85.2899,36.3412",47133,"Tennessee, Overton",0.2068669527897,10.920790284575,0.0527913721225304,1165,1.0142694677533,1.00922765331527,0.0103004291845494,12,0.0005437737901033,1.01250777270301,1.00707186672966,0.496647124598043,1.00548156645375,0.707,0.0729,0.4218,0.0051658510059815,1169.2,8.6,19.8,43.4,10101.224882,0.2271977482,9.5,0.132,48.739147151,4.0,0.387,0.0061627696,0.0041236179,,13.0,,,-16.0,
2020-10-23,2496,"-87.8614,35.6371",47135,"Tennessee, Perry",0.363984674329502,11.780753968254,0.0323660714285714,261,1.05790540062508,1.00922765331527,0.003831417624521,1,0.0001240079365079,1.0,1.00707186672966,0.496647124598043,1.00548156645375,0.8449,0.1041,0.6434,0.0065724206349206,1008.38,16.1,20.4,18.3,12482.977168,0.2430811179,9.5,0.164,23.60528231,3.0,0.289,0.0243055556,0.0080605159,,,,,-19.0,
2020-10-23,2497,"-85.0776,36.5561",47137,"Tennessee, Pickett",0.28968253968254,14.3644234553325,0.0495867768595041,252,1.01958962730078,1.00922765331527,0.0277777777777778,7,0.0013774104683195,1.12867293805389,1.00707186672966,0.496647124598043,1.00548156645375,0.6857,0.0455,0.377,,1223.98,4.0,26.5,25.6,8874.3082876,0.207888969,9.2,0.162,15.215452728,3.0,0.312,0.0021645022,0.0035419126,,,,,,
2020-10-23,2498,"-84.5208,35.1225",47139,"Tennessee, Polk",0.093167701863354,2.66303704580424,0.0285832642916321,483,1.00984086513212,1.00922765331527,0.0269151138716356,13,0.0007693218132323,1.0,1.00707186672966,0.496647124598043,1.00548156645375,0.7809,0.0646,0.361,,1437.58,11.2,20.1,33.1,10839.09203,0.2186348332,9.7,0.16,29.68109974,3.7,0.344,0.0069830749,0.0057403243,,,,,-11.0,
2020-10-23,2499,"-85.5065,36.1401",47141,"Tennessee, Putnam",0.134132017852948,7.24224090914856,0.053993379247365,4257,1.01082323271822,1.00922765331527,0.0126849894291755,54,0.0006849054449982,1.00819891621082,1.00707186672966,0.496647124598043,1.00548156645375,0.7127,0.5689,0.546,0.0031328082391588,1458.72,8.3,16.5,215.1,8904.1490271,0.2369779415,9.6,0.114,95.070616573,5.0,0.283,0.0215745215,0.0074959096,-3.0,0.0,,10.0,-15.0,4.0
2020-10-23,2500,"-84.9308,35.6054",47143,"Tennessee, Rhea",0.126058325493885,4.05519912843481,0.032169228906912,1063,1.00905461899855,1.00922765331527,0.0150517403574788,16,0.0004842028810071,1.0,1.00707186672966,0.496647124598043,1.00548156645375,0.8933,0.5272,0.5005,0.0007565670015736,1410.57,9.6,17.9,107.2,10664.35391,0.2341252998,9.8,0.208,64.095148506,5.0,0.378,0.0205786224,0.0056288585,5.0,-1.0,,,-20.0,1.0
2020-10-23,2501,"-84.5246,35.8492",47145,"Tennessee, Roane",0.174161896974652,4.00828001505457,0.0230146782085058,1223,1.01226072259513,1.00922765331527,0.0057236304170073,7,0.0001317275122318,1.02226578920968,1.00707186672966,0.496647124598043,1.00548156645375,0.5525,0.2127,0.4132,0.0010161836657884,1646.61,7.8,22.0,125.3,10808.274519,0.1995539041,10.0,0.156,78.094213166,5.0,0.341,0.0259126835,0.0045540083,1.0,-8.0,,,-27.0,3.0
2020-10-23,2502,"-86.8735,36.5245",47147,"Tennessee, Robertson",0.07686243594797,2.74601475806906,0.0357263561088267,2537,1.00682720684153,1.00922765331527,0.0161608198659834,41,0.0005773672055427,1.00716992752008,1.00707186672966,0.496647124598043,1.00548156645375,0.4309,0.6227,0.2671,0.0015349518391257,1921.92,8.6,14.1,127.8,8552.8978312,0.198064669,10.9,0.106,93.011751832,5.0,0.341,0.0733256351,0.006210218,5.0,7.0,,4.0,-18.0,5.0
2020-10-23,2503,"-86.4107,35.8459",47149,"Tennessee, Rutherford",0.10874578676601,3.77358490566038,0.0347009757148573,11274,1.00834328429092,1.00922765331527,0.0097569629235408,110,0.0003385761334605,1.0066678482933,1.00707186672966,0.496647124598043,1.00548156645375,0.2771,0.7927,0.2824,0.0012157961156083,2151.53,8.6,10.0,484.5,7214.2318823,0.1886319038,11.2,0.108,137.21205347,5.0,0.359,0.1538951645,0.0055218689,-11.0,-6.0,71.0,2.0,-26.0,7.0
2020-10-23,2504,"-84.5036,36.4233",47151,"Tennessee, Scott",0.247863247863248,3.94754752937974,0.0159263124461182,351,1.02317045203282,1.00922765331527,0.0113960113960114,4,0.0001814964381324,1.04195362743721,1.00707186672966,0.496647124598043,1.00548156645375,0.9433,0.0232,0.4005,0.0011343527383275,1124.21,10.4,16.2,39.1,13262.585227,0.2582043676,9.3,0.131,46.140624113,3.7,0.421,0.0021325831,0.0033576841,,2.0,,,-20.0,
2020-10-23,2505,"-85.4102,35.3698",47153,"Tennessee, Sequatchie",0.203647416413374,4.50389889755311,0.0221161602581339,329,1.01278785792641,1.00922765331527,0.0121580547112462,4,0.000268889486421,1.0,1.00707186672966,0.496647124598043,1.00548156645375,0.7175,0.2311,0.3916,,1474.13,11.6,19.5,45.3,9023.8767488,0.2149581157,9.7,0.127,62.14708072,4.0,0.379,0.0059155687,0.0063189029,,11.0,,,-13.0,
2020-10-23,2506,"-83.5224,35.7808",47155,"Tennessee, Sevier",0.118481950015427,3.92269031177216,0.0331079148449311,3241,1.00899874517374,1.00922765331527,0.0064794816414686,21,0.000214522126425,1.0069943706001,1.00707186672966,0.496647124598043,1.00548156645375,0.6452,0.574,0.5056,0.0008070118089322,1571.43,15.3,18.6,157.8,9616.0447756,0.2147980237,10.1,0.151,111.06327948,5.0,0.443,0.0110427818,0.006292649,64.0,16.0,271.0,,-11.0,0.0
2020-10-23,2507,"-89.8969,35.1865",47157,"Tennessee, Shelby",0.0748595666628454,2.79130208043909,0.0372871792460492,34892,1.00607769174031,1.00922765331527,0.0159922045167947,558,0.0005963041963572,1.00284835744907,1.00707186672966,0.496647124598043,1.00548156645375,0.6408,0.8968,0.6972,0.0044231237790725,1904.12,11.5,12.7,1302.7,10311.616784,0.2009696785,9.5,0.12,374.67234899,5.0,0.355,0.5364814205,0.0033640961,-19.0,-13.0,-7.0,-24.0,-30.0,8.0
2020-10-23,2508,"-85.9541,36.2536",47159,"Tennessee, Smith",0.134095634095634,6.46875940226657,0.0482398956975228,962,1.00844575160264,1.00922765331527,0.0124740124740125,12,0.0006017450606759,1.0,1.00707186672966,0.496647124598043,1.00548156645375,0.4646,0.0876,0.1589,0.0017550897603048,1477.3,7.6,16.1,53.9,10377.19482,0.2215439769,10.0,0.163,58.852789378,4.0,0.3,0.0222645672,0.0047136696,,,,28.0,-26.0,4.0
2020-10-23,2509,"-87.8392,36.5024",47161,"Tennessee, Stewart",0.163461538461538,3.76078460290539,0.023007152864833,312,1.00706355130837,1.00922765331527,0.0256410256410256,8,0.0005899269965341,1.01925902092718,1.00707186672966,0.496647124598043,1.00548156645375,0.7404,0.1407,0.1445,,1349.13,7.9,19.7,23.1,10488.230803,0.2070366223,10.3,0.105,27.715132268,4.0,0.269,0.0168866603,0.0075953101,,,,,-11.0,
2020-10-23,2510,"-82.3041,36.5124",47163,"Tennessee, Sullivan",0.257142857142857,5.53695106172464,0.0215325874622625,3395,1.02206520725213,1.00922765331527,0.0135493372606775,46,0.0002917522896212,1.01308078292908,1.00707186672966,0.496647124598043,1.00548156645375,0.592,0.1971,0.6049,0.0069259456579648,1625.76,8.4,21.1,395.1,9532.6223916,0.2209968758,10.2,0.148,147.97941186,5.0,0.34,0.0219638735,0.0036976431,-6.0,-11.0,,-4.0,-22.0,4.0
2020-10-23,2511,"-86.4592,36.4682",47165,"Tennessee, Sumner",0.106945404284727,3.30752502017109,0.0309272291062202,5788,1.00921593140067,1.00922765331527,0.0186592950932965,108,0.0005770802943109,1.00267387315523,1.00707186672966,0.496647124598043,1.00548156645375,0.1739,0.5457,0.1815,0.0025273979556396,2281.32,8.5,15.2,295.3,7447.1234734,0.1813670044,10.8,0.083,133.35521898,5.0,0.311,0.077066936,0.0039487253,-9.0,-1.0,52.0,,-25.0,6.0
2020-10-23,2512,"-89.7369,35.5019",47167,"Tennessee, Tipton",0.120796460176991,4.43318556048132,0.0366996313798087,2260,1.00897354162283,1.00922765331527,0.0097345132743362,22,0.0003572530488299,1.0,1.00707186672966,0.496647124598043,1.00548156645375,0.5803,0.4661,0.1429,0.0016238774946818,1864.53,9.1,13.8,97.3,9869.2997246,0.2123710326,10.1,0.168,43.543109451,5.0,0.324,0.1828810835,0.0047254835,-6.0,-8.0,,,-24.0,6.0
2020-10-23,2513,"-86.1609,36.3903",47169,"Tennessee, Trousdale",0.0279840091376356,4.44969124591355,0.159008354522339,1751,1.00280513725361,1.00922765331527,0.0039977155910908,7,0.0006356701779876,1.0,1.00707186672966,0.496647124598043,1.00548156645375,0.8127,0.4177,0.2862,0.0022702506356701,1390.24,13.2,14.1,61.7,10394.725509,0.2307084271,10.1,0.063,24.753242496,3.3,0.224,0.114148202,0.0059934617,,,,,-19.0,
2020-10-23,2514,"-82.4371,36.1089",47171,"Tennessee, Unicoi",0.21875,4.72946343111311,0.0216204042565171,384,1.02188604687923,1.00922765331527,0.0052083333333333,2,0.0001126062721693,1.10408951367381,1.00707186672966,0.496647124598043,1.00548156645375,0.851,0.4078,0.5317,0.0011260627216936,1218.66,10.1,23.2,93.0,11921.304533,0.2188861022,8.8,0.187,82.303272923,4.0,0.33,0.0042227352,0.0051798885,,-1.0,,,-20.0,
2020-10-23,2515,"-83.8365,36.2859",47173,"Tennessee, Union",0.154738878143133,4.06338886631451,0.0262596505485575,517,1.01248234111596,1.00922765331527,0.0058027079303675,3,0.0001523770824867,1.05963402266705,1.00707186672966,0.496647124598043,1.00548156645375,0.9217,0.0665,0.6195,,1161.28,11.0,17.5,61.6,11042.249517,0.2515003554,10.0,0.181,25.191172774,5.0,0.339,0.0046221048,0.0050792361,,,,,-5.0,
2020-10-23,2516,"-85.4522,35.6986",47175,"Tennessee, Van Buren",0.116751269035533,3.98959236773634,0.0341717259323504,197,1.00824192994534,1.00922765331527,0.0050761421319797,1,0.0001734605377276,1.0,1.00707186672966,0.496647124598043,1.00548156645375,0.9255,0.0175,0.525,,1277.9,14.8,22.1,17.7,11926.665998,0.2237161463,9.2,0.139,13.179571904,3.0,0.316,0.0074588031,0.0038161318,,,,,,
2020-10-23,2517,"-85.7797,35.6728",47177,"Tennessee, Warren",0.149242970439798,5.06384852487891,0.0339302314203239,1387,1.01130944260308,1.00922765331527,0.0072098053352559,10,0.0002446303635207,1.01516534655549,1.00707186672966,0.496647124598043,1.00548156645375,0.843,0.6323,0.4397,0.003057879544009,1298.9,12.8,17.1,93.7,9974.9184099,0.2413918929,9.6,0.185,60.796795645,5.0,0.381,0.0323890601,0.0050883116,1.0,-12.0,,,-13.0,2.0
2020-10-23,2518,"-82.4945,36.2947",47179,"Tennessee, Washington",0.200863930885529,5.06193286524062,0.0252008055549076,3241,1.01828081099855,1.00922765331527,0.0141931502622647,46,0.0003576788199709,1.01308078292908,1.00707186672966,0.496647124598043,1.00548156645375,0.4331,0.32,0.7268,0.0051707916365361,1693.11,8.9,17.5,417.1,9375.4174903,0.2044617665,9.9,0.124,148.93584073,5.0,0.31,0.0430147659,0.0044010046,-11.0,-6.0,,-20.0,-22.0,5.0
2020-10-23,2519,"-87.7864,35.2387",47181,"Tennessee, Wayne",0.0197578075207138,1.87220678825945,0.0947578209928735,1569,1.00211187309582,1.00922765331527,0.0044614404079031,7,0.0004227563715424,1.0,1.00707186672966,0.496647124598043,1.00548156645375,0.8866,0.1837,0.879,0.0048315013890566,1106.48,12.0,18.8,19.1,9775.7562891,0.2466794512,9.7,0.15,24.818970049,3.0,0.347,0.0634134557,0.0041671699,,,,,-17.0,
2020-10-23,2520,"-88.7199,36.299",47183,"Tennessee, Weakley",0.0933878663940014,4.09995510998055,0.0439024390243902,1467,1.00670052913129,1.00922765331527,0.0170415814587594,25,0.0007481669908723,1.01198288474998,1.00707186672966,0.496647124598043,1.00548156645375,0.7777,0.347,0.6956,0.0029926679634894,1219.91,9.9,17.7,53.3,9601.9455599,0.221573614,10.6,0.107,31.83497396,4.3,0.386,0.075295526,0.0044291486,-11.0,5.0,,,-20.0,3.0
2020-10-23,2521,"-85.4559,35.9293",47185,"Tennessee, White",0.150044130626655,6.27144280075257,0.0417973217250157,1133,1.01342797262474,1.00922765331527,0.0123565754633716,14,0.0005164717600619,1.0,1.00707186672966,0.496647124598043,1.00548156645375,0.8401,0.1086,0.376,0.0022134504002656,1118.91,11.4,19.8,66.0,10250.061703,0.2343519117,9.5,0.217,43.379405517,4.0,0.314,0.017523149,0.0052016084,-2.0,,,,-14.0,2.0
2020-10-23,2522,"-86.8928,35.891",47187,"Tennessee, Williamson",0.142458100558659,4.18160868946053,0.0293532531534681,6802,1.01161010537387,1.00922765331527,0.0080858571008526,55,0.000237346210444,1.02270909647681,1.00707186672966,0.496647124598043,1.00548156645375,0.0064,0.5002,0.0462,0.000798346344221,3922.79,4.5,12.4,454.2,4093.8421383,0.152562019,11.0,0.079,123.12751762,5.0,0.216,0.0433739411,0.0027359545,-14.0,-11.0,86.0,-5.0,-40.0,10.0
2020-10-23,2523,"-86.2978,36.155",47189,"Tennessee, Wilson",0.134249003101462,4.30933333333333,0.0320995555555556,4514,1.0111805875937,1.00922765331527,0.012184315463004,55,0.0003911111111111,1.00804496919444,1.00707186672966,0.496647124598043,1.00548156645375,0.1156,0.5501,0.1582,0.0034844444444444,2326.47,6.3,15.1,214.9,7063.4256773,0.1818066823,11.1,0.11,104.44303277,5.0,0.372,0.0707697778,0.0049635556,-10.0,3.0,63.0,17.0,-26.0,7.0
2020-10-23,2524,"-95.6535,31.8153",48001,"Texas, Anderson",0.0259032038173142,1.30905833921835,0.0505365416745612,2934,1.00151857968732,1.0061545964614,0.0132924335378323,39,0.0006717536214409,1.0037176772541,1.00398200653206,0.310991122696119,1.0076240062991,0.6596,0.8634,0.978,0.0014813028575365,1418.31,14.5,14.2,45.3,10927.038043,0.173863208,9.9,0.104,71.489005628,5.0,0.365,0.2095871299,0.006975903,-7.0,-8.0,,-44.0,-13.0,5.0
2020-10-23,2525,"-102.6377,32.3047",48003,"Texas, Andrews",0.158730158730159,4.96469549867608,0.0312775816416593,567,1.01299572870933,1.0061545964614,0.017636684303351,10,0.0005516328331862,1.0,1.00398200653206,0.310991122696119,1.0076240062991,0.428,0.9694,0.4323,0.0018755516328331,2129.6,19.8,10.3,11.5,7137.5099015,0.134363002,7.3,0.067,107.38453033,4.0,0.349,0.0133495146,0.0152250662,-31.0,,,29.0,-26.0,
2020-10-23,2526,"-94.609,31.2546",48005,"Texas, Angelina",0.0316205533596838,0.826711982730905,0.0261447664538649,2277,1.00356365508317,1.0061545964614,0.0395256916996047,90,0.0010333899784136,1.0065157606758,1.00398200653206,0.310991122696119,1.0076240062991,0.8414,0.9007,0.9452,0.0048224865659302,1538.11,18.8,15.6,106.2,8913.8128605,0.1585696582,9.8,0.143,133.39580743,5.0,0.407,0.1483373903,0.0075896753,-16.0,-8.0,,3.0,-18.0,5.0
2020-10-23,2527,"-96.9995,28.1056",48007,"Texas, Aransas",0.0147058823529412,0.210154673839946,0.0142905178211163,340,1.0,1.0061545964614,0.0529411764705882,18,0.0007565568258238,1.0,1.00398200653206,0.310991122696119,1.0076240062991,0.6248,0.8166,0.8169,,1833.67,20.0,26.6,93.5,8770.4408974,0.1415745233,9.3,0.187,4.7679721617,5.0,0.405,0.0126092804,0.0123570948,-8.0,-9.0,3.0,,-20.0,3.0
2020-10-23,2528,"-98.6875,33.6157",48009,"Texas, Archer",0.330827067669173,5.00796722057819,0.0151377190985659,133,1.03434649907336,1.0061545964614,0.0075187969924812,1,0.0001138174368313,1.0,1.00398200653206,0.310991122696119,1.0076240062991,0.1306,0.4769,0.0309,,1956.22,12.9,19.3,7.3,8253.2505241,0.1406260699,8.5,0.115,19.66073537,3.3,0.268,0.0086501252,0.0147962668,,,,,-19.0,
2020-10-23,2529,"-101.3575,34.9651",48011,"Texas, Armstrong",0.318181818181818,3.69978858350951,0.0116279069767442,22,1.02908210240756,1.0061545964614,0.0454545454545455,1,0.0005285412262156,1.0,1.00398200653206,0.310991122696119,1.0076240062991,0.1223,0.453,0.2735,,2106.82,7.3,20.9,1.6,7088.7329639,0.1174955027,6.8,0.092,99.181780328,3.0,0.293,0.0084566596,0.0147991543,,,,,,
2020-10-23,2530,"-98.5273,28.8933",48013,"Texas, Atascosa",0.0244479495268139,0.616179685947128,0.0252037368316438,1268,1.0015873175719,1.0061545964614,0.027602523659306,35,0.0006956867421983,1.0041496628021,1.00398200653206,0.310991122696119,1.0076240062991,0.7822,0.9551,0.6192,0.0013317431922083,1626.84,17.9,14.2,37.5,7753.5547113,0.143944699,9.6,0.171,90.269469696,4.0,0.367,0.007414033,0.013138541,-11.0,-18.0,,-34.0,-22.0,7.0
2020-10-23,2531,"-96.2774,29.8855",48015,"Texas, Austin",0.0117878192534381,0.200073360232085,0.0169728900596886,509,1.00084483485253,1.0061545964614,0.0176817288801572,9,0.0003001100403481,1.0,1.00398200653206,0.310991122696119,1.0076240062991,0.3675,0.8991,0.4021,0.0010670579212377,2041.27,13.9,18.2,42.6,7371.1545231,0.135605543,10.2,0.104,108.78957243,5.0,0.315,0.0861982727,0.0079695888,-5.0,7.0,,,-18.0,6.0
2020-10-23,2532,"-102.83,34.0685",48017,"Texas, Bailey",0.132841328413284,5.12309662729472,0.0385655329443575,271,1.01101246447624,1.0061545964614,0.018450184501845,5,0.0007115411982353,1.0,1.00398200653206,0.310991122696119,1.0076240062991,0.6153,0.9863,0.5769,0.0035577059911768,1386.53,21.2,14.1,8.3,9061.6555016,0.1625368837,6.8,0.061,102.1131142,3.0,0.313,0.0125231251,0.0335847446,,,,,-23.0,
2020-10-23,2533,"-99.246,29.7462",48019,"Texas, Bandera",0.0486486486486487,0.394321766561514,0.00810550297932,185,1.00552553473418,1.0061545964614,0.0432432432432432,8,0.0003505082369435,1.0,1.00398200653206,0.310991122696119,1.0076240062991,0.4713,0.652,0.3448,,2031.41,17.3,25.9,24.5,7555.7172342,0.1366331544,8.9,0.086,14.733772171,4.0,0.299,0.0090694006,0.0130126183,,,,,-20.0,7.0
2020-10-23,2534,"-97.3121,30.1037",48021,"Texas, Bastrop",0.0450404858299595,1.02327078734364,0.0227189109639441,1976,1.00337061011808,1.0061545964614,0.0156882591093117,31,0.0003564201618837,1.0,1.00398200653206,0.310991122696119,1.0076240062991,0.564,0.9354,0.8032,0.0035067144959529,2227.32,16.3,14.2,80.7,7880.3177804,0.1563321306,10.1,0.117,72.291028992,5.0,0.384,0.0667310522,0.0197180831,-10.0,-1.0,-16.0,,-27.0,5.0
2020-10-23,2535,"-99.2135,33.6164",48023,"Texas, Baylor",0.186046511627907,2.23338916806253,0.0120044667783361,43,1.01404608493983,1.0061545964614,0.0465116279069767,2,0.0005583472920156,1.0,1.00398200653206,0.310991122696119,1.0076240062991,0.3045,0.2174,0.0293,0.013679508654383,1482.01,14.6,24.3,4.2,11359.325779,0.142415964,7.8,0.117,65.137527832,3.0,0.266,0.0254048018,0.0083752094,,,,,,
2020-10-23,2536,"-97.7422,28.4176",48025,"Texas, Bee",0.0065288356909684,0.36824500567711,0.0564028600362108,1838,1.0005452569187,1.0061545964614,0.0212187159956474,39,0.0011967962684506,1.0075488835911,1.00398200653206,0.310991122696119,1.0076240062991,0.9634,0.9296,0.972,0.0021174087826433,1474.31,19.2,11.9,29.5,8266.9657796,0.1576524862,9.4,0.133,68.523272847,4.0,0.307,0.0832847455,0.0092061251,-20.0,-14.0,,,-26.0,6.0
2020-10-23,2537,"-97.4785,31.0374",48027,"Texas, Bell",0.0701924632055636,1.2203283076802,0.0173854606598771,6183,1.00528547751337,1.0061545964614,0.0155264434740417,96,0.0002699343722057,1.003012157342,1.00398200653206,0.310991122696119,1.0076240062991,0.5312,0.8959,0.8405,0.0031885997716805,1727.47,12.1,10.3,349.6,7306.7287534,0.1517941478,10.1,0.111,229.50572327,5.0,0.348,0.2215739423,0.0106849022,-11.0,-3.0,18.0,13.0,-22.0,5.0
2020-10-23,2538,"-98.5202,29.4493",48029,"Texas, Bexar",0.0732808448151967,2.36197596333222,0.0322318331521528,64014,1.00867548229504,1.0061545964614,0.0216515137313713,1386,0.0006978679780811,1.00166011374102,1.00398200653206,0.310991122696119,1.0076240062991,0.6048,0.9733,0.781,0.003211904640822,1914.59,15.2,11.6,1637.3,6963.3711995,0.1489929757,10.4,0.085,511.30667288,5.0,0.286,0.0736190295,0.0122026194,-19.0,-7.0,-20.0,-27.0,-32.0,9.0
2020-10-23,2539,"-98.4,30.2664",48031,"Texas, Blanco",0.0569620253164557,0.769099299265083,0.013501965475987,158,1.00460444110214,1.0061545964614,0.0379746835443038,6,0.0005127328661767,1.0,1.00398200653206,0.310991122696119,1.0076240062991,0.2258,0.7367,0.2069,,2218.59,16.6,23.9,15.4,6887.0400959,0.133943886,8.9,0.124,91.621404866,3.7,0.294,0.0108528457,0.0129037771,,,,,-25.0,
2020-10-23,2540,"-101.4317,32.7436",48033,"Texas, Borden",0.5,1.54320987654321,0.0030864197530864,2,1.10408951367381,1.0061545964614,0.0,0,0.0,,1.00398200653206,0.310991122696119,1.0076240062991,0.0172,0.148,0.0073,,2388.1,5.5,26.0,0.7,,0.1064309217,7.1,0.165,3.1185533379,,0.271,0.0092592593,0.0077160494,,,,,,
2020-10-23,2541,"-97.6361,31.8998",48035,"Texas, Bosque",0.0786802030456853,1.6585522443957,0.0210796640094163,394,1.00518190222137,1.0061545964614,0.0253807106598985,10,0.0005350168530308,1.01516534655549,1.00398200653206,0.310991122696119,1.0076240062991,0.5029,0.7514,0.3852,0.0013375421325771,1687.18,17.3,24.4,16.8,9705.3640013,0.1426907157,9.5,0.105,52.81147468,3.7,0.318,0.0166390241,0.008667273,,,,,-17.0,
2020-10-23,2542,"-94.4183,33.4463",48037,"Texas, Bowie",0.143831722569642,2.68224417963615,0.0186484881896442,1759,1.01138397410783,1.0061545964614,0.0409323479249574,72,0.0007633264068529,1.01033496917578,1.00398200653206,0.310991122696119,1.0076240062991,0.6354,0.7475,0.9806,0.0072303973538017,1697.84,13.8,16.0,107.0,9530.0864197,0.1714611872,10.0,0.148,162.31729385,5.0,0.473,0.249522921,0.0105699504,-15.0,-2.0,,7.0,-16.0,4.0
2020-10-23,2543,"-95.4456,29.1876",48039,"Texas, Brazoria",0.0342007434944238,1.11831442463533,0.0326985413290113,12105,1.00250319157052,1.0061545964614,0.0149524989673689,181,0.0004889249054565,1.00319757260524,1.00398200653206,0.310991122696119,1.0076240062991,0.2465,0.9322,0.7867,0.0009643435980551,2633.77,14.0,11.3,227.9,6206.4306476,0.1340695671,11.4,0.105,86.293778862,5.0,0.282,0.1395056726,0.0082874122,-9.0,-9.0,26.0,-13.0,-25.0,9.0
2020-10-23,2544,"-96.3021,30.6636",48041,"Texas, Brazos",0.0779044516829533,2.53133296289436,0.0324927896700447,7368,1.00569201807888,1.0061545964614,0.008957654723127,66,0.0002910591908554,1.00218344770505,1.00398200653206,0.310991122696119,1.0076240062991,0.5955,0.921,0.914,0.0023681634165057,1647.34,12.3,8.6,405.2,4877.9487222,0.1415272809,10.1,0.08,275.71775389,5.0,0.291,0.1042873901,0.0067428713,-20.0,-2.0,-7.0,-29.0,-28.0,10.0
2020-10-23,2545,"-103.252,29.8101",48043,"Texas, Brewster",0.0934959349593496,2.48192511060753,0.0265458077047588,246,1.00058207296557,1.0061545964614,0.0203252032520325,5,0.0005395489370885,1.0,1.00398200653206,0.310991122696119,1.0076240062991,0.4213,0.8781,0.745,0.0026977446854429,1623.88,16.0,21.6,1.7,8207.7134385,0.1444122341,6.3,0.12,77.868731579,3.0,0.259,0.0123017158,0.0171576562,,,,,-13.0,
2020-10-23,2546,"-101.2085,34.5303",48045,"Texas, Briscoe",0.25,3.29815303430079,0.0131926121372032,20,1.03239118471,1.0061545964614,0.05,1,0.0006596306068601,1.0,1.00398200653206,0.310991122696119,1.0076240062991,0.593,0.9172,0.0614,,1369.58,23.1,23.5,1.7,4713.9212376,0.1433374871,6.9,0.102,6.1631267394,,0.26,0.0336411609,0.0079155673,,,,,,
2020-10-23,2547,"-98.2181,27.031",48047,"Texas, Brooks",0.0351906158357771,1.68681473151532,0.0479336519538937,341,,1.0061545964614,0.0674486803519062,23,0.0032330615687377,1.0,1.00398200653206,0.310991122696119,1.0076240062991,0.999,0.994,0.9914,,952.93,22.5,15.5,8.1,8970.8628617,0.1820300233,8.6,0.119,218.06908468,3.0,0.369,0.00534158,0.0064661231,,,,-45.0,-25.0,
2020-10-23,2548,"-98.9991,31.7743",48049,"Texas, Brown",0.0814132104454685,1.3975319059171,0.0171659107689062,651,1.00583955446365,1.0061545964614,0.043010752688172,28,0.0007383187427486,1.01064309218431,1.00398200653206,0.310991122696119,1.0076240062991,0.479,0.7692,0.6931,0.0051154941461871,1552.39,14.5,19.1,42.3,9384.3393506,0.1515666042,8.3,0.127,124.33261467,5.0,0.386,0.0354656682,0.0085697711,-5.0,-3.0,,,-14.0,3.0
2020-10-23,2549,"-96.6216,30.4927",48051,"Texas, Burleson",0.155092592592593,3.64348251672195,0.023492305182446,432,1.00997643990744,1.0061545964614,0.0138888888888889,6,0.0003262820164228,1.0,1.00398200653206,0.310991122696119,1.0076240062991,0.5248,0.8402,0.4709,0.0013595084017619,1730.92,15.2,20.3,23.7,8224.0721368,0.1407257299,9.8,0.048,137.28368799,3.0,0.384,0.1246397303,0.0107129262,,,,,-17.0,
2020-10-23,2550,"-98.1819,30.788",48053,"Texas, Burnet",0.0840140023337223,1.514450380716,0.0180261663371335,857,1.00184721242613,1.0061545964614,0.015169194865811,13,0.0002734424298515,1.01150029829051,1.00398200653206,0.310991122696119,1.0076240062991,0.2927,0.7822,0.4479,0.0014934163476505,2047.29,15.3,21.7,46.8,6882.3203262,0.1338204053,9.1,0.178,72.88696199,5.0,0.313,0.0179840983,0.0119262967,-8.0,-4.0,,,-22.0,3.0
2020-10-23,2551,"-97.6181,29.8367",48055,"Texas, Caldwell",0.0261127596439169,1.01741161236618,0.0389622401553865,1685,1.00093609382503,1.0061545964614,0.0219584569732938,37,0.0008555506740351,1.0,1.00398200653206,0.310991122696119,1.0076240062991,0.6169,0.9583,0.9631,0.0005780747797535,1647.64,23.4,13.4,64.5,8696.0903756,0.1543705445,10.1,0.106,60.558786965,4.0,0.391,0.0573218952,0.0155617731,-10.0,5.0,,0.0,-27.0,6.0
2020-10-23,2552,"-96.6163,28.4705",48057,"Texas, Calhoun",0.0272417707150965,1.11312091275915,0.0408608135058671,881,1.00097672519691,1.0061545964614,0.0102156640181612,9,0.0004174203422846,1.0,1.00398200653206,0.310991122696119,1.0076240062991,0.6685,0.9548,0.5603,0.0011595009507907,1778.31,19.1,16.8,47.4,7461.448123,0.1400167443,9.4,0.135,62.997422665,4.3,0.307,0.0254626409,0.0082092667,0.0,1.0,,,-12.0,4.0
2020-10-23,2553,"-99.3733,32.2976",48059,"Texas, Callahan",0.132743362831858,1.07188795197942,0.0080748892382449,113,1.00917738842187,1.0061545964614,0.0353982300884956,4,0.0002858367871945,1.0,1.00398200653206,0.310991122696119,1.0076240062991,0.4194,0.4273,0.1035,,1349.59,17.9,20.0,13.3,8864.0044618,0.1545211131,7.9,0.134,89.559627321,4.0,0.348,0.0146491353,0.00800343,,,,1.0,-17.0,
2020-10-23,2554,"-97.4814,26.1452",48061,"Texas, Cameron",0.0325859616832594,1.83766288911745,0.0563943119733527,23906,1.00176933715844,1.0061545964614,0.0405755877185644,970,0.0022882323523028,1.00207903798666,1.00398200653206,0.310991122696119,1.0076240062991,0.9567,0.9981,0.8596,0.0028119308906649,1293.93,28.4,12.8,456.8,6293.3182164,0.1318144455,9.3,0.105,277.00769512,5.0,0.308,0.003849892,0.0066641819,-27.0,-17.0,-36.0,-40.0,-33.0,10.0
2020-10-23,2555,"-94.9779,32.972",48063,"Texas, Camp",0.0538461538461538,1.61129440650656,0.029924038977979,390,1.00409558322032,1.0061545964614,0.0333333333333333,13,0.0009974679659326,1.01150029829051,1.00398200653206,0.310991122696119,1.0076240062991,0.7933,0.9118,0.6291,0.0019182076267935,1378.17,17.0,18.0,59.0,9970.3157442,0.1605153962,9.9,0.16,83.168700945,4.0,0.279,0.1590577764,0.0095910381,,,,,-15.0,
2020-10-23,2556,"-101.3543,35.4037",48065,"Texas, Carson",0.346153846153846,2.99750208159867,0.0086594504579517,52,1.01454709634044,1.0061545964614,0.0,0,0.0,,1.00398200653206,0.310991122696119,1.0076240062991,0.0223,0.3961,0.0083,,1885.32,9.9,17.5,6.0,6897.2213617,0.1255645187,7.0,0.08,29.849097244,3.0,0.276,0.0081598668,0.0176519567,,,,,-21.0,
2020-10-23,2557,"-94.3465,33.075",48067,"Texas, Cass",0.17979797979798,2.95494538331286,0.0164348085925828,495,1.01532821603264,1.0061545964614,0.0444444444444444,22,0.0007304359374481,1.01370885629547,1.00398200653206,0.310991122696119,1.0076240062991,0.7879,0.4594,0.6819,0.0014276702413758,1383.4,13.7,21.5,29.4,9286.4839414,0.1548732341,9.9,0.203,41.966378686,4.0,0.373,0.1667718052,0.0066735283,7.0,12.0,,2.0,-12.0,1.0
2020-10-23,2558,"-102.2617,34.5302",48069,"Texas, Castro",0.0899653979238754,3.39204174820613,0.0377038486627528,289,1.00607684411523,1.0061545964614,0.0207612456747405,6,0.0007827788649706,1.0,1.00398200653206,0.310991122696119,1.0076240062991,0.65,0.9869,0.6415,0.0022178734507501,1507.83,23.5,14.8,8.3,7874.7434244,0.1409309612,7.3,0.18,20.874940824,3.0,0.273,0.0208741031,0.018134377,,,,,-4.0,
2020-10-23,2559,"-94.6715,29.7097",48071,"Texas, Chambers",0.076171875,2.75592405898149,0.0361803363640646,1536,1.00522274831088,1.0061545964614,0.0052083333333333,8,0.0001884392518961,1.0,1.00398200653206,0.310991122696119,1.0076240062991,0.3838,0.859,0.3317,0.0009186413529938,2482.62,11.3,10.9,68.0,7236.6790991,0.1499660843,9.9,0.079,101.00192518,5.0,0.28,0.0798275781,0.010317049,-11.0,-15.0,,-26.0,-22.0,5.0
2020-10-23,2560,"-95.1656,31.8373",48073,"Texas, Cherokee",0.0247218788627936,0.76057195010648,0.0307651353818071,1618,1.00151005106947,1.0061545964614,0.0197775030902349,32,0.0006084575600851,1.00454582940699,1.00398200653206,0.310991122696119,1.0076240062991,0.7806,0.9115,0.9217,0.0018824155765135,1516.4,19.0,16.9,46.2,9637.5831389,0.1620793414,10.0,0.141,80.893033726,5.0,0.428,0.1391846669,0.0165234256,-11.0,3.0,,,-19.0,5.0
2020-10-23,2561,"-100.2078,34.5293",48075,"Texas, Childress",0.318965517241379,5.07474969140036,0.0159100260595254,116,1.03857600184821,1.0061545964614,0.0,0,0.0,,1.00398200653206,0.310991122696119,1.0076240062991,0.8169,0.8516,0.6737,0.0053490604855301,1325.68,18.1,13.2,8.7,8947.1663472,0.1598139869,7.5,0.128,164.62088023,4.0,0.243,0.1030037032,0.0097380332,,,,11.0,-14.0,
2020-10-23,2562,"-98.2077,33.7869",48077,"Texas, Clay",0.16504854368932,1.62586074980872,0.0098508033664881,103,1.01946113458596,1.0061545964614,0.0194174757281553,2,0.0001912777352716,1.0,1.00398200653206,0.310991122696119,1.0076240062991,0.4564,0.5282,0.1092,0.0023909716908951,1745.98,12.6,22.2,7.4,7851.4167999,0.148941154,8.6,0.156,59.837131384,3.0,0.318,0.0078423871,0.0135807192,,,,,-16.0,
2020-10-23,2563,"-102.8284,33.6043",48079,"Texas, Cochran",0.316326530612245,10.9308885754584,0.034555712270804,98,1.03314585824111,1.0061545964614,0.0102040816326531,1,0.0003526093088857,1.0,1.00398200653206,0.310991122696119,1.0076240062991,0.907,0.979,0.3598,0.0063469675599435,1367.22,27.3,15.2,3.8,13380.330243,0.1798533803,6.8,0.167,9.5798331132,3.0,0.252,0.0338504937,0.0296191819,,,,,,
2020-10-23,2564,"-100.5298,31.8891",48081,"Texas, Coke",0.485714285714286,15.13353115727,0.0311572700296736,105,1.04148194138843,1.0061545964614,0.0476190476190476,5,0.0014836795252225,1.03239118471,1.00398200653206,0.310991122696119,1.0076240062991,0.5194,0.7641,0.4072,,1444.15,14.8,27.2,3.1,9055.7671045,0.1428247059,7.5,0.098,25.701334927,3.0,0.288,0.0059347181,0.0252225519,,,,,,
2020-10-23,2565,"-99.4524,31.7674",48083,"Texas, Coleman",0.0581395348837209,0.59545075622246,0.0102417530070263,86,1.00682720684153,1.0061545964614,0.0465116279069767,4,0.0004763606049779,1.0,1.00398200653206,0.310991122696119,1.0076240062991,0.5392,0.7217,0.1063,0.0039299749910682,1283.52,23.2,24.0,6.6,10395.594474,0.1573741241,7.8,0.178,55.171280012,3.7,0.251,0.0290579969,0.0144099083,,,,,-19.0,
2020-10-23,2566,"-96.5726,33.1882",48085,"Texas, Collin",0.0768205009276438,1.31821645810658,0.0171596962033376,17248,1.0055893700432,1.0061545964614,0.0100881261595547,174,0.0001731091801589,1.00502563202403,1.00398200653206,0.310991122696119,1.0076240062991,0.0309,0.9067,0.1713,0.0018823136141416,3201.25,10.4,10.4,1117.8,4191.532301,0.1150261434,10.9,0.088,315.07429368,5.0,0.279,0.1009186725,0.0069810754,-21.0,-14.0,-19.0,-30.0,-41.0,15.0
2020-10-23,2567,"-100.27,34.9649",48087,"Texas, Collingsworth",0.05,0.337609723160027,0.0067521944632005,20,1.00735452613864,1.0061545964614,0.0,0,0.0,,1.00398200653206,0.310991122696119,1.0076240062991,0.8392,0.9042,0.5947,0.0054017555705604,1452.91,23.3,18.1,3.1,9806.2220673,0.1488668028,7.3,0.077,8.8107979058,3.0,0.291,0.049966239,0.0327481431,,,,,,
2020-10-23,2568,"-96.5274,29.6221",48089,"Texas, Colorado",0.018,0.424188151010982,0.023566008389499,500,1.00172614253389,1.0061545964614,0.008,4,0.0001885280671159,1.0,1.00398200653206,0.310991122696119,1.0076240062991,0.3828,0.9204,0.7428,0.0048545977282367,1752.28,15.0,21.2,22.2,8144.3192512,0.1338759016,9.7,0.103,45.958958743,4.0,0.268,0.118065702,0.011123156,1.0,,,1.0,-19.0,
2020-10-23,2569,"-98.2765,29.8081",48091,"Texas, Comal",0.0239943542695836,0.458304408484023,0.019100510200643,2834,1.00167463563742,1.0061545964614,0.0374029640084686,106,0.000714415695578,1.00135502349508,1.00398200653206,0.310991122696119,1.0076240062991,0.0643,0.7947,0.3324,0.001806258551084,2793.78,11.5,17.7,251.8,5752.0446589,0.1255823549,10.2,0.054,272.94111588,5.0,0.303,0.0219042548,0.0086808247,-9.0,8.0,24.0,4.0,-29.0,7.0
2020-10-23,2570,"-98.5588,31.9485",48093,"Texas, Comanche",0.0603448275862069,1.55164770208364,0.0257130190631003,348,1.00502563202403,1.0061545964614,0.014367816091954,5,0.0003694399290675,1.0,1.00398200653206,0.310991122696119,1.0076240062991,0.5166,0.852,0.5848,0.0018471996453376,1356.95,14.1,24.2,13.8,8214.6559849,0.1452276342,8.4,0.154,53.369941685,3.3,0.264,0.0048766071,0.0131520615,,,,,-12.0,
2020-10-23,2571,"-99.8647,31.3264",48095,"Texas, Concho",0.0212765957446809,0.701590271281571,0.0329747427502339,141,1.00204293498927,1.0061545964614,0.0141843971631206,2,0.000467726847521,1.0,1.00398200653206,0.310991122696119,1.0076240062991,0.5252,0.9777,0.4957,0.0037418147801683,1776.6,12.7,17.8,3.0,6740.0692016,0.129650064,7.5,0.053,102.95056448,3.0,0.28,0.0194106642,0.0063143124,,,,,,
2020-10-23,2572,"-97.2124,33.6398",48097,"Texas, Cooke",0.0964083175803403,1.2569625868783,0.0130379060482082,529,1.00779916063582,1.0061545964614,0.0151228733459357,8,0.0001971706018632,1.01925902092718,1.00398200653206,0.310991122696119,1.0076240062991,0.4404,0.8138,0.5925,0.0019224133681668,1976.09,14.4,17.8,44.7,8290.5273356,0.145559134,9.8,0.077,133.24383343,5.0,0.241,0.0308571992,0.0138019421,-4.0,-4.0,-22.0,,-19.0,6.0
2020-10-23,2573,"-97.7994,31.3908",48099,"Texas, Coryell",0.0426296866974833,1.10950700459844,0.0260266281681104,1947,1.00162471251043,1.0061545964614,0.0066769388803287,13,0.0001737782055395,1.0,1.00398200653206,0.310991122696119,1.0076240062991,0.7067,0.7972,0.6734,0.0003341888568067,1657.94,10.7,9.3,62.7,7102.9750574,0.1621610131,9.5,0.101,123.10572883,5.0,0.422,0.1637659074,0.0114426265,-7.0,-3.0,-8.0,,-15.0,3.0
2020-10-23,2574,"-100.2785,34.0778",48101,"Texas, Cottle",0.0303030303030303,0.719942404607631,0.0237580993520518,33,1.0,1.0061545964614,0.0909090909090909,3,0.0021598272138228,1.0,1.00398200653206,0.310991122696119,1.0076240062991,0.9583,0.8023,0.2111,,1253.46,11.9,21.6,1.6,12310.488335,0.1575920214,7.2,0.153,15.789989963,3.0,0.216,0.101511879,0.0043196544,,,,,,
2020-10-23,2575,"-102.5143,31.4305",48103,"Texas, Crane",0.0136986301369863,0.208594075928244,0.0152273675427618,73,1.0,1.0061545964614,0.0273972602739726,2,0.0004171881518564,1.0,1.00398200653206,0.310991122696119,1.0076240062991,0.3589,0.9831,0.4559,0.005214851898206,1763.02,15.1,12.0,6.1,7137.2753761,0.1309642299,7.1,0.081,111.46166175,3.0,0.254,0.0256570713,0.0146015853,,,,,,
2020-10-23,2576,"-101.4134,30.7237",48105,"Texas, Crockett",0.0060240963855421,0.285795941697628,0.0474421263218062,166,1.0,1.0061545964614,0.0421686746987952,7,0.0020005715918834,1.0,1.00398200653206,0.310991122696119,1.0076240062991,0.6016,0.9398,0.3855,,1452.43,21.0,14.8,1.4,9709.0491715,0.1293194019,7.3,0.051,55.332698099,3.0,0.271,0.0057159188,0.0228636753,,,,,,
2020-10-23,2577,"-101.3,33.6143",48107,"Texas, Crosby",0.194690265486726,3.80688700467209,0.019553555978543,113,1.01473826785739,1.0061545964614,0.0530973451327434,6,0.0010382419103651,1.02638809625704,1.00398200653206,0.310991122696119,1.0076240062991,0.9169,0.9239,0.3502,0.0043260079598546,1290.78,21.6,18.1,6.2,10116.637016,0.155682498,7.6,0.049,38.87188891,3.0,0.286,0.0302820557,0.0115937013,,,,,-23.0,
2020-10-23,2578,"-104.5186,31.4451",48109,"Texas, Culberson",0.362637362637363,14.97277676951,0.0412885662431942,91,1.02415191411056,1.0061545964614,0.021978021978022,2,0.0009074410163339,1.0,1.00398200653206,0.310991122696119,1.0076240062991,0.9554,0.9857,0.8844,0.0063520871143375,1236.64,23.6,19.1,0.6,7387.1778311,0.1854260678,5.9,0.154,95.835187351,3.0,0.35,0.0081669691,0.0226860254,,,,-12.0,,
2020-10-23,2579,"-102.6021,36.2779",48111,"Texas, Dallam",0.193181818181818,9.44444444444444,0.0488888888888889,352,1.01507382425297,1.0061545964614,0.0284090909090909,10,0.0013888888888888,1.0,1.00398200653206,0.310991122696119,1.0076240062991,0.5436,0.9631,0.2652,,1689.28,30.6,10.4,5.2,8131.0942451,0.1578433509,6.0,0.083,148.21235858,3.7,0.358,0.0175,0.0230555556,,,,,-12.0,
2020-10-23,2580,"-96.778,32.7667",48113,"Texas, Dallas",0.0709537524777414,2.45623958401257,0.0346174726246241,91313,1.00556300360426,1.0061545964614,0.0132620765936942,1211,0.0004590995734278,1.00322632600933,1.00398200653206,0.310991122696119,1.0076240062991,0.5599,0.9882,0.7081,0.0026294918590386,2113.48,21.0,10.2,3370.2,6851.485536,0.1489374664,10.0,0.081,759.89327563,5.0,0.3,0.2258557601,0.0108458957,-20.0,-13.0,-33.0,-34.0,-34.0,10.0
2020-10-23,2581,"-101.9477,32.7426",48115,"Texas, Dawson",0.280813214739517,17.5132736349948,0.0623662730802758,787,1.02282369370674,1.0061545964614,0.0203303684879288,16,0.0012679293129408,1.0301070886466,1.00398200653206,0.310991122696119,1.0076240062991,0.8541,0.9557,0.8752,0.0017434028052936,1541.66,16.6,14.3,13.2,9352.9696022,0.1616455029,7.3,0.167,129.89559298,3.7,0.292,0.0514303828,0.0122830652,,,,,-16.0,
2020-10-23,2582,"-102.6054,34.9652",48117,"Texas, Deaf Smith",0.0755467196819085,4.05117270788913,0.0536247334754797,1006,1.00611088948714,1.0061545964614,0.0248508946322068,25,0.0013326226012793,1.0,1.00398200653206,0.310991122696119,1.0076240062991,0.757,0.9901,0.6062,0.0022388059701492,1607.1,19.7,12.3,13.0,7893.8799532,0.1466727763,7.0,0.059,30.239252644,3.0,0.267,0.0101279318,0.0174307036,-5.0,,,3.0,-19.0,
2020-10-23,2583,"-95.6692,33.3857",48119,"Texas, Delta",0.0909090909090909,0.560852495793606,0.0061693774537296,33,1.0044056276055,1.0061545964614,0.0,0,0.0,,1.00398200653206,0.310991122696119,1.0076240062991,0.6854,0.3811,0.2942,,1373.76,11.3,20.0,15.8,13278.392887,0.1616786891,9.8,0.106,11.266493919,3.0,0.337,0.0631893812,0.0231819032,,,,,,
2020-10-23,2584,"-97.1169,33.2052",48121,"Texas, Denton",0.0904775604142693,1.46438449288994,0.0161850572250729,13904,1.00753769263225,1.0061545964614,0.0119390103567319,166,0.0001932335658344,1.00349057120766,1.00398200653206,0.310991122696119,1.0076240062991,0.0729,0.8876,0.3114,0.0012304089101626,2890.03,11.2,9.5,761.7,4350.0229759,0.1306965028,10.9,0.087,348.47871828,5.0,0.252,0.1009645381,0.0083870352,-15.0,-7.0,-3.0,-17.0,-35.0,13.0
2020-10-23,2585,"-97.3568,29.081",48123,"Texas, DeWitt",0.038961038961039,2.08054688661019,0.053400703422995,1078,1.00281434794797,1.0061545964614,0.038961038961039,42,0.0020805468866101,1.0,1.00398200653206,0.310991122696119,1.0076240062991,0.6258,0.8472,0.7685,0.0024273047010452,1639.8,14.2,19.2,22.3,8227.5986413,0.1526143149,9.6,0.153,84.17427627,4.0,0.266,0.0842126121,0.0095110715,-9.0,,,,-14.0,
2020-10-23,2586,"-100.7789,33.6162",48125,"Texas, Dickens",0.0196078431372549,0.444642063139173,0.0226767452200978,51,1.0,1.0061545964614,0.0392156862745098,2,0.0008892841262783,1.0,1.00398200653206,0.310991122696119,1.0076240062991,0.8478,0.6781,0.7373,,1358.64,18.6,23.1,2.5,7027.3112854,0.1539853165,7.1,0.055,10.002723029,3.0,0.237,0.0466874166,0.0222321032,,,,,,
2020-10-23,2587,"-99.7565,28.4227",48127,"Texas, Dimmit",0.0598591549295775,1.64920450135817,0.0275514163756306,284,1.00305510369887,1.0061545964614,0.0246478873239437,7,0.0006790842064415,1.0,1.00398200653206,0.310991122696119,1.0076240062991,0.9946,0.9904,0.9316,0.0046565774155995,1274.36,20.6,16.3,11.9,7765.6193071,0.1706846454,8.1,0.054,181.03438523,3.0,0.325,0.0108653473,0.0076639503,,,,-13.0,-28.0,
2020-10-23,2588,"-100.814,34.9652",48129,"Texas, Donley",0.164705882352941,4.2181379933715,0.0256101235311841,85,1.00690977765663,1.0061545964614,0.0117647058823529,1,0.0003012955709551,1.0,1.00398200653206,0.310991122696119,1.0076240062991,0.4245,0.5161,0.5186,,1476.32,14.1,23.3,3.7,9622.5012535,0.1394319248,7.0,0.115,143.80089727,3.0,0.284,0.0566435673,0.0087375716,,,,,,
2020-10-23,2589,"-98.5086,27.6818",48131,"Texas, Duval",0.0233050847457627,0.981091687477702,0.0420977524081341,472,1.00091130314737,1.0061545964614,0.0444915254237288,21,0.0018729932215483,1.0069943706001,1.00398200653206,0.310991122696119,1.0076240062991,0.9825,0.9809,0.8978,,1293.63,22.0,17.8,6.1,11679.20854,0.1574137098,8.5,0.114,69.387901673,3.0,0.259,0.0108811987,0.0088298252,,,,,-26.0,
2020-10-23,2590,"-98.8324,32.3274",48133,"Texas, Eastland",0.151898734177215,1.96485099879926,0.0129352690754284,237,1.01267433099916,1.0061545964614,0.0253164556962025,6,0.0003274751664665,1.0,1.00398200653206,0.310991122696119,1.0076240062991,0.7086,0.759,0.8322,0.0028381181093767,1224.27,17.2,22.5,20.6,8286.9008684,0.1513046403,8.3,0.058,54.544684942,4.0,0.346,0.0179019758,0.0121711604,,,,-3.0,-18.0,
2020-10-23,2591,"-102.5429,31.869",48135,"Texas, Ector",0.0970231532524807,2.17117761713257,0.0223779329402186,3628,1.00851222780682,1.0061545964614,0.0256339581036384,93,0.0005736349954355,1.00311054009786,1.00398200653206,0.310991122696119,1.0076240062991,0.5901,0.9758,0.7224,0.0061249414028768,1710.71,21.0,9.5,179.8,9475.4037907,0.1422583166,7.8,0.077,241.19739857,5.0,0.323,0.0438799931,0.0144950778,-22.0,-17.0,,-31.0,-30.0,10.0
2020-10-23,2592,"-100.3043,29.982",48137,"Texas, Edwards",0.0,0.0,0.0352697095435685,68,1.0,1.0061545964614,0.0294117647058824,2,0.0010373443983402,1.0,1.00398200653206,0.310991122696119,1.0076240062991,0.3519,0.9338,0.1812,,1459.08,19.7,27.7,0.9,9761.3668971,0.1252268909,7.3,0.118,0.0013002205,3.0,0.271,0.0046680498,0.0217842324,,,,,,
2020-10-23,2593,"-96.7937,32.3489",48139,"Texas, Ellis",0.0581395348837209,1.56044494973138,0.0268396531353797,4816,1.00397807193058,1.0061545964614,0.0155730897009967,75,0.0004179763258209,1.00386870309944,1.00398200653206,0.310991122696119,1.0076240062991,0.2592,0.8968,0.3617,0.0012985131188836,2374.62,15.1,12.3,164.2,6613.7860392,0.1313873244,10.5,0.125,119.1517333,5.0,0.38,0.1081555541,0.0086214583,-12.0,-5.0,-14.0,-1.0,-26.0,7.0
2020-10-23,2594,"-106.2363,31.7698",48141,"Texas, El Paso",0.251380985426787,10.7712326257972,0.0428482393268931,36025,1.02704343157726,1.0061545964614,0.0161276891047883,581,0.0006910430825516,1.00425136944689,1.00398200653206,0.310991122696119,1.0076240062991,0.8825,0.9962,0.859,0.0022218046096498,1549.88,20.3,11.6,854.5,5971.6534035,0.1383605588,9.5,0.096,462.08116059,5.0,0.286,0.0305093737,0.0104453362,-28.0,-14.0,-52.0,-28.0,-38.0,16.0
2020-10-23,2595,"-98.2177,32.236",48143,"Texas, Erath",0.0825780463242699,1.93186637138953,0.0233944305706074,993,1.00664716092867,1.0061545964614,0.013091641490433,13,0.0003062714979032,1.0,1.00398200653206,0.310991122696119,1.0076240062991,0.5627,0.7838,0.9573,0.0023088159072704,1572.46,16.8,13.8,40.5,6740.2482632,0.1563634763,8.8,0.164,53.218834561,5.0,0.258,0.0176695095,0.0129576403,-8.0,3.0,,,-17.0,7.0
2020-10-23,2596,"-96.9363,31.2535",48145,"Texas, Falls",0.119195046439628,4.44188058840496,0.037265647533891,646,1.00519243204772,1.0061545964614,0.0077399380804953,5,0.0002884338044418,1.0,1.00398200653206,0.310991122696119,1.0076240062991,0.9137,0.8819,0.9987,0.0020767233919815,1197.14,17.2,17.2,19.3,8178.5320195,0.1762154644,10.0,0.155,40.981872073,3.0,0.396,0.2305162965,0.0114796654,,,,,-20.0,
2020-10-23,2597,"-96.1075,33.5956",48147,"Texas, Fannin",0.0686015831134565,1.47367227795726,0.021481607436377,758,1.0057855775285,1.0061545964614,0.0211081794195251,16,0.0004534376239868,1.0,1.00398200653206,0.310991122696119,1.0076240062991,0.5032,0.7268,0.7281,0.0089837329252394,1579.56,16.2,18.9,34.0,10505.308843,0.155829239,10.0,0.068,10.427812237,4.0,0.302,0.0636796463,0.0137731678,0.0,,,,-16.0,6.0
2020-10-23,2598,"-96.9208,29.8779",48149,"Texas, Fayette",0.0368932038834951,0.749536470866701,0.0203163832892816,515,1.00280513725361,1.0061545964614,0.0427184466019417,22,0.0008678843346877,1.0066678482933,1.00398200653206,0.310991122696119,1.0076240062991,0.2713,0.7736,0.5861,0.0025642037161229,2068.28,11.0,24.0,26.7,6818.3971689,0.1301804675,9.6,0.161,40.055441365,4.0,0.219,0.0615014399,0.0122292793,21.0,,,10.0,-21.0,
2020-10-23,2599,"-100.4019,32.7428",48151,"Texas, Fisher",0.270833333333333,6.77259703047669,0.0250065121125293,96,1.01753727994026,1.0061545964614,0.03125,3,0.0007814535035165,1.0,1.00398200653206,0.310991122696119,1.0076240062991,0.5752,0.8542,0.0592,0.0036467830164105,1469.82,12.6,23.0,4.0,6278.189079,0.134463346,7.6,0.076,13.48652753,3.0,0.233,0.0354258922,0.0119822871,,,,,,
2020-10-23,2600,"-101.3032,34.0723",48153,"Texas, Floyd",0.088,1.88452972417338,0.0214151105019702,125,1.0070519262919,1.0061545964614,0.072,9,0.0015418879561418,1.0,1.00398200653206,0.310991122696119,1.0076240062991,0.8274,0.9602,0.2833,0.004283022100394,1603.87,21.5,18.7,6.0,6898.0729721,0.1510574255,7.3,0.093,22.612262428,3.0,0.346,0.0322083262,0.0145622751,,,,,,
2020-10-23,2601,"-99.7768,33.9731",48155,"Texas, Foard",0.1,1.66666666666667,0.0166666666666667,20,1.00735452613864,1.0061545964614,0.0,0,0.0,,1.00398200653206,0.310991122696119,1.0076240062991,0.651,0.7482,0.1051,,1247.37,14.7,26.9,1.5,17695.599042,0.1258909843,7.5,0.076,10.608390498,3.0,0.284,0.0483333333,0.0066666667,,,,,,
2020-10-23,2602,"-95.7722,29.527",48157,"Texas, Fort Bend",0.0373465506310875,0.822483239365469,0.0220230041454171,17351,1.00276378001852,1.0061545964614,0.0175782375655582,305,0.0003871255987754,1.00094029481425,1.00398200653206,0.310991122696119,1.0076240062991,0.1787,0.9653,0.2248,0.0010281040492068,3198.04,11.7,10.1,721.1,4344.8546707,0.1172835573,11.7,0.076,132.51699245,5.0,0.291,0.2023943401,0.0060264667,-12.0,-5.0,23.0,0.0,-32.0,13.0
2020-10-23,2603,"-95.2192,33.1765",48159,"Texas, Franklin",0.185,3.43674530930708,0.0185770016719301,200,1.02522041319334,1.0061545964614,0.035,7,0.0006501950585175,1.02226578920968,1.00398200653206,0.310991122696119,1.0076240062991,0.4748,0.7437,0.1964,,1649.54,14.1,20.8,39.4,8661.3125642,0.142620969,9.9,0.137,14.156589174,4.3,0.369,0.0365966933,0.010681776,,,,2.0,-24.0,
2020-10-23,2604,"-96.1507,31.7042",48161,"Texas, Freestone",0.0512249443207127,1.16114701130856,0.0226676090468498,449,1.00486585050834,1.0061545964614,0.0089086859688196,4,0.0002019386106623,1.0,1.00398200653206,0.310991122696119,1.0076240062991,0.692,0.8465,0.7294,0.0018679321486268,1666.26,14.1,19.2,20.9,8472.0898112,0.1622594827,10.0,0.188,29.769129465,4.0,0.349,0.1522617124,0.01453958,,,,28.0,-11.0,
2020-10-23,2605,"-99.108,28.8675",48163,"Texas, Frio",0.0119165839126117,0.60557125555107,0.0508175211949939,1007,1.00071134017876,1.0061545964614,0.0089374379344587,9,0.0004541784416633,1.0,1.00398200653206,0.310991122696119,1.0076240062991,0.9096,0.9943,0.9885,0.0011102139685102,1317.78,21.5,12.3,17.8,7777.0511524,0.1579262905,8.7,0.042,113.36248325,3.7,0.245,0.0299253129,0.0102947113,,,,,-23.0,
2020-10-23,2606,"-102.6353,32.7406",48165,"Texas, Gaines",0.186878727634195,4.49739246925984,0.0240658341706138,503,1.01700461370669,1.0061545964614,0.0198807157057654,10,0.000478446007368,1.0,1.00398200653206,0.310991122696119,1.0076240062991,0.6939,0.9478,0.4171,0.0011961150184201,1904.73,33.7,8.7,14.0,6045.9551769,0.1490915758,7.4,0.055,92.646868774,3.7,0.34,0.0161236304,0.010430123,-17.0,,,,-22.0,
2020-10-23,2607,"-94.9047,29.4017",48167,"Texas, Galveston",0.0303550973654066,1.09799047027139,0.0361715351149782,12222,1.00256247422484,1.0061545964614,0.013745704467354,168,0.000497203231821,1.00171234883304,1.00398200653206,0.310991122696119,1.0076240062991,0.3803,0.8991,0.6788,0.0017550090266062,2463.18,13.9,13.5,752.9,7620.0147596,0.1873102881,10.3,0.116,230.38018305,5.0,0.337,0.1264168812,0.0080321998,-11.0,-6.0,21.0,40.0,-25.0,7.0
2020-10-23,2608,"-101.2984,33.1797",48169,"Texas, Garza",0.122950819672131,2.28032836728489,0.0185466707205838,122,1.00973603209634,1.0061545964614,0.040983606557377,5,0.0007601094557616,1.03239118471,1.00398200653206,0.310991122696119,1.0076240062991,0.742,0.9774,0.6781,,1548.14,14.9,12.4,6.0,5329.3382188,0.1432517094,7.1,0.052,96.025133607,3.0,0.226,0.0635451505,0.0089692916,,,,,,
2020-10-23,2609,"-98.9468,30.3182",48171,"Texas, Gillespie",0.0509915014164306,0.671541560961051,0.0131696761677362,353,1.00453271608763,1.0061545964614,0.028328611898017,10,0.0003730786449783,1.0,1.00398200653206,0.310991122696119,1.0076240062991,0.229,0.8303,0.461,0.0032084763468139,2106.45,19.4,29.0,26.7,6814.2559511,0.1244642824,8.4,0.039,45.370078314,4.0,0.289,0.0041784808,0.011565438,15.0,,,,-17.0,3.0
2020-10-23,2610,"-101.5208,31.8694",48173,"Texas, Glasscock",0.25,2.16138328530259,0.0086455331412103,12,1.01250777270301,1.0061545964614,0.0,0,0.0,,1.00398200653206,0.310991122696119,1.0076240062991,0.3073,0.9497,0.0774,,2608.34,20.5,12.1,1.9,,0.1507382841,7.2,0.109,47.105824825,3.0,0.239,0.015129683,0.0043227666,,,,,,
2020-10-23,2611,"-97.4276,28.657",48175,"Texas, Goliad",0.0063694267515923,0.131856540084388,0.0207014767932489,157,1.0,1.0061545964614,0.0382165605095541,6,0.0007911392405063,1.0,1.00398200653206,0.310991122696119,1.0076240062991,0.5048,0.7644,0.4597,,1971.03,9.7,21.4,7.6,10023.851426,0.1427332713,9.3,0.08,76.868218056,3.0,0.28,0.0416666667,0.009757384,,,,,-22.0,
2020-10-23,2612,"-97.4942,29.4563",48177,"Texas, Gonzales",0.0351351351351351,1.87265917602996,0.0532987611639297,1110,1.00246951688502,1.0061545964614,0.018018018018018,20,0.0009603380389897,1.01516534655549,1.00398200653206,0.310991122696119,1.0076240062991,0.5904,0.9678,0.8762,0.0016325746662825,1649.87,18.6,16.1,20.8,8169.2753687,0.1577532251,9.7,0.235,83.383595606,4.0,0.305,0.0593488908,0.0173341016,-8.0,,,,-20.0,
2020-10-23,2613,"-100.8129,35.4008",48179,"Texas, Gray",0.162621359223301,3.06005937428637,0.0188170815254624,412,1.01048145823684,1.0061545964614,0.0242718446601942,10,0.0004567252797442,1.01516534655549,1.00398200653206,0.310991122696119,1.0076240062991,0.6987,0.8733,0.8106,0.0052523407170586,1553.89,19.3,15.7,23.1,9880.1269075,0.1573595176,7.1,0.109,22.623828278,4.3,0.338,0.0464032884,0.0168531628,-12.0,,,,-18.0,5.0
2020-10-23,2614,"-96.6775,33.6274",48181,"Texas, Grayson",0.158743282348078,2.86586412520244,0.0180534513512102,2419,1.0114306261375,1.0061545964614,0.0264572137246796,64,0.000477644020867,1.01416221482281,1.00398200653206,0.310991122696119,1.0076240062991,0.4439,0.7666,0.6383,0.0034405295878081,1873.63,17.4,17.3,132.8,8890.5866767,0.14841122,10.2,0.13,107.13467406,5.0,0.304,0.0593920487,0.0178370189,-5.0,-5.0,11.0,,-22.0,6.0
2020-10-23,2615,"-94.8159,32.4794",48183,"Texas, Gregg",0.0639232920495405,1.29337870936972,0.0202332931847026,2503,1.0057220385211,1.0061545964614,0.0335597283260088,84,0.0006790238224191,1.0069943706001,1.00398200653206,0.310991122696119,1.0076240062991,0.6073,0.9051,0.951,0.0055453612164226,1642.35,18.5,14.7,541.9,9482.8362776,0.1610961045,10.2,0.104,179.90299371,5.0,0.303,0.202308681,0.010128772,-14.0,-11.0,22.0,,-15.0,5.0
2020-10-23,2616,"-95.989,30.5458",48185,"Texas, Grimes",0.0564102564102564,2.32722143864598,0.0412552891396333,1170,1.0037176772541,1.0061545964614,0.0299145299145299,35,0.0012341325811001,1.0041496628021,1.00398200653206,0.310991122696119,1.0076240062991,0.7162,0.894,0.9147,0.0008815232722143,1688.04,14.0,16.5,31.0,9113.5726427,0.1658932446,10.2,0.146,51.932881788,4.0,0.369,0.1497884344,0.0098377997,,,,,-23.0,4.0
2020-10-23,2617,"-97.9479,29.5817",48187,"Texas, Guadalupe",0.0230487166055526,0.537588427187313,0.0233240069886496,3818,1.00161935869073,1.0061545964614,0.0206914614981666,79,0.0004826077925886,1.0,1.00398200653206,0.310991122696119,1.0076240062991,0.2191,0.8997,0.3989,0.0007636199249819,2105.91,11.7,13.4,193.6,6484.8701042,0.1343068479,10.4,0.101,126.91707429,5.0,0.338,0.0763864283,0.0096888096,-10.0,0.0,,20.0,-24.0,7.0
2020-10-23,2618,"-101.8268,34.0704",48189,"Texas, Hale",0.171440261865794,12.3854566952409,0.0722435707951522,2444,1.01593246910984,1.0061545964614,0.0245499181669394,60,0.0017735737511084,1.00240390165174,1.00398200653206,0.310991122696119,1.0076240062991,0.879,0.9698,0.8628,0.0020100502512562,1409.57,20.3,13.2,34.2,7300.5016337,0.1569203688,7.6,0.081,101.91840189,4.0,0.324,0.0492757907,0.017499261,-11.0,-5.0,,,-29.0,8.0
2020-10-23,2619,"-100.6814,34.5308",48191,"Texas, Hall",0.204545454545455,2.97225891677675,0.0145310435931308,44,1.02908210240756,1.0061545964614,0.0227272727272727,1,0.0003302509907529,1.0,1.00398200653206,0.310991122696119,1.0076240062991,0.9334,0.9357,0.3833,,1119.02,24.4,23.1,3.8,7024.2901879,0.1876249301,7.0,0.119,88.323928317,3.0,0.261,0.0828929987,0.0155217966,,,,8.0,,
2020-10-23,2620,"-98.1108,31.7047",48193,"Texas, Hamilton",0.108108108108108,2.35737859500236,0.0218057520037718,185,1.00714998711483,1.0061545964614,0.0216216216216216,4,0.0004714757190004,1.0,1.00398200653206,0.310991122696119,1.0076240062991,0.4417,0.7135,0.5049,0.0049504950495049,1728.36,16.4,25.2,10.2,10017.323538,0.1449390363,8.6,0.159,69.853347893,3.7,0.251,0.006718529,0.0186232909,,,,,-13.0,
2020-10-23,2621,"-101.3546,36.2774",48195,"Texas, Hansford",0.113989637305699,4.02709134175362,0.0353285740435658,193,1.00684538488346,1.0061545964614,0.0310880829015544,6,0.00109829763866,1.0,1.00398200653206,0.310991122696119,1.0076240062991,0.758,0.9589,0.199,0.0045762401610836,1552.95,23.1,15.6,5.9,7871.1777493,0.1633527614,7.1,0.064,7.2140986874,3.0,0.25,0.0062236866,0.0170236134,,,,,,
2020-10-23,2622,"-99.7463,34.2894",48197,"Texas, Hardeman",0.366666666666667,5.60938296787353,0.0152983171851096,60,1.01516534655549,1.0061545964614,0.0166666666666667,1,0.0002549719530851,1.0,1.00398200653206,0.310991122696119,1.0076240062991,0.7366,0.872,0.2359,0.0114737378888322,1307.15,13.9,20.2,5.3,10278.727487,0.1498943642,7.6,0.086,158.34104842,3.0,0.324,0.0512493626,0.0124936257,,,,23.0,,
2020-10-23,2623,"-94.3893,30.3336",48199,"Texas, Hardin",0.0428370786516854,1.06630307479854,0.0248920586641495,1424,1.00366469160814,1.0061545964614,0.023876404494382,34,0.0005943328613631,1.00427381583427,1.00398200653206,0.310991122696119,1.0076240062991,0.321,0.2748,0.277,,1770.42,14.2,16.3,51.9,9707.9220327,0.1411661929,9.6,0.077,114.01767331,5.0,0.373,0.0550457112,0.0061181324,-13.0,-8.0,,,-16.0,3.0
2020-10-23,2624,"-95.3934,29.8586",48201,"Texas, Harris",0.0425609638863076,1.41339402066863,0.033208693873668,156035,1.00316349514081,1.0061545964614,0.0176819303361425,2759,0.0005871938116284,1.00266897541657,1.00398200653206,0.310991122696119,1.0076240062991,0.572,0.9876,0.6014,0.0026394989676754,2238.38,20.2,9.8,2876.3,6509.5602557,0.1385212166,12.0,0.1,615.93345368,5.0,0.277,0.1875389343,0.010624824,-17.0,-10.0,-10.0,-32.0,-31.0,9.0
2020-10-23,2625,"-94.3693,32.5494",48203,"Texas, Harrison",0.111320754716981,1.76842610077031,0.015885861583191,1060,1.01097881233154,1.0061545964614,0.0358490566037736,38,0.0005694931510955,1.00775379492937,1.00398200653206,0.310991122696119,1.0076240062991,0.6131,0.8373,0.7179,0.0022330126187693,1662.62,14.9,16.0,69.9,9277.5754832,0.155512299,10.0,0.145,90.405278702,5.0,0.442,0.2066360939,0.0120942361,-6.0,-7.0,14.0,,-20.0,5.0
2020-10-23,2626,"-102.6029,35.8401",48205,"Texas, Hartley",0.142011834319527,4.27122263747998,0.0300765260722549,169,1.00784848193778,1.0061545964614,0.0,0,0.0,,1.00398200653206,0.310991122696119,1.0076240062991,0.4226,0.914,0.8927,0.0037373198077949,1924.21,15.7,14.3,3.6,4972.2793326,0.1313402421,5.9,0.044,33.529673858,3.0,0.299,0.0654920804,0.0071187044,,,,,,
2020-10-23,2627,"-99.7304,33.1782",48207,"Texas, Haskell",0.0769230769230769,1.03216927576122,0.0134182005848959,78,1.00561868495366,1.0061545964614,0.0384615384615385,3,0.0005160846378806,1.0,1.00398200653206,0.310991122696119,1.0076240062991,0.9401,0.9032,0.8048,0.0043007053156717,1404.88,20.8,21.7,6.0,8410.6064129,0.1570516007,7.8,0.103,32.754353689,3.0,0.267,0.0390504043,0.0106657492,,,,,,
2020-10-23,2628,"-98.0294,30.0567",48209,"Texas, Hays",0.0381043868075568,1.06903351285311,0.0280553921062206,6246,1.00314987699503,1.0061545964614,0.0118475824527698,74,0.0003323885712232,1.00797014400208,1.00398200653206,0.310991122696119,1.0076240062991,0.3818,0.9134,0.7845,0.0013026038601991,2249.95,13.4,10.4,298.9,5089.6614926,0.1414718491,10.3,0.08,299.41840932,5.0,0.3,0.0368861479,0.0123208358,-10.0,-3.0,0.0,13.0,-31.0,9.0
2020-10-23,2629,"-100.2704,35.8376",48211,"Texas, Hemphill",0.285714285714286,9.93464052287582,0.0347712418300654,133,1.00890158424723,1.0061545964614,0.0,0,0.0,,1.00398200653206,0.310991122696119,1.0076240062991,0.5732,0.9198,0.5912,0.006797385620915,2006.32,23.7,13.3,5.5,7539.7466084,0.1389804577,6.9,0.082,141.44951454,3.0,0.318,0.0036601307,0.0177777778,,,,,,
2020-10-23,2630,"-95.8585,32.2113",48213,"Texas, Henderson",0.130255564715581,1.91982891651174,0.0147389397198022,1213,1.0105607169765,1.0061545964614,0.0255564715581204,31,0.0003766752937459,1.01464661052734,1.00398200653206,0.310991122696119,1.0076240062991,0.6392,0.724,0.618,0.0014216454634928,1574.0,17.9,21.6,79.6,11016.889837,0.159909331,10.4,0.125,36.391684498,5.0,0.366,0.0619084071,0.0094654856,-8.0,4.0,,,-19.0,6.0
2020-10-23,2631,"-98.183,26.3942",48215,"Texas, Hidalgo",0.0385813702938008,1.53013087526951,0.0396598374712307,34343,1.00233021122703,1.0061545964614,0.0483067874093702,1659,0.0019158393374129,1.00261035557337,1.00398200653206,0.310991122696119,1.0076240062991,0.9704,0.9987,0.8284,0.0020370949916795,1391.85,30.3,10.6,552.6,5609.148247,0.1456131714,9.4,0.111,248.9830114,5.0,0.344,0.00413655,0.0053456421,-24.0,-16.0,-32.0,-24.0,-34.0,12.0
2020-10-23,2632,"-97.1342,31.9905",48217,"Texas, Hill",0.0717948717948718,1.54040820817517,0.0214556857567255,780,1.00716046821614,1.0061545964614,0.0205128205128205,16,0.0004401166309071,1.00926242190831,1.00398200653206,0.310991122696119,1.0076240062991,0.735,0.8192,0.7676,0.0031908455740771,1479.42,15.4,20.4,33.8,9032.0711241,0.1477770912,10.1,0.102,50.048183837,4.0,0.324,0.0632117511,0.0095725367,-6.0,-3.0,,1.0,-17.0,5.0
2020-10-23,2633,"-102.3432,33.6077",48219,"Texas, Hockley",0.296229802513465,7.18015665796345,0.0242384682332463,557,1.03061616612438,1.0061545964614,0.0215439856373429,12,0.0005221932114882,1.01250777270301,1.00398200653206,0.310991122696119,1.0076240062991,0.7904,0.9386,0.8485,0.002088772845953,1615.28,17.6,13.8,25.8,8548.6238269,0.1467207342,7.5,0.072,54.572941601,4.0,0.286,0.0346823325,0.0135770235,-11.0,,,,-18.0,7.0
2020-10-23,2634,"-97.8324,32.4299",48221,"Texas, Hood",0.123693379790941,2.34567289426301,0.0189636090324925,1148,1.01010249616979,1.0061545964614,0.0322299651567944,37,0.0006111964583643,1.01647863522043,1.00398200653206,0.310991122696119,1.0076240062991,0.1624,0.6638,0.3929,0.0013710623255199,2156.13,14.9,24.3,126.5,7930.3227542,0.1296868042,9.6,0.072,54.541835653,5.0,0.289,0.009713068,0.0095809175,-9.0,-5.0,,,-21.0,7.0
2020-10-23,2635,"-95.5635,33.1488",48223,"Texas, Hopkins",0.29222972972973,4.69980983428416,0.0160825862537354,592,1.03257816695828,1.0061545964614,0.0439189189189189,26,0.0007063298016843,1.03098080370314,1.00398200653206,0.310991122696119,1.0076240062991,0.5758,0.8004,0.4483,0.0026079869600652,1617.5,18.5,17.9,45.7,8562.9069363,0.1654325065,10.1,0.098,80.512470938,5.0,0.309,0.0703341483,0.0098071176,-10.0,-9.0,,13.0,-18.0,5.0
2020-10-23,2636,"-95.4223,31.3193",48225,"Texas, Houston",0.0697115384615385,1.25167249341793,0.0179550261124779,416,1.00926242190831,1.0061545964614,0.0288461538461538,12,0.0005179334455522,1.01250777270301,1.00398200653206,0.310991122696119,1.0076240062991,0.743,0.83,0.958,0.0010790280115671,1186.96,14.9,21.1,17.8,9538.4271352,0.1782110144,9.8,0.115,13.890779501,3.7,0.247,0.2484785705,0.0066468126,,,,,-16.0,
2020-10-23,2637,"-101.4356,32.3062",48227,"Texas, Howard",0.0835707502374169,2.41367015003154,0.0288817575907183,1053,1.00697387991208,1.0061545964614,0.0199430199430199,21,0.0005759894676211,1.01440033702014,1.00398200653206,0.310991122696119,1.0076240062991,0.7793,0.9529,0.9557,0.0041142104830083,1655.5,17.0,12.5,36.7,10181.669124,0.1551063806,7.5,0.139,140.0939944,4.0,0.396,0.0599303327,0.016868263,-25.0,-16.0,,-23.0,-26.0,8.0
2020-10-23,2638,"-105.3882,31.4563",48229,"Texas, Hudspeth",0.146666666666667,2.29405630865485,0.0156412930135558,75,1.01409562067793,1.0061545964614,0.04,3,0.0006256517205422,1.0,1.00398200653206,0.310991122696119,1.0076240062991,0.9787,0.9965,0.794,,940.2,26.5,15.6,0.8,6097.7777836,0.1869634183,6.1,0.166,20.720969457,3.0,0.342,0.0279457769,0.0191866528,,,,,,
2020-10-23,2639,"-96.0855,33.1235",48231,"Texas, Hunt",0.0992761116856256,1.98978164219166,0.0200429046666598,1934,1.00879610284237,1.0061545964614,0.0222337125129266,43,0.0004456281802825,1.00336715580588,1.00398200653206,0.310991122696119,1.0076240062991,0.6436,0.7736,0.9545,0.0019897816421916,1792.69,16.3,15.8,104.5,9083.446198,0.1581749675,10.4,0.148,106.82842632,5.0,0.33,0.0788658245,0.0118661457,-11.0,0.0,,-2.0,-22.0,7.0
2020-10-23,2640,"-101.3547,35.8401",48233,"Texas, Hutchinson",0.176470588235294,2.54741013303142,0.014435324087178,306,1.01432558386177,1.0061545964614,0.0228758169934641,7,0.0003302198320596,1.0,1.00398200653206,0.310991122696119,1.0076240062991,0.6223,0.7934,0.2022,0.0011793565430701,1673.34,19.1,15.7,25.6,9201.4234081,0.1546832887,7.1,0.11,8.791806144,4.3,0.307,0.0252854043,0.0220775545,-10.0,,,,-14.0,2.0
2020-10-23,2641,"-100.9824,31.3038",48235,"Texas, Irion",0.0769230769230769,0.657030223390276,0.0085413929040735,13,1.0,1.0061545964614,0.0,0,0.0,,1.00398200653206,0.310991122696119,1.0076240062991,0.3554,0.3241,0.0694,,1905.99,14.7,19.0,2.2,,0.1258931088,7.3,0.068,47.18297821,2.3,0.252,0.0105124836,0.011826544,,,,,,
2020-10-23,2642,"-98.1728,33.2338",48237,"Texas, Jack",0.04,0.67850277055298,0.0169625692638245,150,1.00289026984454,1.0061545964614,0.02,3,0.0003392513852764,1.0,1.00398200653206,0.310991122696119,1.0076240062991,0.5309,0.7956,0.7892,0.0019224245165667,1728.82,18.0,17.0,9.2,9291.7780177,0.1548860503,8.6,0.064,51.054753849,3.0,0.328,0.0384484903,0.0114214633,,,,,-19.0,
2020-10-23,2643,"-96.5775,28.9547",48239,"Texas, Jackson",0.0203125,0.874008336694904,0.0430281027295953,640,1.00112108186601,1.0061545964614,0.025,16,0.0010757025682398,1.0,1.00398200653206,0.310991122696119,1.0076240062991,0.486,0.8965,0.6418,0.0016807852628748,1751.65,15.8,16.8,17.2,8575.9955553,0.1388305763,9.5,0.165,79.091316262,4.0,0.334,0.0587602528,0.0087400834,,,,-6.0,-16.0,
2020-10-23,2644,"-94.0267,30.7469",48241,"Texas, Jasper",0.03125,0.446030330062444,0.0142729705619982,512,1.00140292910678,1.0061545964614,0.06640625,34,0.0009478144513826,1.00427381583427,1.00398200653206,0.310991122696119,1.0076240062991,0.7446,0.5718,0.6711,0.0016447368421052,1355.43,17.5,19.0,37.3,10143.46523,0.1626237185,9.5,0.118,54.726609273,4.0,0.413,0.1578389831,0.007471008,-4.0,-14.0,-14.0,,-13.0,4.0
2020-10-23,2645,"-104.14,30.7149",48243,"Texas, Jeff Davis",0.176470588235294,1.33214920071048,0.0075488454706927,17,1.0,1.0061545964614,0.0,0,0.0,,1.00398200653206,0.310991122696119,1.0076240062991,0.4073,0.8844,0.1522,,1562.56,16.9,31.6,1.1,3553.7918005,0.1390712512,5.6,0.083,1.5203246705,3.0,0.266,0.006660746,0.0124333925,,,,,,
2020-10-23,2646,"-94.1643,29.8833",48245,"Texas, Jefferson",0.0520846069201614,1.6705816839934,0.0320743840220234,8179,1.00406509231921,1.0061545964614,0.0182173859885072,149,0.0005843114340728,1.00488805150283,1.00398200653206,0.310991122696119,1.0076240062991,0.6564,0.9452,0.8762,0.0049490001999992,1721.5,19.9,13.9,280.8,9534.5637641,0.1656707659,10.0,0.142,310.43063498,5.0,0.35,0.3314379159,0.0101803522,-14.0,-11.0,3.0,-14.0,-21.0,7.0
2020-10-23,2647,"-98.6968,27.0445",48247,"Texas, Jim Hogg",0.12962962962963,4.0015243902439,0.0308689024390244,162,1.00633012513585,1.0061545964614,0.0308641975308642,5,0.000952743902439,1.07570373984278,1.00398200653206,0.310991122696119,1.0076240062991,0.9838,0.9793,0.4919,,1260.35,21.5,17.6,5.0,8178.2090585,0.1488099559,8.1,0.086,39.792199867,2.3,0.245,0.0062881098,0.0062881098,,,,,,
2020-10-23,2648,"-98.0905,27.731",48249,"Texas, Jim Wells",,,0.0375777766890402,1534,,1.0061545964614,0.0338983050847458,52,0.0012738229386115,1.02752098046809,1.00398200653206,0.310991122696119,1.0076240062991,0.8395,0.9602,0.6746,0.0038949586007545,1449.97,18.3,14.6,50.9,9438.9097189,0.1520360221,9.1,0.131,75.218106673,4.0,0.322,0.0072999853,0.0101905835,-15.0,-7.0,,,-31.0,9.0
2020-10-23,2649,"-97.3662,32.3788",48251,"Texas, Johnson",0.0710413694721826,1.45307275284341,0.0204538955771733,3505,1.00588291942684,1.0061545964614,0.0179743223965763,63,0.00036764491337,1.00941508603088,1.00398200653206,0.310991122696119,1.0076240062991,0.3777,0.808,0.5431,0.0007994817957411,1983.62,15.9,13.7,201.0,7590.3317814,0.1450744418,10.5,0.122,101.51170479,5.0,0.389,0.0339867298,0.0098388782,-6.0,-9.0,-17.0,,-22.0,5.0
2020-10-23,2650,"-99.8786,32.74",48253,"Texas, Jones",0.0438448566610455,1.31200484432558,0.0299238027955796,593,1.00466298125825,1.0061545964614,0.0033726812816188,2,0.0001009234495635,1.10408951367381,1.00398200653206,0.310991122696119,1.0076240062991,0.6828,0.8023,0.5712,0.0047938638542665,1340.49,15.5,14.9,15.9,9270.7122307,0.1607547441,8.1,0.133,30.187277898,3.3,0.379,0.1203512136,0.0141797447,,,,,-13.0,
2020-10-23,2651,"-97.8596,28.9071",48255,"Texas, Karnes",0.0021097046413502,0.12779552715655,0.0605750798722045,948,1.00075574537768,1.0061545964614,0.0179324894514768,17,0.0010862619808306,1.0,1.00398200653206,0.310991122696119,1.0076240062991,0.642,0.9691,0.9392,0.0015974440894568,1981.23,14.4,14.0,22.2,7144.3143431,0.1551364405,9.4,0.035,75.85374461,3.7,0.286,0.0844728435,0.0104792332,-27.0,,,-46.0,-26.0,
2020-10-23,2652,"-96.2873,32.5991",48257,"Texas, Kaufman",0.057987822557263,1.55494394427081,0.0268150083189501,3449,1.00502860549024,1.0061545964614,0.0159466512032473,55,0.0004276095846744,1.01084518041743,1.00398200653206,0.310991122696119,1.0076240062991,0.5363,0.8523,0.3715,0.0007074994946432,2166.01,13.7,11.8,129.2,7519.204482,0.1487853389,10.6,0.095,84.454227674,5.0,0.358,0.1198473045,0.0101693334,-7.0,2.0,,-2.0,-22.0,8.0
2020-10-23,2653,"-98.7114,29.9441",48259,"Texas, Kendall",0.0185185185185185,0.153370872680266,0.0082820271247343,378,1.00113895807055,1.0061545964614,0.0264550264550265,10,0.000219101246686,1.0,1.00398200653206,0.310991122696119,1.0076240062991,0.043,0.7685,0.2455,,3099.84,9.7,18.8,60.0,5513.1962397,0.1196071676,9.2,0.063,156.68453063,5.0,0.234,0.0112618041,0.0074494424,-8.0,-17.0,,4.0,-21.0,5.0
2020-10-23,2654,"-97.6641,26.926",48261,"Texas, Kenedy",0.0,0.0,0.0158371040723982,7,1.0,1.0061545964614,0.285714285714286,2,0.004524886877828,1.0,1.00398200653206,0.310991122696119,1.0076240062991,0.5239,0.9975,0.2162,,982.28,25.9,22.9,0.5,,0.160713253,8.4,0.09,64.806498562,,0.237,0.020361991,0.0158371041,,,,,,
2020-10-23,2655,"-100.7781,33.181",48263,"Texas, Kent",0.1,1.37741046831956,0.0137741046831956,10,1.01516534655549,1.0061545964614,0.0,0,0.0,,1.00398200653206,0.310991122696119,1.0076240062991,0.3586,0.5384,0.2818,,1621.64,4.8,30.3,0.9,,0.1304982839,7.1,0.07,6.0519894832,,0.26,0.0123966942,0.0165289256,,,,,,
2020-10-23,2656,"-99.3493,30.0604",48265,"Texas, Kerr",0.0745614035087719,0.973189581146837,0.0130521896765576,684,1.00555149364622,1.0061545964614,0.0190058479532164,13,0.0002480679324491,1.0,1.00398200653206,0.310991122696119,1.0076240062991,0.3678,0.7997,0.7319,0.0066787520274782,1776.89,16.1,26.9,49.4,7992.8071939,0.13206663,8.5,0.208,99.005321387,4.3,0.244,0.0145787616,0.0114492892,-1.0,-12.0,44.0,,-14.0,3.0
2020-10-23,2657,"-99.7486,30.4868",48267,"Texas, Kimble",0.19047619047619,0.917010545621275,0.0048143053645116,21,1.0069943706001,1.0061545964614,0.0476190476190476,1,0.0002292526364053,1.0,1.00398200653206,0.310991122696119,1.0076240062991,0.4997,0.8157,0.148,0.0034387895460797,1489.07,18.3,28.9,3.5,11407.464906,0.1399227408,7.5,0.075,16.106559311,3.0,0.306,0.005043558,0.0139844108,,,,-12.0,,
2020-10-23,2658,"-100.2558,33.6164",48269,"Texas, King",1.0,3.6101083032491,0.0036101083032491,1,1.0,1.0061545964614,0.0,0,0.0,,1.00398200653206,0.310991122696119,1.0076240062991,0.4296,0.7326,0.0118,,2073.71,4.2,14.5,0.4,,0.1432232464,7.2,0.112,8.3488584033,,0.227,0.0,0.0144404332,,,,,,
2020-10-23,2659,"-100.4187,29.3497",48271,"Texas, Kinney",0.205479452054795,3.98194850013273,0.0193788160339793,73,1.0236064748723,1.0061545964614,0.0136986301369863,1,0.0002654632333421,1.0,1.00398200653206,0.310991122696119,1.0076240062991,0.8806,0.9755,0.6246,,1236.81,10.8,20.4,2.6,5281.9188386,0.1363136934,7.6,0.056,21.526460602,3.0,0.271,0.0103530661,0.0146004778,,,,,,
2020-10-23,2660,"-97.6989,27.4244",48273,"Texas, Kleberg",,,0.0320922612355039,999,,1.0061545964614,0.0510510510510511,51,0.0016383436666773,1.00573140984274,1.00398200653206,0.310991122696119,1.0076240062991,0.9328,0.9376,0.9879,0.0032124385621125,1476.86,15.5,12.8,37.1,9351.0866851,0.1504041304,9.1,0.058,66.498013228,4.0,0.34,0.0335057342,0.0091554499,-16.0,-10.0,-15.0,-19.0,-26.0,7.0
2020-10-23,2661,"-99.7423,33.6052",48275,"Texas, Knox",0.036036036036036,1.09499041883384,0.0303859841226389,111,1.0,1.0061545964614,0.0720720720720721,8,0.0021899808376676,1.0,1.00398200653206,0.310991122696119,1.0076240062991,0.7083,0.9137,0.198,0.0076649329318368,1382.22,16.8,18.3,4.6,11713.9652,0.1459686771,7.8,0.075,5.914578015,3.0,0.248,0.0528332877,0.0136873802,,,,,,
2020-10-23,2662,"-95.574,33.6698",48277,"Texas, Lamar",0.208849557522124,7.11872586872587,0.0340854247104247,1695,1.01370031289317,1.0061545964614,0.0265486725663717,45,0.0009049227799227,1.0065157606758,1.00398200653206,0.310991122696119,1.0076240062991,0.6841,0.6539,0.6902,0.0074002574002574,1528.51,16.3,18.6,55.8,9637.4401558,0.1797348092,9.9,0.15,88.115431452,5.0,0.343,0.1310730373,0.0183598777,-5.0,0.0,,30.0,-15.0,4.0
2020-10-23,2663,"-102.3516,34.0686",48279,"Texas, Lamb",0.279022403258656,10.4119167046664,0.0373157014743882,491,1.02015180529001,1.0061545964614,0.0468431771894094,23,0.0017479860161118,1.0,1.00398200653206,0.310991122696119,1.0076240062991,0.75,0.9682,0.5705,0.0056999544003648,1556.76,23.0,16.2,12.9,9657.2018492,0.1631604537,7.5,0.182,27.455682196,3.0,0.264,0.034123727,0.0171758626,,,,,-24.0,
2020-10-23,2664,"-98.2421,31.1953",48281,"Texas, Lampasas",0.0986842105263158,1.41316124169768,0.0143200339158698,304,1.0057699968369,1.0061545964614,0.0296052631578947,9,0.0004239483725093,1.0,1.00398200653206,0.310991122696119,1.0076240062991,0.4096,0.6329,0.4136,0.0011776343680814,1800.9,13.1,18.2,26.0,6657.886622,0.1428050267,9.0,0.057,84.935013559,4.0,0.3,0.0350935042,0.0129068727,1.0,,,,-15.0,5.0
2020-10-23,2665,"-99.0991,28.3445",48283,"Texas, La Salle",0.0163934426229508,0.796706944628867,0.0485991236223609,366,1.00640617215074,1.0061545964614,0.0355191256830601,13,0.0017261983800292,1.0,1.00398200653206,0.310991122696119,1.0076240062991,0.5592,0.9924,0.8867,,1234.51,18.8,14.0,6.7,7939.2092938,0.1449544563,8.2,0.091,47.710143683,3.7,0.295,0.0057097331,0.007568716,,,,-12.0,,
2020-10-23,2666,"-96.9319,29.3851",48285,"Texas, Lavaca",0.0734109221128021,4.07757334659374,0.0555445052212829,1117,1.00469096563858,1.0061545964614,0.0349149507609669,39,0.0019393336648433,1.01150029829051,1.00398200653206,0.310991122696119,1.0076240062991,0.2869,0.7561,0.7424,0.0024863252113376,1896.01,10.1,22.8,18.9,6553.8721132,0.1280381271,9.6,0.19,26.99060466,3.3,0.355,0.058478369,0.0063649925,,,,,-13.0,
2020-10-23,2667,"-96.9705,30.3112",48287,"Texas, Lee",0.0127118644067797,0.174988334111059,0.01376574895007,236,1.00060679700993,1.0061545964614,0.0593220338983051,14,0.0008166122258516,1.0,1.00398200653206,0.310991122696119,1.0076240062991,0.4487,0.8583,0.6488,,1882.75,15.8,18.3,27.8,8047.590251,0.1487823401,9.7,0.155,81.115531483,4.0,0.411,0.1051096594,0.0113742417,-1.0,,,,-19.0,
2020-10-23,2668,"-95.9936,31.2987",48289,"Texas, Leon",0.161490683229814,3.01100173711639,0.0186450492182976,322,1.00730749086129,1.0061545964614,0.0341614906832298,11,0.0006369426751592,1.01370885629547,1.00398200653206,0.310991122696119,1.0076240062991,0.5908,0.8017,0.2655,,1680.73,17.0,23.9,17.0,11166.971052,0.1569202865,9.7,0.195,50.952790643,3.7,0.338,0.0686160973,0.0088592936,,,,32.0,-17.0,
2020-10-23,2669,"-94.8121,30.1515",48291,"Texas, Liberty",0.0,0.0,0.0263197525572559,2272,1.00012581782377,1.0061545964614,0.0250880281690141,57,0.0006603106935579,1.01044840074871,1.00398200653206,0.310991122696119,1.0076240062991,0.7787,0.8755,0.9933,0.0015754781460329,1488.6,19.8,12.9,62.0,10088.850242,0.1668617231,10.3,0.197,65.105155945,5.0,0.338,0.0939263001,0.0117118265,-7.0,2.0,,8.0,-21.0,5.0
2020-10-23,2670,"-96.581,31.5455",48293,"Texas, Limestone",0.0847201210287443,2.38105361622518,0.0281049364343722,661,1.00350663721053,1.0061545964614,0.0242057488653555,16,0.0006803010332071,1.0,1.00398200653206,0.310991122696119,1.0076240062991,0.8892,0.914,0.9099,0.0033589863514605,1368.47,19.0,18.2,25.0,9744.6783384,0.1695034533,9.9,0.23,44.315835211,4.0,0.295,0.1665887155,0.012160381,-10.0,-14.0,,,-17.0,
2020-10-23,2671,"-100.2733,36.2778",48295,"Texas, Lipscomb",0.242424242424242,4.76900149031297,0.019672131147541,66,1.01863023587289,1.0061545964614,0.0151515151515152,1,0.0002980625931445,1.0,1.00398200653206,0.310991122696119,1.0076240062991,0.5067,0.8758,0.0965,,2019.78,19.9,15.3,3.3,7482.9728104,0.1391932273,7.0,0.057,8.8113087542,3.0,0.281,0.0083457526,0.0208643815,,,,,,
2020-10-23,2672,"-98.1247,28.351",48297,"Texas, Live Oak",0.0183727034120735,0.575373993095512,0.0313167844813414,381,1.00265259444987,1.0061545964614,0.026246719160105,10,0.0008219628472793,1.01516534655549,1.00398200653206,0.310991122696119,1.0076240062991,0.5653,0.9252,0.6784,,1586.82,17.9,20.0,12.9,7364.5890513,0.145217772,9.2,0.145,100.20706463,3.7,0.287,0.0410981424,0.0122472464,,-31.0,,-8.0,-30.0,
2020-10-23,2673,"-98.6848,30.7065",48299,"Texas, Llano",0.143712574850299,1.10874988450522,0.0077150512796821,167,1.00613589037902,1.0061545964614,0.0119760479041916,2,9.23958237087684e-05,1.0,1.00398200653206,0.310991122696119,1.0076240062991,0.4366,0.6301,0.3623,0.0013859373556315,2208.94,17.3,35.9,23.3,8687.7416983,0.1302391665,8.8,0.117,9.0484747992,3.7,0.265,0.0100249469,0.0094705719,10.0,,5.0,,-14.0,2.0
2020-10-23,2674,"-103.5819,31.8495",48301,"Texas, Loving",,0.0,0.0,0,,1.0061545964614,,0,0.0,,1.00398200653206,0.310991122696119,1.0076240062991,0.6201,0.8055,0.5721,,1271.69,12.2,24.5,0.6,,0.1434341959,6.6,0.045,0.0,,0.289,0.0460526316,0.0065789474,,,,,,
2020-10-23,2675,"-101.8205,33.6101",48303,"Texas, Lubbock",0.203874033014558,10.8876686661549,0.0534039009537689,16417,1.0161536560009,1.0061545964614,0.0096241700676128,158,0.000513968225053,1.00841358651828,1.00398200653206,0.310991122696119,1.0076240062991,0.5318,0.8574,0.8555,0.0040857220928265,1745.49,13.0,12.0,354.7,8347.4807303,0.1461825329,8.2,0.079,480.79966967,5.0,0.347,0.0701924453,0.011212965,-15.0,-10.0,-4.0,-29.0,-20.0,8.0
2020-10-23,2676,"-101.8163,33.1766",48305,"Texas, Lynn",0.294478527607362,8.16743236345074,0.0277352390675515,163,1.02948357816248,1.0061545964614,0.0306748466257669,5,0.0008507742045261,1.0,1.00398200653206,0.310991122696119,1.0076240062991,0.8344,0.8873,0.4288,0.0040837161817253,1711.96,18.7,16.8,5.8,9192.8290557,0.1565979177,7.4,0.159,29.699654117,3.0,0.285,0.022460439,0.0185468777,,,,,,
2020-10-23,2677,"-99.3468,31.1925",48307,"Texas, McCulloch",0.122448979591837,3.004882934769,0.0245398773006135,196,1.00985228970522,1.0061545964614,0.0204081632653061,4,0.0005008138224615,1.0,1.00398200653206,0.310991122696119,1.0076240062991,0.5529,0.7635,0.3072,0.0031300863903843,1530.15,20.6,22.1,8.1,8463.9811174,0.144333647,7.8,0.131,119.47641951,3.7,0.35,0.0177788907,0.0118943283,,,,,-15.0,
2020-10-23,2678,"-97.2022,31.5526",48309,"Texas, McLennan",0.0950996677740864,3.59770155573099,0.0378308530401756,9632,1.00678023201032,1.0061545964614,0.0134966777408638,130,0.0005105908321452,1.00677324750725,1.00398200653206,0.310991122696119,1.0076240062991,0.6318,0.9179,0.8984,0.0024311978853684,1760.78,14.5,13.9,251.1,7298.8494537,0.1574462012,10.4,0.098,337.57565762,5.0,0.328,0.1402435911,0.0113272612,-15.0,-4.0,-20.0,-10.0,-22.0,6.0
2020-10-23,2679,"-98.5677,28.3525",48311,"Texas, McMullen",0.0,0.0,0.0320427236315087,24,1.0,1.0061545964614,0.0416666666666667,1,0.0013351134846461,1.0,1.00398200653206,0.310991122696119,1.0076240062991,0.457,0.9179,0.3091,,1913.71,17.8,20.7,1.7,,0.1227931554,8.5,0.11,84.419813469,,0.264,0.0240320427,0.0066755674,,,,-70.0,,
2020-10-23,2680,"-95.93,30.9669",48313,"Texas, Madison",0.0080971659919028,0.416031063652753,0.051379836361115,741,1.00096768312737,1.0061545964614,0.0080971659919028,6,0.0004160310636527,1.0,1.00398200653206,0.310991122696119,1.0076240062991,0.635,0.9207,0.9621,0.0017334627652198,1516.56,15.4,14.6,28.3,9957.1443107,0.1619706101,9.8,0.133,61.082142955,4.0,0.27,0.1922063514,0.0119955623,,-3.0,,,-21.0,
2020-10-23,2681,"-94.3566,32.7987",48315,"Texas, Marion",0.0823529411764706,1.41015310233683,0.0171232876712329,170,1.00690977765663,1.0061545964614,0.0823529411764706,14,0.0014101531023368,1.0,1.00398200653206,0.310991122696119,1.0076240062991,0.7889,0.7488,0.3515,,1447.09,11.6,25.2,21.5,12439.00288,0.1699087697,9.9,0.181,69.552738045,3.3,0.402,0.2105157131,0.0124899275,,,,,-14.0,
2020-10-23,2682,"-101.9514,32.306",48317,"Texas, Martin",0.0813953488372093,1.21675647488267,0.0149487224057014,86,1.00336715580588,1.0061545964614,0.0813953488372093,7,0.0012167564748826,1.0,1.00398200653206,0.310991122696119,1.0076240062991,0.3615,0.9032,0.2219,0.003128802363984,1768.3,10.9,11.7,5.8,11636.015796,0.1353934553,7.5,0.042,37.278965765,3.0,0.358,0.0182513471,0.0137319659,,,,,-25.0,
2020-10-23,2683,"-99.2263,30.7178",48319,"Texas, Mason",0.0125,0.233644859813084,0.0186915887850467,80,1.0,1.0061545964614,0.025,2,0.0004672897196261,1.0,1.00398200653206,0.310991122696119,1.0076240062991,0.5264,0.8386,0.0191,,1566.18,19.0,25.1,4.3,6318.484068,0.1227082326,7.8,0.121,15.684213644,3.0,0.259,0.0046728972,0.0074766355,,,,,,
2020-10-23,2684,"-96.0123,28.8196",48321,"Texas, Matagorda",0.021978021978022,0.656598818122127,0.0298752462245568,1092,1.00131510640908,1.0061545964614,0.0485347985347985,53,0.0014499890566863,1.00551030918778,1.00398200653206,0.310991122696119,1.0076240062991,0.8185,0.9567,0.7666,0.0020518713066316,1555.36,17.9,16.1,33.6,9897.3777015,0.1611490721,9.8,0.098,87.14123112,4.0,0.377,0.1033595973,0.0138159335,-12.0,-4.0,,,-19.0,5.0
2020-10-23,2685,"-100.3158,28.7429",48323,"Texas, Maverick",0.0661800486618005,4.65076515345815,0.0702744293408566,4110,1.00982965838038,1.0061545964614,0.035036496350365,144,0.0024621697871249,1.00403251981126,1.00398200653206,0.310991122696119,1.0076240062991,0.9917,0.9997,0.6157,0.0017269385312473,1308.39,31.1,11.4,43.8,6969.6877604,0.1661157805,8.2,0.165,178.13506519,4.0,0.383,0.0024792682,0.0175942549,-31.0,-20.0,-14.0,-59.0,-32.0,9.0
2020-10-23,2686,"-99.1103,29.3557",48325,"Texas, Medina",0.0166402535657686,0.412403527032069,0.0247834881483082,1262,1.00125142990492,1.0061545964614,0.0380348652931854,48,0.0009426366332161,1.0,1.00398200653206,0.310991122696119,1.0076240062991,0.3994,0.8978,0.8004,0.0004909565798,1966.71,14.0,16.1,31.8,6910.1292328,0.1320208764,9.4,0.126,75.498373246,4.0,0.338,0.0247834881,0.0106243004,-4.0,-7.0,,21.0,-25.0,6.0
2020-10-23,2687,"-99.8205,30.8899",48327,"Texas, Menard",0.38,8.88265544647031,0.0233754090696587,50,1.0361319285602,1.0061545964614,0.0,0,0.0,,1.00398200653206,0.310991122696119,1.0076240062991,0.4131,0.9188,0.5174,,1332.35,31.0,26.6,2.3,18089.70255,0.1186928428,7.4,0.138,42.37108126,3.0,0.335,0.0130902291,0.0163627863,,,,,,
2020-10-23,2688,"-102.0316,31.869",48329,"Texas, Midland",0.154265353175435,4.26473826327805,0.0276454704539397,4771,1.01338449164002,1.0061545964614,0.0157199748480402,75,0.0004345861001981,1.01198288474998,1.00398200653206,0.310991122696119,1.0076240062991,0.2182,0.9478,0.5559,0.0027118172652365,2518.74,16.6,10.2,204.6,7022.2760316,0.1250405285,7.9,0.064,283.69384715,5.0,0.345,0.0604190569,0.0114441006,-22.0,-21.0,-15.0,-30.0,-27.0,11.0
2020-10-23,2689,"-96.9772,30.7858",48331,"Texas, Milam",0.0424354243542435,0.915204329314393,0.0215669889777566,542,1.00320354826991,1.0061545964614,0.0129151291512915,7,0.0002785404480522,1.0,1.00398200653206,0.310991122696119,1.0076240062991,0.5697,0.8252,0.5829,0.001392702240261,1478.7,13.5,19.7,23.9,9286.063093,0.1529233977,9.9,0.139,76.068194996,4.0,0.354,0.0869046198,0.0124945287,15.0,2.0,,,-12.0,4.0
2020-10-23,2690,"-98.5927,31.4956",48333,"Texas, Mills",0.123287671232877,1.82889656573867,0.0148343832554359,73,1.00601289087407,1.0061545964614,0.0136986301369863,1,0.0002032107295265,,1.00398200653206,0.310991122696119,1.0076240062991,0.5583,0.7816,0.4164,,1639.56,17.8,28.8,6.4,9012.9631651,0.1354315588,8.2,0.066,60.282226305,3.0,0.297,0.0083316399,0.009754115,,,,,,
2020-10-23,2691,"-100.9212,32.3062",48335,"Texas, Mitchell",0.32484076433121,6.26151012891344,0.0192756292203806,157,1.03075763798234,1.0061545964614,0.0127388535031847,2,0.0002455494168201,1.0,1.00398200653206,0.310991122696119,1.0076240062991,0.6459,0.9245,0.6543,0.0030693677102516,1478.2,18.1,15.2,7.4,9902.5764188,0.1355322752,7.4,0.06,26.610161325,3.0,0.308,0.0909760589,0.0182934316,,,-77.0,,-21.0,
2020-10-23,2692,"-97.725,33.6752",48337,"Texas, Montague",0.196787148594378,2.50051030822617,0.0127066748315983,249,1.02051830587951,1.0061545964614,0.0200803212851406,5,0.0002551541130843,1.03239118471,1.00398200653206,0.310991122696119,1.0076240062991,0.4854,0.674,0.3292,0.0044396815676668,1629.0,18.7,21.8,20.4,10055.654117,0.1519165216,9.1,0.124,38.752438631,4.0,0.306,0.0055113288,0.0141865687,,,,,-17.0,
2020-10-23,2693,"-95.5057,30.3008",48339,"Texas, Montgomery",0.0734891216760677,1.54334306384059,0.0210009730507256,12410,1.00334818188835,1.0061545964614,0.0138597904915391,172,0.0002910690866015,1.00422327361857,1.00398200653206,0.310991122696119,1.0076240062991,0.228,0.8679,0.5221,0.0024673181875872,2870.81,14.1,12.5,513.1,5920.340345,0.1461074841,11.4,0.09,207.93613531,5.0,0.261,0.0511164699,0.0098845031,-9.0,-6.0,34.0,0.0,-26.0,8.0
2020-10-23,2694,"-101.893,35.8377",48341,"Texas, Moore",0.0735632183908046,4.46823365138469,0.0607400511985106,1305,1.0065157606758,1.0061545964614,0.0168582375478927,22,0.0010239702117756,1.0,1.00398200653206,0.310991122696119,1.0076240062991,0.7389,0.9866,0.4922,0.0011636025133814,1663.97,17.3,10.4,26.5,7754.6483734,0.1481254725,6.9,0.083,115.96656739,4.0,0.276,0.0334186642,0.017128229,-14.0,-13.0,,3.0,-22.0,3.0
2020-10-23,2695,"-94.7326,33.113",48343,"Texas, Morris",0.0892018779342723,1.53983304967988,0.0172623389253586,213,1.00975979646246,1.0061545964614,0.0234741784037559,5,0.0004052192235999,1.03239118471,1.00398200653206,0.310991122696119,1.0076240062991,0.7089,0.7402,0.4015,,1390.48,15.8,21.2,48.0,12482.49636,0.1509097497,9.8,0.113,52.505751546,4.0,0.384,0.2214928276,0.0137774536,,,,,-9.0,
2020-10-23,2696,"-100.7797,34.0741",48345,"Texas, Motley",0.411764705882353,5.67260940032415,0.0137763371150729,17,1.05101682379262,1.0061545964614,0.0,0,0.0,,1.00398200653206,0.310991122696119,1.0076240062991,0.5334,0.5107,0.2073,,1541.52,18.4,29.2,1.2,17407.04383,0.1413227885,7.0,0.112,6.2039790358,,0.283,0.0235008104,0.0243111831,,,,,,
2020-10-23,2697,"-94.618,31.6202",48347,"Texas, Nacogdoches",0.0641169853768279,1.73486935216326,0.0270578746328621,1778,1.0052507825658,1.0061545964614,0.0382452193475816,68,0.0010348343504131,1.00646659519269,1.00398200653206,0.310991122696119,1.0076240062991,0.8774,0.8933,0.999,0.0056154981662126,1693.95,17.5,13.7,67.9,8103.7712206,0.1703201134,9.9,0.151,47.045182313,5.0,0.356,0.1769871102,0.0088113101,-11.0,-17.0,,25.0,-19.0,6.0
2020-10-23,2698,"-96.4743,32.0462",48349,"Texas, Navarro",0.0441595441595442,1.25088267931,0.0283264400282457,1404,1.00340362278902,1.0061545964614,0.0227920227920228,32,0.0006456168667406,1.01416221482281,1.00398200653206,0.310991122696119,1.0076240062991,0.8471,0.9312,0.8822,0.0032684353878745,1529.02,18.4,16.6,46.0,9241.3400053,0.1632852295,10.2,0.099,102.97681817,4.0,0.304,0.1275900333,0.0113991728,-6.0,-12.0,,-11.0,-16.0,5.0
2020-10-23,2699,"-93.7441,30.7855",48351,"Texas, Newton",0.0053191489361702,0.072748435908628,0.0136767059508221,188,1.00076219689245,1.0061545964614,0.0691489361702128,13,0.0009457296668121,1.0,1.00398200653206,0.310991122696119,1.0076240062991,0.8634,0.4387,0.3289,,1309.33,20.0,19.6,12.6,10057.391598,0.1531975598,9.5,0.123,9.1748718074,3.0,0.364,0.2015859159,0.0087298123,,,,,-20.0,
2020-10-23,2700,"-100.406,32.3037",48353,"Texas, Nolan",0.240208877284595,6.23686529726798,0.025964341400583,383,1.01503919203713,1.0061545964614,0.0130548302872063,5,0.0003389600705036,1.0,1.00398200653206,0.310991122696119,1.0076240062991,0.7035,0.8956,0.8848,0.0057623211985628,1464.39,19.0,17.7,17.3,9814.3887182,0.1488702531,7.6,0.189,100.91394314,4.0,0.359,0.043386889,0.0121347705,-18.0,,,-7.0,-13.0,
2020-10-23,2701,"-97.5433,27.7363",48355,"Texas, Nueces",0.0070623218931978,0.314686762452901,0.0445585413992519,16142,1.00062104182232,1.0061545964614,0.0250898277784661,405,0.0011179661297668,1.00213451057641,1.00398200653206,0.310991122696119,1.0076240062991,0.6175,0.9341,0.8742,0.0045519164147792,1894.02,17.1,13.7,452.1,7843.9145286,0.1439667947,9.9,0.131,517.14886745,5.0,0.327,0.0347894497,0.0085903965,-14.0,-10.0,25.0,-34.0,-24.0,7.0
2020-10-23,2702,"-100.8158,36.2783",48357,"Texas, Ochiltree",0.413194444444444,11.963406052076,0.0289534533025033,288,1.03523888986885,1.0061545964614,0.0173611111111111,5,0.0005026641198351,1.0,1.00398200653206,0.310991122696119,1.0076240062991,0.6417,0.9713,0.391,0.0025133205991756,1712.35,21.1,10.0,12.6,6706.0233058,0.146246514,7.1,0.187,73.975326669,3.7,0.244,0.005730371,0.0185985724,,,,,-19.0,
2020-10-23,2703,"-102.6028,35.4043",48359,"Texas, Oldham",0.222222222222222,2.81557954012201,0.012670107930549,27,1.01105509534937,1.0061545964614,0.0740740740740741,2,0.000938526513374,1.10408951367381,1.00398200653206,0.310991122696119,1.0076240062991,0.4395,0.6549,0.5215,,1943.18,10.4,14.1,1.5,6239.5771761,0.1486941367,6.1,0.058,45.407839543,3.0,0.232,0.0305021117,0.0107930549,,,,35.0,,
2020-10-23,2704,"-93.8941,30.1188",48361,"Texas, Orange",0.0489181561618062,1.24443593548078,0.0254391422964629,2126,1.00535407822719,1.0061545964614,0.0216368767638758,46,0.0005504235868472,1.0,1.00398200653206,0.310991122696119,1.0076240062991,0.422,0.5473,0.6078,0.0004786292059541,2083.73,15.9,15.4,202.9,10658.213693,0.1641941654,9.8,0.153,154.02726611,5.0,0.408,0.0851959987,0.0073948212,-1.0,-7.0,21.0,19.0,-18.0,5.0
2020-10-23,2705,"-98.3132,32.7531",48363,"Texas, Palo Pinto",0.0811209439528024,1.9047619047619,0.0234805194805195,678,1.00872484214369,1.0061545964614,0.0250737463126844,17,0.0005887445887445,1.0,1.00398200653206,0.310991122696119,1.0076240062991,0.7487,0.8147,0.7491,0.0025627705627705,1596.76,19.5,19.1,28.4,9445.5223174,0.159663053,9.1,0.107,51.081259893,4.3,0.321,0.0233419913,0.0112207792,0.0,-13.0,,,-19.0,6.0
2020-10-23,2706,"-94.3055,32.164",48365,"Texas, Panola",0.0919037199124726,1.81441161223432,0.0197425263521687,457,1.00575707689637,1.0061545964614,0.0612691466083151,28,0.0012096077414895,1.00520889711624,1.00398200653206,0.310991122696119,1.0076240062991,0.5481,0.7052,0.6125,0.0021168135476067,1667.88,17.1,18.0,29.0,10291.611782,0.1584351004,10.0,0.16,18.736663564,5.0,0.372,0.1566874028,0.0070416451,-8.0,,,1.0,-18.0,2.0
2020-10-23,2707,"-97.805,32.7776",48367,"Texas, Parker",0.108085106382979,1.83564475215182,0.0169833274313259,2350,1.00829268672704,1.0061545964614,0.0191489361702128,45,0.0003252126529402,1.00990485606307,1.00398200653206,0.310991122696119,1.0076240062991,0.2086,0.6367,0.3645,0.0007154678364686,2674.88,14.5,15.1,123.8,6627.2441242,0.1386153343,10.0,0.066,82.70785002,5.0,0.349,0.014265995,0.0095901598,-7.0,-6.0,-27.0,2.0,-16.0,5.0
2020-10-23,2708,"-102.7845,34.5299",48369,"Texas, Parmer",0.181159420289855,10.1378751013788,0.0559610705596107,552,1.00829103965287,1.0061545964614,0.0326086956521739,18,0.0018248175182481,1.02638809625704,1.00398200653206,0.310991122696119,1.0076240062991,0.6035,0.9841,0.5062,0.0025344687753446,1637.61,19.9,13.0,12.7,7609.18921,0.1476968546,7.0,0.09,92.883927118,3.0,0.402,0.0100364964,0.0165247364,,,,,-12.0,
2020-10-23,2709,"-102.7241,30.781",48371,"Texas, Pecos",0.0671296296296296,1.85031582977094,0.0275633254641741,432,1.00471740002127,1.0061545964614,0.0138888888888889,6,0.0003828239647801,1.02638809625704,1.00398200653206,0.310991122696119,1.0076240062991,0.629,0.9834,0.9691,0.0026159637593313,1505.91,18.1,12.6,3.3,6160.9004924,0.1384054638,7.0,0.109,64.142833016,3.7,0.462,0.0389204364,0.0141006827,-16.0,,,7.0,-22.0,
2020-10-23,2710,"-94.8277,30.7947",48373,"Texas, Polk",0.0394736842105263,0.71955387659651,0.0182286982071116,912,1.00237196982498,1.0061545964614,0.0350877192982456,32,0.0006396034458635,1.00926242190831,1.00398200653206,0.310991122696119,1.0076240062991,0.7583,0.8176,0.9319,0.0013191821070936,1569.85,18.2,18.6,41.8,10707.291292,0.1638905082,9.9,0.16,56.657835756,4.3,0.437,0.0981391537,0.0233455258,2.0,5.0,,-1.0,-16.0,4.0
2020-10-23,2711,"-101.894,35.4013",48375,"Texas, Potter",0.14679022293849,9.13512971382723,0.0622325488098422,7446,1.01008351647451,1.0061545964614,0.0114155251141553,85,0.0007104172238566,1.02399553114985,1.00398200653206,0.310991122696119,1.0076240062991,0.7312,0.9637,0.985,0.0074468440759561,1518.41,22.1,11.9,160.3,10383.566809,0.1758588372,7.5,0.106,359.56899962,5.0,0.368,0.1000016716,0.0134394223,-16.0,-10.0,-23.0,2.0,-20.0,6.0
2020-10-23,2712,"-104.2408,29.9995",48377,"Texas, Presidio",0.217741935483871,3.8860103626943,0.0178468624064479,124,1.00232563164892,1.0061545964614,0.0564516129032258,7,0.0010074841681059,1.0,1.00398200653206,0.310991122696119,1.0076240062991,0.9939,0.9978,0.7026,,1025.9,26.1,22.4,2.0,5107.1841383,0.1635750904,5.9,0.19,46.057118279,3.0,0.295,0.0094991364,0.0159758204,,,,,-30.0,
2020-10-23,2713,"-95.7923,32.8711",48379,"Texas, Rains",0.116279069767442,0.822436055596677,0.0070729500781314,86,1.01404608493983,1.0061545964614,0.0581395348837209,5,0.0004112180277983,1.0,1.00398200653206,0.310991122696119,1.0076240062991,0.4669,0.4394,0.2964,,1443.0,19.4,24.6,39.2,8895.393308,0.1430319782,10.0,0.263,37.967760084,4.0,0.308,0.0240151328,0.0113496176,,,,,-18.0,
2020-10-23,2714,"-101.8971,34.9659",48381,"Texas, Randall",0.26984126984127,9.23160467010589,0.0342112408362748,4662,1.01852049680728,1.0061545964614,0.0107250107250107,50,0.0003669159248849,1.00887852574775,1.00398200653206,0.310991122696119,1.0076240062991,0.0847,0.7004,0.39,2.93532739907977e-05,2161.3,9.5,14.3,117.8,6820.8122146,0.132711095,7.5,0.088,155.21144974,5.0,0.272,0.0311658387,0.0097012571,-12.0,-17.0,,,-22.0,6.0
2020-10-23,2715,"-101.5233,31.3661",48383,"Texas, Reagan",0.0,0.0,0.0240577385725742,90,1.00159746038235,1.0061545964614,0.0666666666666667,6,0.0016038492381716,1.0,1.00398200653206,0.310991122696119,1.0076240062991,0.5815,0.9885,0.0659,0.0018711574445335,1639.14,22.1,9.3,3.7,7244.5332374,0.1499901075,7.2,0.063,52.269220063,3.0,0.283,0.0248596632,0.0114942529,,,,-31.0,,
2020-10-23,2716,"-99.8202,29.8332",48385,"Texas, Real",0.032258064516129,1.15008625646924,0.0356526739505463,124,1.0046952487017,1.0061545964614,0.0645161290322581,8,0.0023001725129384,1.0,1.00398200653206,0.310991122696119,1.0076240062991,0.6411,0.7074,0.4387,,1285.51,26.6,33.0,4.6,9871.3506384,0.1484264572,7.5,0.1,6.2421230554,3.0,0.256,0.0089131685,0.017826337,,,,,,
2020-10-23,2717,"-95.0484,33.6189",48387,"Texas, Red River",0.137755102040816,2.217659137577,0.0160985626283368,196,1.01549462510681,1.0061545964614,0.086734693877551,17,0.0013963039014373,1.02812481341586,1.00398200653206,0.310991122696119,1.0076240062991,0.8143,0.3496,0.2983,,1097.15,14.4,23.6,10.2,11536.575474,0.1697087119,9.8,0.186,37.956838528,3.0,0.394,0.1633675565,0.0159342916,,,,,-8.0,
2020-10-23,2718,"-103.6904,31.3232",48389,"Texas, Reeves",0.159533073929961,2.6122969098439,0.0163746416056069,257,1.0134836626808,1.0061545964614,0.0233463035019455,6,0.00038228735266,1.0,1.00398200653206,0.310991122696119,1.0076240062991,0.7831,0.9946,0.9112,0.001592863969417,1421.57,20.4,12.1,5.5,8348.5660301,0.1462975402,6.7,0.072,165.99387297,3.7,0.283,0.0460019114,0.0091111819,-45.0,-35.0,,-20.0,-36.0,
2020-10-23,2719,"-97.1577,28.3239",48391,"Texas, Refugio",,,0.0433731513083049,305,,1.0061545964614,0.0524590163934426,16,0.0022753128555176,1.00926242190831,1.00398200653206,0.310991122696119,1.0076240062991,0.8465,0.887,0.5508,0.002844141069397,1480.43,15.9,21.4,9.0,8973.2635964,0.1395636887,9.3,0.105,119.51388869,3.7,0.217,0.0536120592,0.010523322,,,,2.0,-14.0,
2020-10-23,2720,"-100.8132,35.8381",48393,"Texas, Roberts",0.0,0.0,0.0155038759689922,14,1.0,1.0061545964614,0.0,0,0.0,,1.00398200653206,0.310991122696119,1.0076240062991,0.1404,0.2496,0.0022,,2184.66,10.6,22.6,0.8,,0.1258810562,6.8,0.061,37.812910972,,0.232,0.0033222591,0.0099667774,,,,,,
2020-10-23,2721,"-96.5127,31.0254",48395,"Texas, Robertson",0.153846153846154,3.58713260819255,0.0233163619532516,403,1.00214519496817,1.0061545964614,0.009925558312655,4,0.0002314279102059,1.0,1.00398200653206,0.310991122696119,1.0076240062991,0.5952,0.8529,0.7141,,1406.02,13.3,18.9,19.2,10509.181649,0.1472178451,9.8,0.16,93.148095067,3.7,0.366,0.1920851655,0.010182828,,,,4.0,-15.0,
2020-10-23,2722,"-96.4077,32.8978",48397,"Texas, Rockwall",0.0765911542610572,1.41073149408387,0.0184189872537429,1854,1.00664568817156,1.0061545964614,0.017259978425027,32,0.0003179113226104,1.00926242190831,1.00398200653206,0.310991122696119,1.0076240062991,0.0704,0.78,0.1105,0.001688903901368,3043.98,11.5,11.8,604.5,4692.0152617,0.127679173,10.5,0.147,171.959909,5.0,0.249,0.06466515,0.0083352375,-6.0,-12.0,,4.0,-30.0,11.0
2020-10-23,2723,"-99.9762,31.8314",48399,"Texas, Runnels",0.013840830449827,0.390854016025015,0.0282392026578073,289,1.0014918083968,1.0061545964614,0.0311418685121107,9,0.0008794215360562,1.0,1.00398200653206,0.310991122696119,1.0076240062991,0.5637,0.7501,0.1089,0.0048856752003126,1525.24,13.6,20.6,9.6,7075.579089,0.1501609459,7.8,0.144,58.178778266,3.0,0.29,0.0192495603,0.0164158687,,,,,-14.0,
2020-10-23,2724,"-94.7618,32.1077",48401,"Texas, Rusk",0.0404040404040404,0.734618916437098,0.0181818181818182,990,1.00410705269983,1.0061545964614,0.0212121212121212,21,0.0003856749311294,1.0069943706001,1.00398200653206,0.310991122696119,1.0076240062991,0.6462,0.8666,0.7803,0.001763085399449,1638.87,18.4,16.1,49.6,8624.0482359,0.1674560402,10.2,0.155,48.454819835,5.0,0.388,0.1716620753,0.0103030303,7.0,-5.0,,,-15.0,2.0
2020-10-23,2725,"-93.8544,31.3432",48403,"Texas, Sabine",0.0888888888888889,0.755500991595051,0.0084993861554443,90,1.00485482547268,1.0061545964614,0.1,9,0.0008499386155444,1.0,1.00398200653206,0.310991122696119,1.0076240062991,0.7742,0.2853,0.2139,0.0023609405987345,1312.06,12.5,30.2,19.3,12162.23512,0.1600186728,9.2,0.086,7.2622545862,3.0,0.324,0.0672395883,0.0093493248,,,,,-9.0,
2020-10-23,2726,"-94.17,31.3946",48405,"Texas, San Augustine",0.0327102803738318,0.850340136054422,0.0259961127308066,214,1.00407082558081,1.0061545964614,0.0700934579439252,15,0.0018221574344023,1.0,1.00398200653206,0.310991122696119,1.0076240062991,0.8949,0.6574,0.7819,0.0021865889212828,1276.47,14.8,25.6,14.4,13404.989672,0.1672179804,9.3,0.237,22.847218225,3.0,0.397,0.218537415,0.0076530612,,,,,-30.0,
2020-10-23,2727,"-95.1626,30.5793",48407,"Texas, San Jacinto",0.0338983050847458,0.278561231240642,0.0082175563215989,236,1.00368570357669,1.0061545964614,0.0466101694915254,11,0.0003830216929558,1.0,1.00398200653206,0.310991122696119,1.0076240062991,0.7452,0.78,0.269,,1523.23,19.5,22.0,36.8,10045.135546,0.1652846533,10.0,0.143,29.717051277,3.3,0.3,0.0929001706,0.0098541036,,,,,-23.0,5.0
2020-10-23,2728,"-97.5176,28.0088",48409,"Texas, San Patricio",0.0309877340219496,0.717563870659112,0.0231563840760618,1549,1.00176467321076,1.0061545964614,0.0516462233699161,80,0.0011959397844318,1.00179858440282,1.00398200653206,0.310991122696119,1.0076240062991,0.6478,0.9494,0.625,0.0011211935479048,1829.8,16.8,14.4,90.0,8714.4732494,0.1514141934,9.7,0.104,95.378737809,5.0,0.403,0.0145904654,0.0101654882,-6.0,-6.0,12.0,1.0,-18.0,5.0
2020-10-23,2729,"-98.8176,31.1578",48411,"Texas, San Saba",0.31858407079646,5.94648166501487,0.0186653452262967,113,1.01332497238816,1.0061545964614,0.0088495575221238,1,0.0001651800462504,,1.00398200653206,0.310991122696119,1.0076240062991,0.5882,0.9058,0.6721,,1400.02,18.6,22.5,5.1,7928.45186,0.1579116238,8.1,0.062,50.336217408,3.0,0.254,0.0360092501,0.0140403039,,,,,,
2020-10-23,2730,"-100.5385,30.8974",48413,"Texas, Schleicher",0.0363636363636364,0.690846286701209,0.0189982728842832,55,1.00262474414926,1.0061545964614,0.0363636363636364,2,0.0006908462867012,1.0,1.00398200653206,0.310991122696119,1.0076240062991,0.772,0.9424,0.249,0.0048359240069084,1529.26,21.6,15.8,2.6,5462.436175,0.1199523909,7.3,0.062,56.501491505,3.0,0.236,0.0127806563,0.0107081174,,,,,,
2020-10-23,2731,"-100.9163,32.7461",48415,"Texas, Scurry",0.172946859903382,10.6130677101862,0.0613660618996798,1035,1.01508752628946,1.0061545964614,0.0115942028985507,12,0.0007114905727499,1.02638809625704,1.00398200653206,0.310991122696119,1.0076240062991,0.5854,0.8892,0.71,0.0014822720265623,1796.69,18.9,15.0,18.6,7197.3507818,0.1465010075,7.5,0.084,43.994840431,3.7,0.296,0.0466026325,0.0135776118,-8.0,,,,-23.0,
2020-10-23,2732,"-99.354,32.7359",48417,"Texas, Shackelford",0.194444444444444,2.15185982170304,0.0110667076544728,36,1.02159147023276,1.0061545964614,0.0,0,0.0,,1.00398200653206,0.310991122696119,1.0076240062991,0.7217,0.6323,0.3559,,1660.51,12.8,18.4,3.7,3371.7348148,0.1439825988,7.7,0.077,28.500321118,3.0,0.281,0.010144482,0.006762988,,,,,,
2020-10-23,2733,"-94.1455,31.7921",48419,"Texas, Shelby",0.0313653136531365,0.668817373514832,0.0213234715555905,542,1.00185876172326,1.0061545964614,0.0553505535055351,30,0.0011802659532614,1.00990485606307,1.00398200653206,0.310991122696119,1.0076240062991,0.9175,0.9089,0.5294,,1391.28,21.7,16.8,32.9,10076.952162,0.1743908687,9.8,0.107,39.358019511,4.0,0.265,0.1719647494,0.0102289716,7.0,,,,-15.0,
2020-10-23,2734,"-101.8933,36.2775",48421,"Texas, Sherman",0.131578947368421,3.2478077297824,0.0246833387463462,76,1.01601628385513,1.0061545964614,0.0131578947368421,1,0.0003247807729782,1.0,1.00398200653206,0.310991122696119,1.0076240062991,0.4984,0.9363,0.2108,,1883.93,20.6,14.2,3.0,7276.3701105,0.1342590776,6.5,0.042,83.137367405,3.0,0.277,0.0123416694,0.0120168886,,,,16.0,,
2020-10-23,2735,"-95.2718,32.3747",48423,"Texas, Smith",0.0726764500349406,1.35521954991074,0.0186472997684833,4293,1.00530184842649,1.0061545964614,0.0295830421616585,127,0.0005516438552521,1.00933812984055,1.00398200653206,0.310991122696119,1.0076240062991,0.607,0.9096,0.7252,0.0044826492804739,1922.36,16.3,15.9,254.7,7397.8444914,0.1587164194,10.3,0.136,174.17229157,5.0,0.344,0.1721563194,0.0082833451,-12.0,-8.0,5.0,-9.0,-18.0,6.0
2020-10-23,2736,"-97.774,32.2224",48425,"Texas, Somervell",0.0382165605095541,0.665483584738243,0.017413487133984,157,1.00463431745884,1.0061545964614,0.0318471337579618,5,0.0005545696539485,1.0,1.00398200653206,0.310991122696119,1.0076240062991,0.4917,0.4365,0.6371,0.0017746228926353,2011.48,13.6,18.0,52.0,8676.1150867,0.1539277521,9.1,0.077,54.770029185,5.0,0.291,0.0108695652,0.0157497782,,,,,-9.0,
2020-10-23,2737,"-98.7389,26.5615",48427,"Texas, Starr",0.0048627002288329,0.263463773731112,0.054180550174351,3496,1.00020448228514,1.0061545964614,0.0520594965675057,182,0.0028206121658272,1.0023772327528,1.00398200653206,0.310991122696119,1.0076240062991,1.0,1.0,0.553,0.0007438977140643,1028.74,34.8,11.2,52.3,6696.7905373,0.1883008212,8.6,0.106,190.80348451,3.7,0.384,0.0012863231,0.0040604417,-24.0,0.0,-43.0,,-34.0,9.0
2020-10-23,2738,"-98.8363,32.7355",48429,"Texas, Stephens",0.0645161290322581,1.06010813102936,0.0164316760309552,155,1.00759908908198,1.0061545964614,0.0258064516129032,4,0.0004240432524117,1.0,1.00398200653206,0.310991122696119,1.0076240062991,0.8411,0.7552,0.6285,0.0042404325241174,1602.25,19.2,19.1,9.9,9721.62801,0.1614365231,8.0,0.081,111.26968412,3.0,0.307,0.025548606,0.0133573625,,,,,-8.0,
2020-10-23,2739,"-101.0501,31.8278",48431,"Texas, Sterling",0.416666666666667,3.813882532418,0.0091533180778032,12,1.02638809625704,1.0061545964614,0.0,0,0.0,,1.00398200653206,0.310991122696119,1.0076240062991,0.1898,0.5619,0.3578,,1402.87,22.9,13.9,1.5,,0.1525965254,7.2,0.107,150.96074753,3.0,0.249,0.0183066362,0.0205949657,,,,,,
2020-10-23,2740,"-100.2538,33.1791",48433,"Texas, Stonewall",0.111111111111111,1.46842878120411,0.013215859030837,18,1.00819891621082,1.0061545964614,0.0555555555555556,1,0.000734214390602,1.0,1.00398200653206,0.310991122696119,1.0076240062991,0.257,0.3613,0.3629,0.0146842878120411,1723.42,14.0,26.9,1.6,7193.1167747,0.134680195,7.4,0.075,18.669963467,3.0,0.269,0.0308370044,0.016886931,,,,,,
2020-10-23,2741,"-100.5382,30.4986",48435,"Texas, Sutton",0.166666666666667,4.52368281000532,0.0271420968600319,102,1.02298367390423,1.0061545964614,0.0294117647058824,3,0.0007982969664715,1.0,1.00398200653206,0.310991122696119,1.0076240062991,0.4621,0.9647,0.3117,0.0031931878658861,1925.75,17.8,16.9,2.9,5827.8599537,0.1157309879,7.3,0.081,72.587236307,3.0,0.326,0.0047897818,0.0111761575,,,,,,
2020-10-23,2742,"-101.7349,34.5303",48437,"Texas, Swisher",0.192857142857143,3.61833288662557,0.0187617260787993,140,1.01288402997981,1.0061545964614,0.0214285714285714,3,0.0004020369874028,1.0,1.00398200653206,0.310991122696119,1.0076240062991,0.9108,0.9373,0.7211,0.0026802465826856,1292.55,20.2,17.9,7.5,9446.3333352,0.1679298083,7.3,0.065,36.7747434,3.0,0.242,0.0759849906,0.0168855535,,,,,-9.0,
2020-10-23,2743,"-97.291,32.7714",48439,"Texas, Tarrant",0.110336712527154,2.92335813511334,0.0264948816051946,55240,1.00836220957635,1.0061545964614,0.0145003620564808,801,0.0003841853759189,1.00528195733033,1.00398200653206,0.310991122696119,1.0076240062991,0.3793,0.9487,0.4464,0.0023564328987386,2293.61,16.1,10.7,2333.5,6413.3211171,0.1404899967,10.6,0.104,578.23960879,5.0,0.295,0.166984423,0.0088261914,-16.0,-8.0,-13.0,-32.0,-31.0,9.0
2020-10-23,2744,"-99.8901,32.3016",48441,"Texas, Taylor",0.12644947542794,1.66376053472828,0.0131575123510607,1811,1.00899202545583,1.0061545964614,0.0347874102705687,63,0.0004577157802964,1.0022883773974,1.00398200653206,0.310991122696119,1.0076240062991,0.4465,0.8274,0.7399,0.0054707933740191,1832.37,14.0,14.0,156.0,9392.4617427,0.1527775479,8.2,0.079,216.4862431,5.0,0.32,0.0734888114,0.0101714618,-10.0,-4.0,,24.0,-20.0,6.0
2020-10-23,2745,"-102.0767,30.2243",48443,"Texas, Terrell",0.25,1.21506682867558,0.0048602673147023,4,1.04195362743721,1.0061545964614,0.0,0,0.0,,1.00398200653206,0.310991122696119,1.0076240062991,0.7799,0.9615,0.0229,,1240.86,9.5,31.7,0.4,25879.664314,0.1464499162,7.2,0.11,36.944803843,,0.259,0.0097205346,0.035236938,,,,,,
2020-10-23,2746,"-102.3355,33.174",48445,"Texas, Terry",0.344827586206897,13.8357613738097,0.0401237079840482,493,1.03105195391662,1.0061545964614,0.0141987829614604,7,0.0005697078212745,1.02226578920968,1.00398200653206,0.310991122696119,1.0076240062991,0.9051,0.9669,0.95,0.003662407422479,1413.28,23.1,15.2,13.6,9487.0021751,0.1577887293,7.3,0.06,119.94867075,3.7,0.344,0.0405306421,0.0126963457,,,,,-18.0,
2020-10-23,2747,"-99.2123,33.1775",48447,"Texas, Throckmorton",0.235294117647059,2.64026402640264,0.0112211221122112,17,1.01804126125684,1.0061545964614,0.117647058823529,2,0.0013201320132013,1.0,1.00398200653206,0.310991122696119,1.0076240062991,0.4885,0.3636,0.0337,0.0092409240924092,1345.65,15.9,24.9,1.8,11022.153431,0.1373739159,7.7,0.065,19.990039041,3.0,0.255,0.0092409241,0.0118811881,,,,,,
2020-10-23,2748,"-94.968,33.2134",48449,"Texas, Titus",0.0470737913486005,2.24018405836588,0.0475887748615021,1572,1.00491151792603,1.0061545964614,0.022264631043257,35,0.0010595465140919,1.0041496628021,1.00398200653206,0.310991122696119,1.0076240062991,0.8532,0.9618,0.596,0.0049647322374595,1561.76,18.1,13.7,87.4,7248.690596,0.1619737819,10.0,0.113,84.548068222,5.0,0.31,0.0904549995,0.0240668422,-3.0,-4.0,,,-17.0,2.0
2020-10-23,2749,"-100.4624,31.4046",48451,"Texas, Tom Green",0.0734197094621123,1.58221154252934,0.0215502288707071,2547,1.0063268478174,1.0061545964614,0.0302316450726345,77,0.0006514988704532,1.00764996700461,1.00398200653206,0.310991122696119,1.0076240062991,0.3939,0.879,0.8851,0.0045181869717148,1814.44,13.7,14.9,77.6,7521.9746535,0.1414443587,8.0,0.123,181.39462159,5.0,0.291,0.0361116517,0.0112954674,-14.0,-12.0,-24.0,,-20.0,7.0
2020-10-23,2750,"-97.7854,30.3343",48453,"Texas, Travis",0.0394197515050596,0.985791311743089,0.0250075475898564,31228,1.00290169322772,1.0061545964614,0.0140578967593186,439,0.0003515535222219,1.00098007563572,1.00398200653206,0.310991122696119,1.0076240062991,0.2277,0.9484,0.7386,0.0019859971187025,2668.2,13.1,9.2,1391.9,4617.7089197,0.1248149558,10.5,0.07,579.59688215,5.0,0.218,0.0798827301,0.0122130815,-25.0,-10.0,-22.0,-49.0,-42.0,14.0
2020-10-23,2751,"-95.1367,31.0879",48455,"Texas, Trinity",0.0292682926829268,0.407055630936228,0.0139077340569878,205,1.00353374509136,1.0061545964614,0.0341463414634146,7,0.0004748982360922,1.0,1.00398200653206,0.310991122696119,1.0076240062991,0.7965,0.7176,0.5027,0.0030529172320217,1243.73,19.9,26.6,21.7,12810.841982,0.1663206422,9.8,0.293,19.41079472,3.7,0.396,0.0919945726,0.0089552239,,,,,-15.0,
2020-10-23,2752,"-94.3769,30.7703",48457,"Texas, Tyler",0.0888030888030888,1.06010324483776,0.0119376843657817,259,1.00506523426369,1.0061545964614,0.0154440154440154,4,0.0001843657817109,1.0,1.00398200653206,0.310991122696119,1.0076240062991,0.8076,0.6457,0.9675,0.0022584808259587,1389.4,16.9,21.4,21.2,10513.300563,0.1510116838,9.3,0.068,30.402277859,4.0,0.332,0.1076235251,0.0084347345,,,,,-13.0,
2020-10-23,2753,"-94.94,32.7371",48459,"Texas, Upshur",0.131524008350731,1.52690256907416,0.0116093068347067,479,1.01089839306504,1.0061545964614,0.0250521920668058,12,0.0002908385845855,1.0,1.00398200653206,0.310991122696119,1.0076240062991,0.6605,0.6087,0.4021,,1610.29,16.7,17.4,58.4,10484.97224,0.1519085237,10.1,0.182,49.914910911,5.0,0.308,0.0777993214,0.0105913718,11.0,,,,-22.0,4.0
2020-10-23,2754,"-102.0423,31.3687",48461,"Texas, Upton",0.0740740740740741,0.544810678289295,0.0073549441569054,27,1.00540603558491,1.0061545964614,0.111111111111111,3,0.0008172160174339,1.0,1.00398200653206,0.310991122696119,1.0076240062991,0.5736,0.9663,0.411,0.0119858349223645,1674.92,11.2,15.0,3.3,7759.7012088,0.1440481828,7.3,0.071,18.478058147,3.0,0.24,0.0212476165,0.0261509126,,,,,,
2020-10-23,2755,"-99.7623,29.3574",48463,"Texas, Uvalde",0.0230582524271845,0.707740445503986,0.0306935856365939,824,1.0015701480606,1.0061545964614,0.0436893203883495,36,0.0013409818967443,1.0,1.00398200653206,0.310991122696119,1.0076240062991,0.8242,0.9844,0.8364,0.0009312374282947,1384.97,17.3,16.8,17.7,6927.8503445,0.150154636,8.2,0.157,141.99219193,3.7,0.314,0.0064814125,0.0127020785,-13.0,-4.0,,,-19.0,2.0
2020-10-23,2756,"-101.1525,29.8915",48465,"Texas, Val Verde",0.0629370629370629,3.10925052836937,0.04940253617298,2431,1.00448681137966,1.0061545964614,0.0510078157136981,124,0.0025199154609006,1.0035048447991,1.00398200653206,0.310991122696119,1.0076240062991,0.8535,0.9955,0.9373,0.0018899365956755,1449.41,18.0,14.1,15.4,6683.1362476,0.1577357773,8.1,0.083,137.22911002,3.7,0.252,0.013066981,0.0097951553,-21.0,-18.0,,-22.0,-25.0,8.0
2020-10-23,2757,"-95.8377,32.5648",48467,"Texas, Van Zandt",0.081203007518797,0.963958656884271,0.0118709723486674,665,1.00437191819376,1.0061545964614,0.0390977443609023,26,0.0004641282422035,1.01150029829051,1.00398200653206,0.310991122696119,1.0076240062991,0.5503,0.6094,0.3391,0.000928256484407,1707.42,18.1,20.1,55.3,9124.7438661,0.1435133293,10.3,0.115,30.952181892,5.0,0.26,0.0268480337,0.0094610757,6.0,10.0,-29.0,7.0,-19.0,4.0
2020-10-23,2758,"-96.9681,28.7978",48469,"Texas, Victoria",0.0262287334593573,1.20606291084913,0.0459825066550769,4232,1.00217928406728,1.0061545964614,0.0229206049149338,97,0.0010539468680393,1.0,1.00398200653206,0.310991122696119,1.0076240062991,0.542,0.9242,0.7466,0.0070407996957679,1881.06,16.8,15.4,110.3,7555.699888,0.1451170796,9.9,0.182,166.65673242,5.0,0.364,0.0573042864,0.009289944,-13.0,-7.0,,24.0,-21.0,5.0
2020-10-23,2759,"-95.5744,30.7387",48471,"Texas, Walker",0.025089605734767,1.35209713024283,0.0538907284768212,3906,1.0021766810645,1.0061545964614,0.0158730158730159,62,0.0008554083885209,1.0046952487017,1.00398200653206,0.310991122696119,1.0076240062991,0.7201,0.8895,0.9895,0.0016970198675496,1362.45,13.3,12.2,80.0,6787.5082386,0.172411001,10.1,0.158,144.54078622,5.0,0.359,0.228504415,0.0083609272,-12.0,-1.0,91.0,21.0,-22.0,6.0
2020-10-23,2760,"-95.9901,30.0106",48473,"Texas, Waller",0.0273109243697479,0.489402552422543,0.0179196626887023,952,1.00166164975626,1.0061545964614,0.0178571428571429,17,0.0003199939765839,1.01804126125684,1.00398200653206,0.310991122696119,1.0076240062991,0.7223,0.9586,0.9265,,1952.42,20.3,11.5,99.2,6656.7281307,0.1627770044,10.8,0.111,57.211520724,5.0,0.361,0.2356849753,0.0138915032,1.0,14.0,,17.0,-22.0,8.0
2020-10-23,2761,"-103.0928,31.51",48475,"Texas, Ward",0.10828025477707,1.45051194539249,0.0133959044368601,157,1.00653706124428,1.0061545964614,0.0063694267515923,1,8.53242320819113e-05,1.0,1.00398200653206,0.310991122696119,1.0076240062991,0.6309,0.9503,0.6116,0.0021331058020477,1709.58,19.1,13.8,13.1,10885.184804,0.1406802558,7.1,0.217,101.48691061,3.7,0.422,0.0392491468,0.0147610922,-25.0,-41.0,,54.0,-31.0,
2020-10-23,2762,"-96.4095,30.215",48477,"Texas, Washington",0.0534682080924856,1.05389085108807,0.0197106072689985,692,1.00441210747459,1.0061545964614,0.069364161849711,48,0.0013672097527629,1.0,1.00398200653206,0.310991122696119,1.0076240062991,0.4822,0.8494,0.8892,0.0017090121909536,1641.03,11.6,20.8,62.9,6929.2862698,0.1454190462,9.9,0.16,55.406527644,5.0,0.296,0.1672268429,0.0055542896,-9.0,0.0,,,-19.0,5.0
2020-10-23,2763,"-99.3324,27.761",48479,"Texas, Webb",0.0433473810957255,2.34859193215179,0.0541807111014461,14949,1.00448483940776,1.0061545964614,0.0217405846544919,325,0.0011779203363415,1.00817285041493,1.00398200653206,0.310991122696119,1.0076240062991,0.9035,0.9994,0.8497,0.0018339313544271,1485.56,27.7,9.0,84.3,6026.6208298,0.1842603164,8.4,0.065,401.64384035,5.0,0.378,0.0029393643,0.005824363,-24.0,-16.0,-46.0,-14.0,-27.0,10.0
2020-10-23,2764,"-96.2232,29.2777",48481,"Texas, Wharton",0.0148409893992933,0.504577236358394,0.0339988947355775,1415,1.0006072268846,1.0061545964614,0.0409893992932862,58,0.0013935942718469,1.00502563202403,1.00398200653206,0.310991122696119,1.0076240062991,0.6739,0.9516,0.7615,0.0050457723635839,1675.4,18.8,16.3,36.8,8481.6959247,0.1544572042,10.0,0.151,61.971374133,4.0,0.367,0.1275138759,0.0077849059,-10.0,-6.0,,9.0,-20.0,4.0
2020-10-23,2765,"-100.27,35.4011",48483,"Texas, Wheeler",0.230769230769231,2.88961664419187,0.0125216721248314,65,1.02415191411056,1.0061545964614,0.0,0,0.0,,1.00398200653206,0.310991122696119,1.0076240062991,0.5892,0.8688,0.2194,0.0078982854941244,1623.09,19.1,18.5,7.1,10617.685573,0.1533099971,7.2,0.063,38.900741092,3.0,0.259,0.0265844731,0.0173376999,,,,,,
2020-10-23,2766,"-98.7041,33.9884",48485,"Texas, Wichita",0.341622629779297,8.32172280106615,0.0243594015023019,3217,1.02725702775965,1.0061545964614,0.0096363071184333,31,0.0002347346740974,1.02544558793768,1.00398200653206,0.310991122696119,1.0076240062991,0.6494,0.8061,0.8883,0.0029606857281318,1432.05,14.1,14.2,212.0,9254.2690537,0.1772533411,8.8,0.144,258.78107213,5.0,0.352,0.1056987521,0.0136221832,-11.0,-15.0,-12.0,-4.0,-16.0,6.0
2020-10-23,2767,"-99.2418,34.0795",48487,"Texas, Wilbarger",0.252396166134185,6.16224648985959,0.024414976599064,313,1.02913430033366,1.0061545964614,0.0095846645367412,3,0.0002340093603744,1.0,1.00398200653206,0.310991122696119,1.0076240062991,0.6545,0.8797,0.8577,0.0036661466458658,1389.09,14.7,17.8,13.8,8478.1381279,0.161606304,8.0,0.144,99.50550989,4.0,0.341,0.0739469579,0.0169266771,,,,-3.0,-15.0,
2020-10-23,2768,"-97.6154,26.4741",48489,"Texas, Willacy",,,0.0559144782709737,1203,,1.0061545964614,0.0457190357439734,55,0.0025563560306762,1.0,1.00398200653206,0.310991122696119,1.0076240062991,0.9997,0.9949,0.8386,,1066.19,27.6,13.4,31.5,8420.5610633,0.1897237692,8.8,0.24,62.205472985,3.7,0.403,0.0194283058,0.0069718801,,-21.0,,,-32.0,
2020-10-23,2769,"-97.6005,30.6466",48491,"Texas, Williamson",0.0411313829212998,0.672290853138857,0.0163449610830059,9263,1.0029493105452,1.0061545964614,0.0163014142286516,151,0.0002664459811652,1.00287090790715,1.00398200653206,0.310991122696119,1.0076240062991,0.078,0.8765,0.1897,0.001136365641526,2758.68,9.3,11.5,432.7,4457.7774908,0.1256524978,10.4,0.089,204.60758274,5.0,0.3,0.0652404454,0.0086356731,-15.0,-4.0,15.0,-16.0,-37.0,13.0
2020-10-23,2770,"-98.0869,29.1733",48493,"Texas, Wilson",0.0282542885973764,0.557502389295954,0.0197316024211532,991,1.00232800035629,1.0061545964614,0.0282542885973764,28,0.0005575023892959,1.0,1.00398200653206,0.310991122696119,1.0076240062991,0.3876,0.8908,0.3875,0.0008760751831793,2303.59,12.9,15.0,49.4,6707.1204317,0.1317029571,9.9,0.127,62.453573027,5.0,0.335,0.0144751513,0.0099155782,-3.0,,,,-20.0,7.0
2020-10-23,2771,"-103.0485,31.8501",48495,"Texas, Winkler",0.116788321167883,2.07253886010363,0.0177461139896373,137,1.01202877342241,1.0061545964614,0.0291970802919708,4,0.0005181347150259,1.0,1.00398200653206,0.310991122696119,1.0076240062991,0.6818,0.9768,0.3668,0.002461139896373,1550.03,20.7,11.4,8.6,10590.543458,0.1513600526,7.0,0.097,8.7775553474,3.0,0.374,0.0203367876,0.0204663212,,-41.0,,83.0,-31.0,
2020-10-23,2772,"-97.6546,33.2157",48497,"Texas, Wise",0.0949152542372881,1.22977820071737,0.012956591757558,885,1.00799803972619,1.0061545964614,0.0169491525423729,15,0.0002196032501281,1.00990485606307,1.00398200653206,0.310991122696119,1.0076240062991,0.4325,0.7717,0.4903,0.0014493814508454,2016.02,17.9,14.7,67.7,8351.6067675,0.1461021335,9.9,0.205,61.207212821,5.0,0.333,0.0129565918,0.0110972842,3.0,-2.0,,0.0,-20.0,5.0
2020-10-23,2773,"-95.3824,32.7872",48499,"Texas, Wood",0.0898876404494382,1.24088723437258,0.0138048704823949,623,1.00977259598052,1.0061545964614,0.057784911717496,36,0.0007977132220966,1.01696850489722,1.00398200653206,0.310991122696119,1.0076240062991,0.5487,0.6339,0.4454,0.0011079350306898,1681.72,13.1,26.9,62.5,8652.6891969,0.1361178795,10.1,0.179,37.434809412,5.0,0.28,0.0514746615,0.0104145893,3.0,0.0,,,-11.0,4.0
2020-10-23,2774,"-102.8276,33.1732",48501,"Texas, Yoakum",0.0726643598615917,2.44441857758119,0.033639855662903,289,1.00350894443528,1.0061545964614,0.0173010380622837,5,0.0005820044232336,1.0,1.00398200653206,0.310991122696119,1.0076240062991,0.5691,0.9879,0.3034,0.0027936212315213,1866.43,27.9,11.3,11.4,7148.8539901,0.1383026369,7.3,0.095,17.269335803,3.0,0.33,0.009079269,0.0172273309,,,,,-14.0,
2020-10-23,2775,"-98.6879,33.1766",48503,"Texas, Young",0.238658777120316,6.70545857578277,0.02809642560266,507,1.02831118047601,1.0061545964614,0.0118343195266272,6,0.0003325020781379,1.0,1.00398200653206,0.310991122696119,1.0076240062991,0.4153,0.6749,0.2967,0.0037129398725408,1589.5,19.4,19.8,19.9,10208.551434,0.1594355813,8.2,0.188,49.353419395,4.3,0.343,0.0124688279,0.01280133,-6.0,,,,-19.0,
2020-10-23,2776,"-99.1699,27.0016",48505,"Texas, Zapata",0.0029239766081871,0.0704721634954193,0.0241014799154334,342,1.0,1.0061545964614,0.0263157894736842,9,0.0006342494714587,1.05963402266705,1.00398200653206,0.310991122696119,1.0076240062991,0.9962,0.999,0.6966,,1145.4,28.5,13.9,12.8,7995.846031,0.1727548768,7.9,0.047,67.176784717,3.3,0.312,0.0020436927,0.0047921071,,,,,-31.0,
2020-10-23,2777,"-99.7605,28.8662",48507,"Texas, Zavala",0.124454148471616,4.756738713177,0.0382208128181591,458,1.01040083624575,1.0061545964614,0.0393013100436681,18,0.0015021280146874,1.00819891621082,1.00398200653206,0.310991122696119,1.0076240062991,0.9847,0.9917,0.9331,,962.92,16.0,13.7,8.7,8925.5601073,0.1987128359,8.3,0.041,69.73204276,3.0,0.242,0.0059250605,0.0115163148,,,,,-23.0,
2020-10-23,2778,"-113.2342,38.3566",49001,"Utah, Beaver",0.296875,2.88753799392097,0.0097264437689969,64,1.01416221482281,1.01375863386575,0.0,0,0.0,,1.00839469764165,0.531421449145157,1.0079437529939,0.336,0.6555,0.1258,0.0072948328267477,1607.23,12.7,14.2,2.7,7507.8023079,0.1070272688,4.7,0.089,32.078532639,3.7,0.246,0.0018237082,0.0227963526,,,,-79.0,-24.0,
2020-10-23,2779,"-113.0833,41.5211",49003,"Utah, Box Elder",0.235981308411215,3.67606915377616,0.0155777979981802,856,1.01906476532035,1.01375863386575,0.0070093457943925,6,0.0001091901728844,1.02638809625704,1.00839469764165,0.531421449145157,1.0079437529939,0.2621,0.5419,0.0958,0.0011828935395814,1920.59,7.6,12.5,8.0,6484.5355062,0.0965771852,7.3,0.09,67.247282017,3.7,0.32,0.0038944495,0.0115013649,-2.0,10.0,,14.0,-13.0,3.0
2020-10-23,2780,"-111.7444,41.7233",49005,"Utah, Cache",0.176837185146715,5.3593351591274,0.0303066074857557,3851,1.0133746160687,1.01375863386575,0.002337055310309,9,7.08282179620361e-05,1.01696850489722,1.00839469764165,0.531421449145157,1.0079437529939,0.3513,0.6511,0.4686,0.001369345547266,1779.13,6.6,8.8,111.0,4928.0147967,0.0861078505,7.2,0.058,57.241049782,5.0,0.256,0.0087197406,0.010136305,-7.0,27.0,,32.0,-29.0,7.0
2020-10-23,2781,"-110.5873,39.6483",49007,"Utah, Carbon",0.264150943396226,2.76283980462776,0.0104593221175194,212,1.01886714871507,1.01375863386575,0.0047169811320754,1,4.93364250826385e-05,1.0,1.00839469764165,0.531421449145157,1.0079437529939,0.5296,0.4747,0.5619,0.0019241205782229,1379.46,9.5,16.2,14.5,10052.385436,0.1218779253,5.7,0.097,81.853149963,3.7,0.273,0.0054763432,0.0151462825,8.0,,,,-27.0,5.0
2020-10-23,2782,"-109.5121,40.888",49009,"Utah, Daggett",0.0,0.0,0.0010204081632653,1,1.0,1.01375863386575,0.0,0,0.0,,1.00839469764165,0.531421449145157,1.0079437529939,0.0395,0.3429,0.5578,,1729.39,2.3,16.3,1.3,,0.0737151366,4.4,0.112,2.1334084068,,0.278,0.0,0.0173469388,,,,,,
2020-10-23,2783,"-112.114,40.99",49011,"Utah, Davis",0.2053876478318,4.44396425494651,0.0216369596801938,7610,1.01544091301671,1.01375863386575,0.0052562417871222,40,0.0001137290916173,1.01119961438567,1.00839469764165,0.531421449145157,1.0079437529939,0.0459,0.5323,0.1379,0.0011031721886879,2631.8,6.5,9.6,508.9,5090.8922372,0.088437251,8.4,0.076,205.51790673,5.0,0.263,0.0120666566,0.0075971033,-8.0,14.0,38.0,-31.0,-33.0,9.0
2020-10-23,2784,"-110.4252,40.2977",49013,"Utah, Duchesne",0.229166666666667,1.65297535564015,0.0072129833700661,144,1.02277387409987,1.01375863386575,0.0069444444444444,1,5.00901622921258e-05,1.0,1.00839469764165,0.531421449145157,1.0079437529939,0.5841,0.5664,0.3808,0.0024544179523141,1865.14,13.5,11.1,6.6,9249.3194075,0.1134741475,6.2,0.085,34.249014703,3.0,0.296,0.0031556802,0.0465838509,,,,,-20.0,
2020-10-23,2785,"-110.7014,38.9962",49015,"Utah, Emery",0.41304347826087,3.79468743758738,0.0091871380067904,92,1.03981405614517,1.01375863386575,0.0217391304347826,2,0.0001997203914519,1.0,1.00839469764165,0.531421449145157,1.0079437529939,0.343,0.3486,0.1999,,1610.33,7.7,16.0,2.4,8762.9472841,0.1155269497,5.5,0.098,19.23167948,3.0,0.31,0.0030956661,0.0108847613,,,,,-34.0,
2020-10-23,2786,"-111.4419,37.8545",49017,"Utah, Garfield",0.378947368421053,7.08661417322835,0.0187007874015748,95,1.02856730344169,1.01375863386575,0.0421052631578947,4,0.0007874015748031,1.04195362743721,1.00839469764165,0.531421449145157,1.0079437529939,0.443,0.5113,0.3696,0.0029527559055118,1610.55,15.8,20.6,1.0,11278.122908,0.1032054662,4.5,0.084,13.664177096,3.0,0.241,0.0035433071,0.0267716535,,,,,,
2020-10-23,2787,"-109.5704,38.981",49019,"Utah, Grand",0.390243902439024,4.91601802539943,0.012597296190086,123,1.04074905032625,1.01375863386575,0.008130081300813,1,0.0001024170421958,1.0,1.00839469764165,0.531421449145157,1.0079437529939,0.3497,0.7354,0.7561,0.0017410897173289,1549.35,17.1,16.6,2.8,9305.5596834,0.1111091918,5.4,0.095,55.318395905,3.0,0.236,0.0063498566,0.0488529291,,,,,1.0,
2020-10-23,2788,"-113.2897,37.859",49021,"Utah, Iron",0.0883668903803132,1.49692089057319,0.0169398389388915,894,1.0067291435828,1.01375863386575,0.0033557046979865,3,5.68450971103742e-05,1.0,1.00839469764165,0.531421449145157,1.0079437529939,0.5748,0.5559,0.4438,0.0009095215537659,1609.27,11.2,12.2,15.6,7069.9204278,0.1142581662,4.8,0.083,98.347998603,3.7,0.258,0.0059308385,0.0240644244,0.0,-2.0,,27.0,-18.0,2.0
2020-10-23,2789,"-112.7809,39.7021",49023,"Utah, Juab",0.260683760683761,5.27909995672869,0.0202509736045002,234,1.01489019663141,1.01375863386575,0.0128205128205128,3,0.0002596278667243,1.0,1.00839469764165,0.531421449145157,1.0079437529939,0.3102,0.467,0.1722,0.0021635655560363,1698.5,11.8,11.5,3.2,7695.1609113,0.1029985098,5.7,0.073,22.329546848,3.7,0.29,0.0035482475,0.0128083081,,,,31.0,-16.0,
2020-10-23,2790,"-111.8862,37.2851",49025,"Utah, Kane",0.0842105263157895,1.03774808665197,0.0123232585289921,95,1.00775379492937,1.01375863386575,0.0105263157894737,1,0.0001297185108314,1.0,1.00839469764165,0.531421449145157,1.0079437529939,0.2506,0.2426,0.0468,0.0032429627707873,1718.63,13.7,22.4,2.0,6545.7394273,0.0914503659,4.4,0.09,18.19822842,3.0,0.228,0.005577896,0.0173822805,,,,,-2.0,
2020-10-23,2791,"-113.102,39.0729",49027,"Utah, Millard",0.192156862745098,3.76749192680301,0.0196063355374443,255,1.01297272385556,1.01375863386575,0.0,0,0.0,,1.00839469764165,0.531421449145157,1.0079437529939,0.3207,0.7249,0.3442,0.0028448408426879,1625.92,13.5,16.1,1.9,6312.0824878,0.0928762968,5.6,0.117,14.03736988,3.7,0.315,0.0031523912,0.0209134246,,,,,-3.0,
2020-10-23,2792,"-111.5728,41.0883",49029,"Utah, Morgan",0.278409090909091,4.06807804068078,0.0146118721461187,176,1.0260552854503,1.01375863386575,0.0,0,0.0,,1.00839469764165,0.531421449145157,1.0079437529939,0.0162,0.1827,0.0003,,2725.51,5.9,11.3,15.8,4980.9867465,0.0833861568,7.1,0.037,11.610554086,3.0,0.191,0.003902034,0.003819012,,,,,-23.0,
2020-10-23,2793,"-112.125,38.3382",49031,"Utah, Piute",0.36,6.22837370242215,0.0173010380622837,25,1.00584875104734,1.01375863386575,0.0,0,0.0,,1.00839469764165,0.531421449145157,1.0079437529939,0.628,0.0567,0.0245,,1213.46,19.7,25.2,2.0,8246.2502002,0.0931567627,4.4,0.086,8.3150658453,,0.261,0.0027681661,0.0103806228,,,,,,
2020-10-23,2794,"-111.2445,41.6314",49033,"Utah, Rich",0.0,0.0,0.0081168831168831,20,1.0,1.01375863386575,0.0,0,0.0,,1.00839469764165,0.531421449145157,1.0079437529939,0.3252,0.3145,0.1474,,1910.56,10.9,18.7,2.0,5514.2149935,0.1017621199,5.5,0.131,9.146609393,3.0,0.261,0.0032467532,0.0064935065,,,,,,
2020-10-23,2795,"-111.9216,40.6662",49035,"Utah, Salt Lake",0.174024521001352,6.47734361240742,0.0372208673532686,42902,1.01394231802436,1.01375863386575,0.0068994452473078,296,0.0002568033363611,1.00592968512982,1.00839469764165,0.531421449145157,1.0079437529939,0.1669,0.8309,0.4846,0.0022930108716304,2457.51,10.5,10.3,1573.8,6378.4266709,0.0955437516,8.4,0.067,246.62742636,5.0,0.245,0.01741491,0.0136765128,-20.0,-5.0,12.0,-42.0,-36.0,10.0
2020-10-23,2796,"-109.8034,37.6276",49037,"Utah, San Juan",0.0917197452229299,4.66049582497249,0.0508123503139362,785,1.00983923521361,1.01375863386575,0.0382165605095541,30,0.0019418732604052,1.00485482547268,1.00839469764165,0.531421449145157,1.0079437529939,0.9204,0.943,0.88,0.0023302479124862,1472.47,21.9,13.1,1.9,11250.860479,0.1569706544,5.3,0.121,14.237438703,3.0,0.352,0.003560101,0.4922001424,,,,,-21.0,
2020-10-23,2797,"-111.5759,39.3723",49039,"Utah, Sanpete",0.274509803921569,3.20020899324037,0.0116579041896614,357,1.0213148409964,1.01375863386575,0.0056022408963585,2,6.53103876171505e-05,1.0,1.00839469764165,0.531421449145157,1.0079437529939,0.7258,0.6355,0.6749,0.0014041733337687,1618.16,10.3,13.3,17.3,6072.3994139,0.1105199757,5.4,0.078,26.870516354,3.0,0.304,0.0093720406,0.0169153904,15.0,,,,-7.0,2.0
2020-10-23,2798,"-111.805,38.7484",49041,"Utah, Sevier",0.388,4.50345884210038,0.0116068526858257,250,1.0431499065625,1.01375863386575,0.004,1,4.64274107433028e-05,1.0,1.00839469764165,0.531421449145157,1.0079437529939,0.5255,0.4804,0.1251,0.0013463949115557,1623.25,11.2,15.8,12.0,7058.540652,0.1006558908,5.0,0.092,34.411588489,3.7,0.294,0.0047355959,0.0152281907,6.0,,,43.0,-5.0,1.0
2020-10-23,2799,"-110.9536,40.8669",49043,"Utah, Summit",0.127158555729984,3.86330574964825,0.0303817995373572,1274,1.01015585871101,1.01375863386575,0.0007849293563579,1,2.38475663558534e-05,1.0,1.00839469764165,0.531421449145157,1.0079437529939,0.0016,0.6826,0.1235,0.0008823599551665,4163.84,6.7,11.1,25.3,3958.7797539,0.0858644588,6.8,0.039,104.57103344,3.0,0.146,0.0097775022,0.0058665013,-38.0,-30.0,-21.0,-58.0,-36.0,11.0
2020-10-23,2800,"-113.1296,40.4486",49045,"Utah, Tooele",0.236153846153846,4.39154877193986,0.0185961348648919,1300,1.01932304071469,1.01375863386575,0.0015384615384615,2,2.86094382536799e-05,1.0,1.00839469764165,0.531421449145157,1.0079437529939,0.3605,0.6145,0.2006,0.0006294076415809,2118.1,7.2,8.9,8.3,6724.3890517,0.1044958082,6.8,0.111,52.898369265,3.7,0.341,0.0074527587,0.0128170283,-2.0,8.0,,24.0,-30.0,6.0
2020-10-23,2801,"-109.5174,40.1249",49047,"Utah, Uintah",0.295698924731183,1.55200632089847,0.0052486031943111,186,1.02829413570257,1.01375863386575,0.0053763440860215,1,2.82182967436086e-05,1.0,1.00839469764165,0.531421449145157,1.0079437529939,0.5659,0.5606,0.5043,0.0011005135730007,2109.57,15.1,9.8,8.3,8538.8712289,0.1281792463,6.5,0.099,26.277815254,3.3,0.352,0.0041763079,0.0801399628,1.0,-6.0,,,-21.0,2.0
2020-10-23,2802,"-111.6658,40.1167",49049,"Utah, Utah",0.167202694010367,7.10206954853081,0.0424758081235847,26429,1.01219520714908,1.01375863386575,0.0029134662681145,77,0.0001237518341789,1.02007204534672,1.00839469764165,0.531421449145157,1.0079437529939,0.2532,0.6705,0.5078,0.0012760903420532,2352.99,8.0,7.4,290.5,5126.4901079,0.0590871948,7.7,0.062,188.71280367,5.0,0.25,0.0058886587,0.0082013716,-12.0,2.0,64.0,-9.0,-31.0,8.0
2020-10-23,2803,"-111.1691,40.3311",49051,"Utah, Wasatch",0.142156862745098,4.36221419975933,0.0306859205776173,1020,1.01081742367122,1.01375863386575,0.0088235294117647,9,0.0002707581227436,1.0,1.00839469764165,0.531421449145157,1.0079437529939,0.0105,0.6055,0.1646,0.0005716004813477,2367.18,8.1,10.5,23.5,4854.5689646,0.0835008825,6.2,0.05,50.947115417,3.7,0.236,0.005234657,0.0077918171,9.0,,,,-24.0,7.0
2020-10-23,2804,"-113.5047,37.28",49053,"Utah, Washington",0.168889893737282,4.35061153174141,0.0257600465928946,4423,1.01323825413684,1.01375863386575,0.0090436355414876,40,0.0002329644729178,1.00735452613864,1.00839469764165,0.531421449145157,1.0079437529939,0.2876,0.6113,0.4046,0.0031741409435061,1992.15,13.3,20.4,72.6,6164.7049898,0.088506644,5.0,0.083,92.413973394,4.3,0.236,0.0064356436,0.0168316832,5.0,14.0,113.0,13.0,-17.0,3.0
2020-10-23,2805,"-110.9097,38.3234",49055,"Utah, Wayne",0.866666666666667,4.83271375464684,0.0055762081784386,15,1.07570373984278,1.01375863386575,0.0,0,0.0,,1.00839469764165,0.531421449145157,1.0079437529939,0.2984,0.5938,0.233,,1555.71,15.5,19.9,1.1,6539.3002233,0.0942869435,4.7,0.086,11.816087701,3.0,0.218,0.0044609665,0.0100371747,,,,,,
2020-10-23,2806,"-111.9145,41.2712",49057,"Utah, Weber",0.181880576527111,4.13482655182771,0.0227337444755207,5828,1.01517087644113,1.01375863386575,0.0056623198352779,33,0.0001287257322738,1.0044056276055,1.00839469764165,0.531421449145157,1.0079437529939,0.3134,0.7631,0.4298,0.0021805358891242,1986.0,8.9,11.3,386.5,6872.3520102,0.1098204904,8.0,0.077,136.75072682,5.0,0.312,0.0132470481,0.0137853557,-11.0,-1.0,48.0,-6.0,-23.0,5.0
2020-10-23,2807,"-73.1413,44.0322",50001,"Vermont, Addison",0.0512820512820513,0.162280583128229,0.0031644713710004,117,1.0037176772541,1.00621535394725,0.0170940170940171,2,5.40935277094096e-05,1.0,1.0,0.634029433225983,1.01236043332605,0.0917,0.2572,0.3295,0.0006761690963676,2036.1,4.3,18.5,42.9,4188.0399786,0.1303021651,6.9,0.09,48.343573413,2.3,0.255,0.0127390258,0.0027587699,-12.0,-10.0,,,-20.0,8.0
2020-10-23,2808,"-73.0905,43.0352",50003,"Vermont, Bennington",0.0597014925373134,0.22452358900957,0.0037607701159103,134,1.00544726778809,1.00621535394725,0.0074626865671641,1,2.80654486261963e-05,1.0,1.0,0.634029433225983,1.01236043332605,0.186,0.0837,0.5992,0.0027784794139934,2065.76,4.3,22.0,58.4,8032.8518269,0.1471692596,7.7,0.094,78.030774105,3.7,0.296,0.0113945721,0.0032836575,-6.0,1.0,,-60.0,-25.0,5.0
2020-10-23,2809,"-72.1031,44.4655",50005,"Vermont, Caledonia",0.105263157894737,0.132004488152597,0.0012540426374496,38,1.0118175820723,1.00621535394725,0.0,0,0.0,,1.0,0.634029433225983,1.01236043332605,0.2567,0.1933,0.5791,0.0008250280509537,1611.14,4.6,19.3,47.5,7333.5622022,0.1545826524,5.9,0.088,52.297211176,2.3,0.318,0.0077222626,0.0049831694,-9.0,-9.0,,,-19.0,7.0
2020-10-23,2810,"-73.0836,44.4632",50007,"Vermont, Chittenden",0.0629750271444083,0.352429331842598,0.0055963347349488,921,1.00474200916234,1.00621535394725,0.0423452768729642,39,0.0002369783438251,1.0,1.0,0.634029433225983,1.01236043332605,0.0943,0.54,0.7918,0.0034149186981989,2425.87,3.1,14.1,293.8,5029.7094962,0.1145411369,6.5,0.06,281.34826615,3.7,0.211,0.0245363731,0.002527769,-12.0,-4.0,107.0,-34.0,-29.0,12.0
2020-10-23,2811,"-71.7358,44.7274",50009,"Vermont, Essex",0.0,0.0,0.00096,6,1.0,1.00621535394725,0.0,0,0.0,,1.0,0.634029433225983,1.01236043332605,0.5341,0.2101,0.0207,,1334.18,3.9,24.6,7.3,9983.4073029,0.1591282173,5.8,0.13,15.441515373,3.0,0.286,0.00592,0.00576,,,,,,
2020-10-23,2812,"-72.9125,44.8563",50011,"Vermont, Franklin",0.0150375939849624,0.040468626697153,0.0026911636753606,133,1.00216688788997,1.00621535394725,0.0526315789473684,7,0.00014164019344,1.0,1.0,0.634029433225983,1.01236043332605,0.1551,0.1859,0.2598,0.0014164019344003,1999.29,3.8,14.9,64.3,6699.9429238,0.1728986549,6.4,0.104,43.709259101,3.3,0.343,0.0067987293,0.0098541106,-14.0,6.0,,,-20.0,8.0
2020-10-23,2813,"-73.2968,44.7976",50013,"Vermont, Grand Isle",0.0588235294117647,0.141043723554302,0.0023977433004231,17,1.00869827228079,1.00621535394725,0.0,0,0.0,,1.0,0.634029433225983,1.01236043332605,0.0637,0.1656,0.0067,,2335.86,3.6,19.4,25.9,4491.0239911,0.1319119158,6.5,0.096,23.29514569,2.3,0.304,0.0074753173,0.0152327221,,,,,-12.0,
2020-10-23,2814,"-72.6436,44.6035",50015,"Vermont, Lamoille",0.0327868852459016,0.0790513833992095,0.0024110671936758,61,1.0,1.00621535394725,0.0163934426229508,1,3.95256916996047e-05,1.0,1.0,0.634029433225983,1.01236043332605,0.2102,0.0793,0.4279,0.0009881422924901,1928.44,5.0,16.1,55.2,5347.0321879,0.1480566584,5.4,0.071,64.542731556,2.3,0.238,0.0098418972,0.0039920949,-21.0,5.0,,,-28.0,
2020-10-23,2815,"-72.3764,44.0047",50017,"Vermont, Orange",0.193548387096774,0.206903686334012,0.0010690023793923,31,1.01993180033091,1.00621535394725,0.0,0,0.0,,1.0,0.634029433225983,1.01236043332605,0.2016,0.0901,0.3884,0.0008620986930583,1959.3,4.8,19.6,35.2,6397.7821805,0.142188035,6.6,0.096,18.553881203,3.7,0.283,0.0067243698,0.0038622021,,,,-35.0,-16.0,7.0
2020-10-23,2816,"-72.2456,44.8296",50019,"Vermont, Orleans",0.222222222222222,0.222990299921953,0.0010034563496487,27,1.01696850489722,1.00621535394725,0.0,0,0.0,,1.0,0.634029433225983,1.01236043332605,0.436,0.1741,0.5263,0.0009291262496748,1497.88,3.5,21.7,38.3,7987.4136112,0.1674843966,6.0,0.095,47.583481324,3.3,0.304,0.0077674954,0.0058720779,-3.0,-1.0,,,-10.0,5.0
2020-10-23,2817,"-73.0374,43.5772",50021,"Vermont, Rutland",0.0150375939849624,0.0340878101990728,0.0022668393782383,133,,1.00621535394725,0.0075187969924812,1,1.70439050995364e-05,1.0,1.0,0.634029433225983,1.01236043332605,0.1602,0.0933,0.9443,0.0020964003272429,1809.33,4.6,20.7,63.5,8013.6448807,0.1458001364,8.6,0.11,113.95145179,3.3,0.314,0.0064425961,0.0029485956,-10.0,-8.0,,-59.0,-19.0,6.0
2020-10-23,2818,"-72.616,44.2734",50023,"Vermont, Washington",0.256880733944954,0.481596147230822,0.0018747850017199,109,1.02451851204836,1.00621535394725,0.018348623853211,2,3.43997248022016e-05,1.0,1.0,0.634029433225983,1.01236043332605,0.1029,0.1697,0.5721,0.0020983832129343,2105.41,3.1,18.5,91.6,6348.9583051,0.1490318884,6.1,0.077,106.01738522,3.3,0.227,0.0088579291,0.0031131751,-19.0,8.0,,42.0,-27.0,10.0
2020-10-23,2819,"-72.7127,42.987",50025,"Vermont, Windham",0.0652173913043478,0.210496772382823,0.0032276171765366,138,1.00856781465795,1.00621535394725,0.0217391304347826,3,7.01655907942745e-05,1.0,1.0,0.634029433225983,1.01236043332605,0.2599,0.1595,0.6788,0.0018710824211806,1802.51,5.2,21.0,59.3,8030.7454482,0.1490622481,8.2,0.084,92.602725831,3.7,0.242,0.0132612967,0.0033679484,-14.0,-11.0,5.0,,-24.0,8.0
2020-10-23,2820,"-72.586,43.5801",50027,"Vermont, Windsor",0.149122807017544,0.30749195094599,0.0020620048475201,114,1.0118175820723,1.00621535394725,0.0175438596491228,2,3.61755236407047e-05,1.0,1.0,0.634029433225983,1.01236043332605,0.0968,0.155,0.3028,0.0010852657092211,1984.11,4.8,22.0,57.0,6283.5122083,0.1339601821,7.9,0.095,80.781576363,3.7,0.276,0.0084469848,0.0030930073,-6.0,-7.0,,-23.0,-20.0,8.0
2020-10-23,2821,"-75.6323,37.7671",51001,"Virginia, Accomack",0.0132890365448505,0.493644329260768,0.0371467357768728,1204,1.0008333356472,1.00616490278742,0.01578073089701,19,0.0005862026409971,1.0,1.00563825421516,0.328123662708823,1.00735199501076,0.6615,0.9,0.7682,,1607.95,16.6,21.9,69.0,9630.476973,0.1831692932,8.7,0.159,60.028971747,3.7,0.363,0.2797112181,0.0069418734,0.0,14.0,,,-16.0,5.0
2020-10-23,2822,"-78.5548,38.0208",51003,"Virginia, Albemarle",0.0724160631994733,1.01179197556982,0.0139719273717324,1519,1.00646513897038,1.00616490278742,0.0151415404871626,23,0.0002115565039827,1.00637045739233,1.00563825421516,0.328123662708823,1.00735199501076,0.0691,0.7154,0.518,0.0016188671609117,2932.05,6.7,17.3,162.0,4276.5418142,0.1381823613,8.5,0.074,173.60372767,4.3,0.208,0.0943082102,0.0038356114,-17.0,-12.0,,-8.0,-40.0,11.0
2020-10-23,2823,"-80.0022,37.7864",51005,"Virginia, Alleghany",0.147368421052632,0.938967136150235,0.0063715627095908,95,1.01947816932739,1.00616490278742,0.0421052631578947,4,0.0002682763246143,1.0,1.00563825421516,0.328123662708823,1.00735199501076,0.6347,0.1541,0.4381,0.0137491616364856,1528.6,6.5,23.3,35.6,8808.9850785,0.1691467744,8.7,0.166,68.747019534,3.0,0.357,0.0460093897,0.0028839705,,,,24.0,-8.0,
2020-10-23,2824,"-77.9858,37.3408",51007,"Virginia, Amelia",0.079136690647482,0.84530853761623,0.0106816260662415,139,1.00632345269985,1.00616490278742,0.0431654676258993,6,0.0004610773841543,1.02638809625704,1.00563825421516,0.328123662708823,1.00735199501076,0.3608,0.5801,0.2684,,1767.59,10.3,18.9,28.5,10421.694366,0.1735952496,8.9,0.149,24.60848422,3.0,0.413,0.20387305,0.0057634673,,,,,-23.0,
2020-10-23,2825,"-79.1455,37.6031",51009,"Virginia, Amherst",0.198198198198198,3.47375734225984,0.017526684772311,555,1.01300629990847,1.00616490278742,0.0072072072072072,4,0.0001263184488094,1.0,1.00563825421516,0.328123662708823,1.00735199501076,0.6089,0.5415,0.3763,,1498.86,9.3,20.0,56.6,7514.2282828,0.1690782775,9.1,0.145,80.182033267,4.0,0.352,0.1887513421,0.0090949283,-2.0,4.0,,,-22.0,5.0
2020-10-23,2826,"-78.8134,37.3757",51011,"Virginia, Appomattox",0.170818505338078,3.03011173537024,0.01773877911748,281,1.01283576369674,1.00616490278742,0.0177935943060498,5,0.000315636639101,1.03239118471,1.00563825421516,0.328123662708823,1.00735199501076,0.4427,0.4152,0.1805,,1536.39,8.6,19.9,38.5,8717.7024623,0.1713461968,9.0,0.178,26.368522279,4.0,0.474,0.1885613282,0.0032194937,-2.0,,,,-17.0,
2020-10-23,2827,"-77.1014,38.8768",51013,"Virginia, Arlington",0.0729190038142248,1.36830006609942,0.0187646565987849,4457,1.00587293320419,1.00616490278742,0.034103657168499,152,0.0006399434155295,1.0,1.00563825421516,0.328123662708823,1.00735199501076,0.0092,0.8809,0.7765,0.0014061914525452,4238.33,5.9,10.1,10814.9,2789.4895285,0.1232935636,9.7,0.038,2106.1142605,3.7,0.196,0.0903835871,0.0064920575,-41.0,-10.0,-9.0,-62.0,-56.0,20.0
2020-10-23,2828,"-79.1246,38.164",51015,"Virginia, Augusta",0.137931034482759,1.16622712273215,0.0084551466398081,638,1.01050390910029,1.00616490278742,0.0125391849529781,8,0.0001060206475211,1.0,1.00563825421516,0.328123662708823,1.00735199501076,0.249,0.3136,0.2869,0.0033794081397352,1910.56,7.9,19.8,72.0,5801.0652813,0.1583391222,8.9,0.166,55.569979345,4.0,0.335,0.0437865274,0.0024384749,-3.0,16.0,,81.0,-15.0,5.0
2020-10-23,2829,"-79.7391,38.0585",51017,"Virginia, Bath",0.173913043478261,0.931966449207828,0.005358807082945,23,1.02016664537273,1.00616490278742,0.0,0,0.0,,1.00563825421516,0.328123662708823,1.00735199501076,0.5073,0.1936,0.3009,0.0058247903075489,1568.13,11.6,19.7,8.7,9880.2407355,0.1709847449,8.0,0.058,11.926269245,3.0,0.252,0.0454333644,0.0020969245,,,-67.0,,,
2020-10-23,2830,"-79.5282,37.308",51019,"Virginia, Bedford",0.209691629955947,3.02233735888351,0.0144132474887932,1135,1.0162346217285,1.00616490278742,0.0149779735682819,17,0.0002158812399202,1.01804126125684,1.00563825421516,0.328123662708823,1.00735199501076,0.1803,0.3715,0.1194,,2129.9,7.1,20.4,79.5,7384.3181262,0.1450709498,9.2,0.157,32.876202084,4.3,0.342,0.0699201239,0.0035302932,-2.0,8.0,,,-21.0,5.0
2020-10-23,2831,"-81.136,37.1313",51021,"Virginia, Bland",0.0,0.0,0.0101700301922771,64,1.0,1.00616490278742,0.078125,5,0.0007945336087716,1.0,1.00563825421516,0.328123662708823,1.00735199501076,0.421,0.0357,0.7526,,1300.03,7.5,21.8,16.3,7081.0912318,0.154475826,8.6,0.155,34.916958764,3.0,0.28,0.0386143334,0.0017479739,,,,26.0,,
2020-10-23,2832,"-79.8098,37.5553",51023,"Virginia, Botetourt",0.127027027027027,1.41238693391832,0.0111187907563783,370,1.01130517860516,1.00616490278742,0.0324324324324324,12,0.0003606094299365,1.01250777270301,1.00563825421516,0.328123662708823,1.00735199501076,0.0787,0.3085,0.0497,,2375.39,4.1,21.2,51.2,5716.2517766,0.1406754357,9.0,0.125,96.519148528,4.0,0.254,0.0313129188,0.002944977,-17.0,,,17.0,-24.0,5.0
2020-10-23,2833,"-77.8593,36.7637",51025,"Virginia, Brunswick",0.0769230769230769,1.953125,0.025390625,416,1.00490243087511,1.00616490278742,0.0120192307692308,5,0.00030517578125,1.0,1.00563825421516,0.328123662708823,1.00735199501076,0.8917,0.6791,0.7415,,1334.99,7.9,20.2,24.5,10785.313391,0.2005498959,9.3,0.151,43.471840724,3.0,0.422,0.5460205078,0.0033569336,,,,-69.0,-18.0,
2020-10-23,2834,"-82.0375,37.2682",51027,"Virginia, Buchanan",0.2,2.30903350454738,0.0115451675227369,245,1.01615575554056,1.00616490278742,0.0081632653061224,2,9.42462654917299e-05,1.0,1.00563825421516,0.328123662708823,1.00735199501076,0.9682,0.1016,0.673,0.0023090335045473,1001.76,12.4,20.6,49.2,12358.810685,0.2040106367,9.5,0.105,17.114785779,3.0,0.336,0.0306771594,0.001413694,,,,,-23.0,
2020-10-23,2835,"-78.5252,37.5724",51029,"Virginia, Buckingham",0.0289256198347107,1.23536678628155,0.0427083946114477,726,1.00158417430569,1.00616490278742,0.012396694214876,9,0.0005294429084063,1.0,1.00563825421516,0.328123662708823,1.00735199501076,0.8618,0.4782,0.7488,,1170.85,11.0,18.3,23.1,7453.9538209,0.1892620817,8.8,0.168,12.810093072,3.0,0.399,0.3362550738,0.0041767163,,,,,-30.0,
2020-10-23,2836,"-79.0968,37.2055",51031,"Virginia, Campbell",0.220389805097451,2.67403998326451,0.0121332290397104,667,1.01475531490457,1.00616490278742,0.0119940029985007,8,0.0001455259854837,1.06944880005339,1.00563825421516,0.328123662708823,1.00735199501076,0.3465,0.5018,0.1913,,1561.89,9.0,19.1,99.6,7451.4663649,0.1865570502,9.5,0.114,78.689392216,5.0,0.356,0.1441434886,0.0036381496,-2.0,5.0,,,-21.0,3.0
2020-10-23,2837,"-77.349,38.0268",51033,"Virginia, Caroline",0.0771144278606965,1.00740933316002,0.013063824255817,402,1.00433872075462,1.00616490278742,0.0149253731343284,6,0.0001949824515793,1.02638809625704,1.00563825421516,0.328123662708823,1.00735199501076,0.3223,0.5852,0.3973,,2112.16,7.4,15.9,45.0,8638.3180739,0.1701580762,8.9,0.133,47.61667686,3.7,0.412,0.26855583,0.0075718185,-1.0,-4.0,,-4.0,-27.0,9.0
2020-10-23,2838,"-80.7346,36.7307",51035,"Virginia, Carroll",0.0968858131487889,1.88959373734647,0.0195033067890404,578,1.01110508324145,1.00616490278742,0.0467128027681661,27,0.0009110541233634,1.01105509534937,1.00563825421516,0.328123662708823,1.00735199501076,0.5439,0.3321,0.1461,,1131.33,10.6,23.1,55.0,7266.8052117,0.1751056721,9.0,0.188,49.207087501,4.0,0.319,0.0075921177,0.0031043326,,27.0,,11.0,-12.0,1.0
2020-10-23,2839,"-77.0563,37.3536",51036,"Virginia, Charles City",0.103092783505155,1.44071459443884,0.0139749315660568,97,1.00916336778516,1.00616490278742,0.0515463917525773,5,0.0007203572972194,1.0,1.00563825421516,0.328123662708823,1.00735199501076,0.4344,0.5068,0.1079,,1814.8,8.7,22.9,30.8,11456.941399,0.171836978,8.7,0.176,3.7327034264,3.0,0.342,0.4520962397,0.0684339432,,,,,-26.0,
2020-10-23,2840,"-78.6631,37.0191",51037,"Virginia, Charlotte",0.222772277227723,3.76947562405763,0.0169207572457698,202,1.00727955742922,1.00616490278742,0.0049504950495049,1,8.37661249790585e-05,,1.00563825421516,0.328123662708823,1.00735199501076,0.8137,0.3849,0.3524,,1274.46,12.9,21.5,22.0,10275.880094,0.193077453,9.3,0.121,16.541675345,3.0,0.4,0.2777684704,0.0036857095,,,,,-18.0,
2020-10-23,2841,"-77.5868,37.3737",51041,"Virginia, Chesterfield",0.0853889943074004,1.67835297627928,0.0196553781888707,6851,1.00652698725201,1.00616490278742,0.0145964092833163,100,0.0002868979446631,1.00289026984454,1.00563825421516,0.328123662708823,1.00735199501076,0.1124,0.8478,0.0898,0.0012566129976244,2770.06,7.6,13.9,698.9,6397.3171379,0.1508434351,9.3,0.103,239.23092421,5.0,0.321,0.2335148441,0.005999036,-9.0,-5.0,41.0,11.0,-33.0,9.0
2020-10-23,2842,"-77.992,39.1127",51043,"Virginia, Clarke",0.130434782608696,1.03284445362528,0.0079184741444605,115,1.0012484472292,1.00616490278742,0.008695652173913,1,6.88562969083523e-05,1.0,1.00563825421516,0.328123662708823,1.00735199501076,0.1634,0.4495,0.0981,,2937.16,12.7,20.1,68.0,7437.4426233,0.1526259452,9.0,0.13,98.959058612,3.3,0.263,0.0452385871,0.0058527852,,,,,-28.0,
2020-10-23,2843,"-80.2107,37.4813",51045,"Virginia, Craig",0.319148936170213,2.96208530805687,0.0092812006319115,47,1.02330573836411,1.00616490278742,0.0,0,0.0,,1.00563825421516,0.328123662708823,1.00735199501076,0.0908,0.0191,0.2843,,1368.56,3.5,23.2,10.8,8122.93668,0.1499022844,8.4,0.108,20.262653504,3.0,0.279,0.0035545024,0.0039494471,,,,,,
2020-10-23,2844,"-77.9563,38.482",51047,"Virginia, Culpeper",0.0756554307116105,1.94758865384986,0.0257428797315799,1335,1.0079516547347,1.00616490278742,0.0134831460674157,18,0.0003470950076168,1.0,1.00563825421516,0.328123662708823,1.00735199501076,0.3296,0.816,0.5718,0.0013498139185098,2206.43,10.1,15.0,118.1,7700.1256697,0.1605802258,8.8,0.101,116.97901313,4.3,0.297,0.1409591392,0.0078289207,-10.0,-9.0,,,-24.0,6.0
2020-10-23,2845,"-78.244,37.5133",51049,"Virginia, Cumberland",0.043859649122807,0.509735956774391,0.0116219798144561,114,1.0038170159038,1.00616490278742,0.0175438596491228,2,0.0002038943827097,1.0,1.00563825421516,0.328123662708823,1.00735199501076,0.7745,0.46,0.2034,,1379.94,12.6,21.2,22.4,7282.8015449,0.1855514551,8.7,0.162,11.972604299,3.0,0.386,0.3048221022,0.0067285146,,,,,-25.0,
2020-10-23,2846,"-82.3512,37.1256",51051,"Virginia, Dickenson",0.149606299212598,1.30826964125869,0.0087447497073607,127,1.01055567387081,1.00616490278742,0.0078740157480315,1,6.88562969083523e-05,1.0,1.00563825421516,0.328123662708823,1.00735199501076,0.8325,0.0064,0.816,0.0017214074227088,982.94,9.1,20.7,43.9,10851.252392,0.2079302195,9.4,0.123,20.409851047,3.7,0.368,0.0046133719,0.002547683,,,,,-18.0,
2020-10-23,2847,"-77.6345,37.0754",51053,"Virginia, Dinwiddie",0.144578313253012,2.52374776543167,0.0174559220442357,498,1.01077696993807,1.00616490278742,0.0240963855421687,12,0.0004206246275719,1.0,1.00563825421516,0.328123662708823,1.00735199501076,0.5879,0.6877,0.2362,,1641.56,9.8,16.6,45.2,8184.3714866,0.1754048604,9.3,0.158,58.301594165,4.0,0.388,0.3180623225,0.0045217147,,-4.0,,,-20.0,5.0
2020-10-23,2848,"-76.9423,37.9336",51057,"Virginia, Essex",0.0418848167539267,0.732667826724059,0.0174924443630369,191,1.0022641973202,1.00616490278742,0.0104712041884817,2,0.000183166956681,1.0,1.00563825421516,0.328123662708823,1.00735199501076,0.5354,0.7272,0.3044,0.0061360930488139,1526.22,8.6,21.6,44.7,10160.195213,0.1692732204,8.5,0.146,74.811477198,3.7,0.4,0.3758585951,0.0090667644,-6.0,,,,-19.0,
2020-10-23,2849,"-77.2757,38.8368",51059,"Virginia, Fairfax",0.0600912448403215,1.20177790136384,0.0199992179319514,23015,1.00426153801323,1.00616490278742,0.026287203997393,605,0.0005257235215655,1.00118624629345,1.00563825421516,0.328123662708823,1.00735199501076,0.0583,0.944,0.3254,0.0014329224579529,4370.51,8.2,12.6,2930.0,3508.7361433,0.0936615988,8.3,0.064,842.46434404,5.0,0.217,0.0981599677,0.005532697,-21.0,-11.0,22.0,-51.0,-47.0,17.0
2020-10-23,2850,"-77.8065,38.7356",51061,"Virginia, Fauquier",0.074108818011257,1.11779271312345,0.0150831269897418,1066,1.00547860712068,1.00616490278742,0.024390243902439,26,0.0003678811460912,1.00561868495366,1.00563825421516,0.328123662708823,1.00735199501076,0.0344,0.645,0.0092,0.0013724796604174,3566.8,7.6,15.8,94.0,6727.057313,0.1392019232,9.1,0.09,146.98037129,4.0,0.286,0.0741139017,0.0049522462,2.0,-4.0,,,-29.0,8.0
2020-10-23,2851,"-80.3674,36.9302",51063,"Virginia, Floyd",0.080168776371308,1.20291231402343,0.0150047483380817,237,1.00491749963479,1.00616490278742,0.0675105485232067,16,0.0010129787907565,1.0,1.00563825421516,0.328123662708823,1.00735199501076,0.3436,0.3009,0.0503,,1626.84,9.2,21.7,33.8,7312.7283518,0.1660396273,8.7,0.1,17.106439815,3.0,0.298,0.019246597,0.0021525799,,,,,-16.0,
2020-10-23,2852,"-78.2772,37.8416",51065,"Virginia, Fluvanna",0.0674698795180723,1.04543927117948,0.015494903483553,415,1.00420050582352,1.00616490278742,0.0216867469879518,9,0.0003360340514505,1.0,1.00563825421516,0.328123662708823,1.00735199501076,0.1293,0.482,0.0528,,2509.49,6.8,19.0,67.2,6344.0117252,0.1404336461,8.7,0.165,10.934599726,2.3,0.304,0.1491244446,0.0037337117,,-9.0,,,-28.0,9.0
2020-10-23,2853,"-79.8802,36.9954",51067,"Virginia, Franklin",0.372950819672131,4.85808345938251,0.0130260699350476,732,1.02955157456035,1.00616490278742,0.0068306010928961,5,8.89758875344782e-05,1.03239118471,1.00563825421516,0.328123662708823,1.00735199501076,0.4771,0.4174,0.4667,0.0006584215677551,1807.6,9.4,22.3,69.5,8299.9606831,0.1610418212,9.4,0.146,34.776717941,4.0,0.356,0.077693745,0.0045555654,-10.0,-1.0,,,-20.0,6.0
2020-10-23,2854,"-78.2597,39.2017",51069,"Virginia, Frederick",0.135351736420303,1.72033274857111,0.0127100899779299,1123,1.00951088426648,1.00616490278742,0.0115761353517364,13,0.0001471337219172,1.0,1.00563825421516,0.328123662708823,1.00735199501076,0.1395,0.6367,0.2302,,2358.39,8.5,16.2,194.5,6447.8968662,0.1417977325,9.1,0.121,150.0789699,5.0,0.311,0.0424876917,0.004742233,-4.0,5.0,,7.0,-22.0,6.0
2020-10-23,2855,"-80.7064,37.3123",51071,"Virginia, Giles",0.201680672268908,1.42483970553313,0.0070648302066017,119,1.01261832055987,1.00616490278742,0.0,0,0.0,,1.00563825421516,0.328123662708823,1.00735199501076,0.3758,0.1888,0.1309,0.001484208026597,1549.69,8.7,21.0,43.2,9515.8606746,0.1574796843,8.8,0.189,93.105743277,3.7,0.341,0.0150201852,0.0026122061,,,,,-18.0,
2020-10-23,2856,"-76.5352,37.4081",51073,"Virginia, Gloucester",0.185294117647059,1.68679214972288,0.0091033227127901,340,1.00914938993692,1.00616490278742,0.0088235294117647,3,8.03234357010897e-05,1.0,1.00563825421516,0.328123662708823,1.00735199501076,0.1283,0.2553,0.0331,0.001793890063991,2029.47,6.7,18.3,143.0,9000.0746755,0.161353817,8.7,0.126,82.94990496,4.3,0.309,0.0789847118,0.0054352191,-12.0,10.0,,,-22.0,5.0
2020-10-23,2857,"-77.9038,37.7171",51075,"Virginia, Goochland",0.0909090909090909,1.24763379796937,0.0137239717776631,319,1.0059614133235,1.00616490278742,0.0219435736677116,7,0.0003011529857167,1.0,1.00563825421516,0.328123662708823,1.00735199501076,0.0427,0.4053,0.1493,,3851.32,4.9,20.8,89.8,5754.7288419,0.133418101,9.0,0.097,33.584024666,4.0,0.27,0.1584925142,0.0036568577,,,,,-31.0,
2020-10-23,2858,"-81.2322,36.6568",51077,"Virginia, Grayson",0.115902964959569,2.75094363764314,0.0237348858038513,371,1.01001601174025,1.00616490278742,0.0512129380053908,19,0.0012155332352376,1.00775379492937,1.00563825421516,0.328123662708823,1.00735199501076,0.836,0.3754,0.5068,,1147.15,11.1,23.3,28.9,9133.2700145,0.1943862223,8.7,0.105,16.047219762,3.0,0.331,0.0550828482,0.0032627471,,,,,-20.0,
2020-10-23,2859,"-78.4653,38.2955",51079,"Virginia, Greene",0.125448028673835,1.7695535669144,0.0141058698619748,279,1.01124160249435,1.00616490278742,0.010752688172043,3,0.0001516760200212,1.0,1.00563825421516,0.328123662708823,1.00735199501076,0.2589,0.4779,0.1188,,2165.85,12.0,16.2,95.3,6063.1149464,0.1722610233,8.5,0.068,57.971677068,4.0,0.284,0.068254209,0.0037413418,,,,,-28.0,
2020-10-23,2860,"-77.5635,36.6788",51081,"Virginia, Greensville",0.084554678692221,6.45050313924486,0.0762879504601359,887,1.0074655821133,1.00616490278742,0.0157835400225479,14,0.0012040939193257,1.03505205734318,1.00563825421516,0.328123662708823,1.00735199501076,0.8675,0.5626,0.9567,,1168.63,10.5,14.8,30.1,9600.6612673,0.222202843,9.3,0.135,77.55840339,3.0,0.362,0.5896619936,0.0027522147,,,,-4.0,-17.0,
2020-10-23,2861,"-78.9351,36.7665",51083,"Virginia, Halifax",0.156316916488223,2.13950762016413,0.0136869871043376,467,1.00821705940068,1.00616490278742,0.0171306209850107,8,0.0002344665885111,1.01925902092718,1.00563825421516,0.328123662708823,1.00735199501076,0.6134,0.6068,0.5969,0.0056271981242672,1269.68,9.7,22.9,41.8,10423.460465,0.1880004902,9.9,0.206,42.392951314,3.7,0.385,0.3602872216,0.0036342321,-14.0,-1.0,,,-18.0,4.0
2020-10-23,2862,"-77.4946,37.7583",51085,"Virginia, Hanover",0.0986632718014004,1.4453696882664,0.0146495211630097,1571,1.00710888506775,1.00616490278742,0.0267345639719924,42,0.0003916485606915,1.0069943706001,1.00563825421516,0.328123662708823,1.00735199501076,0.0201,0.4228,0.0509,0.0041962345788379,2944.39,5.0,16.6,215.6,5951.499595,0.1301026708,9.2,0.125,121.307818,5.0,0.308,0.0914685889,0.0052872556,-6.0,-11.0,,15.0,-37.0,8.0
2020-10-23,2863,"-77.3933,37.5346",51087,"Virginia, Henrico",0.0716863517060368,1.32721458053034,0.0185141878327527,6096,1.00514260702982,1.00616490278742,0.0372375328083989,227,0.0006894226768429,1.0031868724018,1.00563825421516,0.328123662708823,1.00735199501076,0.1882,0.8879,0.1945,0.0028275441063472,2500.73,7.6,14.6,1375.3,6576.7278975,0.1516508783,8.5,0.095,319.2196846,5.0,0.32,0.3002238346,0.0035625233,-18.0,-12.0,2.0,-36.0,-39.0,11.0
2020-10-23,2864,"-79.8763,36.6854",51089,"Virginia, Henry",0.100946372239748,2.51211901163818,0.0248856789590407,1268,1.00552808051023,1.00616490278742,0.0244479495268139,31,0.0006084038231311,1.0,1.00563825421516,0.328123662708823,1.00735199501076,0.899,0.6269,0.7956,,1141.65,10.0,23.1,126.6,9336.2378911,0.19183738,9.7,0.207,69.465688327,4.3,0.342,0.2217337546,0.0034737896,-6.0,-5.0,,,-18.0,4.0
2020-10-23,2865,"-79.5612,38.358",51091,"Virginia, Highland",0.111111111111111,0.452488687782805,0.0040723981900452,9,1.0,1.00616490278742,0.0,0,0.0,,1.00563825421516,0.328123662708823,1.00735199501076,0.2369,0.001,0.056,,1679.59,10.8,36.8,5.4,5857.98296,0.1464027731,7.7,0.153,8.0118759122,,0.265,0.0085972851,0.0031674208,,,,,,
2020-10-23,2866,"-76.7084,36.9058",51093,"Virginia, Isle of Wight",0.0630202140309156,1.43425432305902,0.0227586393526913,841,1.00432034948897,1.00616490278742,0.0285374554102259,24,0.0006494736557248,1.01250777270301,1.00563825421516,0.328123662708823,1.00735199501076,0.3917,0.624,0.2397,,2362.23,6.4,17.9,94.6,6418.3417116,0.1520807157,9.0,0.119,83.099459315,4.0,0.377,0.2296701215,0.004708684,-9.0,-1.0,,,-27.0,6.0
2020-10-23,2867,"-76.7695,37.3116",51095,"Virginia, James City",0.0589496248660236,0.719923557207744,0.0122125214340877,933,1.0037298108785,1.00616490278742,0.0235798499464094,22,0.000287969422883,1.0066678482933,1.00563825421516,0.328123662708823,1.00735199501076,0.0299,0.6275,0.1426,,3199.39,5.9,24.2,482.2,5894.9420192,0.124559483,8.8,0.099,136.41258322,5.0,0.271,0.1313795044,0.0041493776,-2.0,0.0,,,-28.0,7.0
2020-10-23,2868,"-76.8869,37.7104",51097,"Virginia, King and Queen",0.0930232558139535,1.13604089747231,0.0122124396478273,86,1.00508527038423,1.00616490278742,0.0232558139534884,2,0.000284010224368,1.10408951367381,1.00563825421516,0.328123662708823,1.00735199501076,0.5764,0.6523,0.0649,,1647.81,6.5,22.3,17.5,9898.0808905,0.1798434483,8.6,0.127,16.742495342,3.0,0.523,0.2651235444,0.017750639,,,,,-20.0,
2020-10-23,2869,"-77.1585,38.2682",51099,"Virginia, King George",0.0566037735849057,0.564440263405456,0.0099717779868297,265,1.00438870816563,1.00616490278742,0.0150943396226415,4,0.0001505174035747,1.0,1.00563825421516,0.328123662708823,1.00735199501076,0.0379,0.4374,0.0089,,2901.12,5.5,12.4,145.2,7422.313437,0.1554589169,8.8,0.133,73.495709217,3.7,0.302,0.1568391345,0.0077516463,-5.0,-4.0,,,-34.0,11.0
2020-10-23,2870,"-77.0938,37.7097",51101,"Virginia, King William",0.121827411167513,1.41684869236673,0.0116299663498436,197,1.00980027856495,1.00616490278742,0.0101522842639594,2,0.0001180707243638,1.0,1.00563825421516,0.328123662708823,1.00735199501076,0.1468,0.3747,0.0076,,2047.34,4.4,15.3,49.6,7963.7382007,0.165225733,8.8,0.154,54.065868783,4.0,0.28,0.1536100124,0.0149359466,-3.0,,,,-27.0,
2020-10-23,2871,"-76.464,37.7189",51103,"Virginia, Lancaster",0.127659574468085,2.22572567931002,0.0174348511545952,188,1.01363185015146,1.00616490278742,0.0053191489361702,1,9.2738569971251e-05,,1.00563825421516,0.328123662708823,1.00735199501076,0.1411,0.5167,0.1512,0.007048131317815,2052.3,10.0,35.5,98.0,9859.7019582,0.1415145739,8.5,0.136,48.315044961,3.0,0.313,0.2864694426,0.0033385885,,,,,-17.0,
2020-10-23,2872,"-83.1261,36.7059",51105,"Virginia, Lee",0.265402843601896,4.75765685399941,0.0179261713606049,422,1.02336637511173,1.00616490278742,0.0213270142180095,9,0.000382311711482,1.01696850489722,1.00563825421516,0.328123662708823,1.00735199501076,0.9694,0.2127,0.7787,,1144.28,12.2,19.7,53.1,9834.8054605,0.2193093765,9.8,0.17,49.784946596,3.7,0.372,0.0345354913,0.0039505544,,,,,-25.0,
2020-10-23,2873,"-77.6348,39.0899",51107,"Virginia, Loudoun",0.07421875,1.40100774241121,0.018876735897751,7680,1.00499025066115,1.00616490278742,0.0169270833333333,130,0.0003195280816025,1.00110375813514,1.00563825421516,0.328123662708823,1.00735199501076,0.0166,0.9083,0.0853,0.000754577854246,4466.5,5.7,8.6,716.0,3348.5244683,0.1098038603,9.6,0.063,172.6528522,5.0,0.223,0.0743394371,0.0045643358,-18.0,-4.0,5.0,-53.0,-44.0,16.0
2020-10-23,2874,"-77.9627,37.9785",51109,"Virginia, Louisa",0.153846153846154,1.57702974604383,0.0102506933492849,377,1.00822139105239,1.00616490278742,0.0185676392572944,7,0.0001903311762466,1.0,1.00563825421516,0.328123662708823,1.00735199501076,0.4685,0.5976,0.1856,,2087.86,10.6,18.9,60.6,7907.8242579,0.1635819668,8.8,0.14,29.411160219,4.0,0.304,0.155663712,0.0061721681,13.0,14.0,,,-22.0,5.0
2020-10-23,2875,"-78.2413,36.9462",51111,"Virginia, Lunenburg",0.144827586206897,1.73754757570743,0.0119973523084561,145,1.00919614950439,1.00616490278742,0.0206896551724138,3,0.0002482210822439,1.0,1.00563825421516,0.328123662708823,1.00735199501076,0.7701,0.6059,0.9449,,1204.95,10.7,21.0,23.6,9946.4978624,0.2016363558,9.2,0.096,26.91858012,3.0,0.4,0.3343537978,0.0053781234,,,,,-18.0,
2020-10-23,2876,"-78.2822,38.4153",51113,"Virginia, Madison",0.064,0.601729973674314,0.0094020308386611,125,1.00826671252138,1.00616490278742,0.024,3,0.0002256487401278,1.0,1.00563825421516,0.328123662708823,1.00735199501076,0.3172,0.3795,0.1624,,1895.72,10.4,21.1,34.9,8400.9728579,0.1641486814,8.4,0.123,31.758139076,3.0,0.378,0.0893569011,0.0026325686,,,,,-20.0,
2020-10-23,2877,"-76.341,37.4416",51115,"Virginia, Mathews",0.2,2.95387411951829,0.0147693705975915,130,1.00334090614183,1.00616490278742,0.0,0,0.0,,1.00563825421516,0.328123662708823,1.00735199501076,0.1051,0.2098,0.0143,,1980.27,12.0,29.8,77.8,7584.8503946,0.1435736952,8.4,0.067,20.574885911,3.7,0.32,0.0847534651,0.0030674847,,,,,-16.0,
2020-10-23,2878,"-78.3613,36.6788",51117,"Virginia, Mecklenburg",0.0490081680280047,1.37030995106036,0.0279608482871126,857,1.00218601786091,1.00616490278742,0.0408401400233372,35,0.0011419249592169,1.0041496628021,1.00563825421516,0.328123662708823,1.00735199501076,0.6755,0.5263,0.7265,0.0032300163132137,1425.63,10.2,25.0,47.9,11893.838019,0.1754660095,9.7,0.194,56.063730898,4.0,0.391,0.3415986949,0.0036215334,1.0,9.0,41.0,14.0,-19.0,4.0
2020-10-23,2879,"-76.5506,37.6319",51119,"Virginia, Middlesex",0.0839160839160839,1.11430959234841,0.0132788559754852,143,1.00614217260317,1.00616490278742,0.0769230769230769,11,0.0010214504596527,1.0,1.00563825421516,0.328123662708823,1.00735199501076,0.2866,0.2827,0.3037,,2001.92,9.0,30.9,72.6,8679.9096944,0.151365461,8.6,0.1,14.851505145,3.0,0.303,0.164453524,0.0052929706,,,,,-17.0,
2020-10-23,2880,"-80.3787,37.1775",51121,"Virginia, Montgomery",0.146707739699653,3.84906804061221,0.0262362984290549,2597,1.01115301858025,1.00616490278742,0.0019252984212552,5,5.05127039450422e-05,1.0,1.00563825421516,0.328123662708823,1.00735199501076,0.4303,0.5183,0.8402,0.0025862504419861,1978.25,6.1,11.9,274.1,5709.4187568,0.1688733634,9.0,0.074,142.65081101,5.0,0.265,0.0405414962,0.0030812749,-19.0,9.0,,-2.0,-28.0,11.0
2020-10-23,2881,"-78.885,37.7879",51125,"Virginia, Nelson",0.177777777777778,1.61768670800755,0.0090994877325424,135,1.01221589950921,1.00616490278742,0.0148148148148148,2,0.0001348072256672,1.0,1.00563825421516,0.328123662708823,1.00735199501076,0.2825,0.4123,0.4066,,1756.9,9.1,25.2,27.3,8219.2640945,0.164976599,8.5,0.061,32.735240768,3.7,0.284,0.1123618226,0.0053248854,,,,,-28.0,
2020-10-23,2882,"-76.9983,37.5069",51127,"Virginia, New Kent",0.131386861313869,1.60778884373186,0.012237059532848,274,1.00919228065865,1.00616490278742,0.0109489051094891,3,0.0001339824036443,1.0,1.00563825421516,0.328123662708823,1.00735199501076,0.0675,0.2716,0.0306,,2900.08,5.0,16.3,75.4,6873.8581229,0.143886208,8.8,0.09,47.032800074,4.0,0.329,0.1345629941,0.0113885043,2.0,-1.0,,19.0,-26.0,7.0
2020-10-23,2883,"-75.8775,37.3406",51131,"Virginia, Northampton",0.0158227848101266,0.426075841499787,0.0269279931827865,316,1.0022810693187,1.00616490278742,0.0981012658227848,31,0.0026416702172986,1.0,1.00563825421516,0.328123662708823,1.00735199501076,0.5529,0.85,0.5514,0.0121857690668939,1531.67,10.9,25.6,59.3,9837.2378448,0.1767613079,8.4,0.154,89.10936869,3.0,0.36,0.3333617384,0.0037494674,,13.0,,,-14.0,
2020-10-23,2884,"-76.4195,37.892",51133,"Virginia, Northumberland",0.117370892018779,2.05812134683461,0.0175351938750309,213,1.00478512617013,1.00616490278742,0.0328638497652582,7,0.0005762739771136,1.02226578920968,1.00563825421516,0.328123662708823,1.00735199501076,0.349,0.3337,0.021,,2093.27,9.3,36.0,57.6,6965.4513492,0.1457671833,8.6,0.126,11.672014038,3.0,0.301,0.2477154853,0.0022227711,,,,,-11.0,
2020-10-23,2885,"-78.0507,37.1436",51135,"Virginia, Nottoway",0.12797619047619,2.78858625162127,0.0217898832684825,336,1.00880553496879,1.00616490278742,0.0625,21,0.0013618677042801,1.0069943706001,1.00563825421516,0.328123662708823,1.00735199501076,0.7054,0.787,0.9748,,1242.54,13.0,18.5,49.6,8976.4859135,0.2026137423,9.0,0.226,91.482992352,3.0,0.39,0.386381323,0.0073929961,,,,,-14.0,
2020-10-23,2886,"-78.0156,38.2453",51137,"Virginia, Orange",0.079155672823219,0.818687916166357,0.0103427573409016,379,1.00618093373882,1.00616490278742,0.0131926121372032,5,0.0001364479860277,1.0,1.00563825421516,0.328123662708823,1.00735199501076,0.3,0.6835,0.3088,,2127.31,9.4,19.6,85.6,8518.8448677,0.1563051756,8.8,0.147,75.245872836,3.7,0.364,0.12872503,0.0052941819,7.0,-4.0,,,-23.0,6.0
2020-10-23,2887,"-78.488,38.6181",51139,"Virginia, Page",0.0885529157667387,1.71311578155685,0.0193456733380688,463,1.00665305849165,1.00616490278742,0.0647948164146868,30,0.0012534993523586,1.0,1.00563825421516,0.328123662708823,1.00735199501076,0.7449,0.1751,0.1264,0.0010445827936322,1551.28,12.2,20.5,63.8,8480.3289169,0.1794516386,8.4,0.225,28.616134342,4.0,0.359,0.0197217231,0.0027576986,,,,,-16.0,4.0
2020-10-23,2888,"-80.2866,36.6802",51141,"Virginia, Patrick",0.0798722044728434,1.4145872234482,0.0177106320375714,313,1.0080095830543,1.00616490278742,0.0830670926517572,26,0.0014711707123861,1.0,1.00563825421516,0.328123662708823,1.00735199501076,0.7707,0.4301,0.4798,,1271.21,10.4,25.4,35.1,9908.1986427,0.1792682156,9.1,0.169,17.366142345,3.0,0.245,0.0540938154,0.0053754314,,,,,-11.0,
2020-10-23,2889,"-79.3973,36.8198",51143,"Virginia, Pittsylvania",0.101449275362319,2.06730217066728,0.0203776928251489,1242,1.00673403072423,1.00616490278742,0.0136876006441224,17,0.0002789217214392,1.06416270333165,1.00563825421516,0.328123662708823,1.00735199501076,0.6876,0.602,0.419,,1297.44,8.6,21.1,50.4,9121.3962353,0.1826983659,10.1,0.13,31.947881851,3.7,0.379,0.2136212243,0.003281432,43.0,-2.0,,,-15.0,3.0
2020-10-23,2890,"-77.9127,37.5502",51145,"Virginia, Powhatan",0.172413793103448,1.71297406557265,0.0099352495803213,290,1.01079637089595,1.00616490278742,0.0172413793103448,5,0.0001712974065572,1.0,1.00563825421516,0.328123662708823,1.00735199501076,0.0567,0.2907,0.0334,,2939.4,6.0,17.4,90.0,5864.4488524,0.1410494586,9.0,0.174,21.322507197,4.3,0.275,0.0930144918,0.0042824352,-4.0,0.0,,,-32.0,5.0
2020-10-23,2891,"-78.436,37.2255",51147,"Virginia, Prince Edward",0.139154160982265,4.44444444444444,0.0319389978213508,733,1.00660246751358,1.00616490278742,0.0177353342428377,13,0.0005664488017429,1.01150029829051,1.00563825421516,0.328123662708823,1.00735199501076,0.765,0.8427,0.8606,0.0050544662309368,1565.28,7.1,15.7,71.6,8891.8198351,0.1832614909,9.0,0.141,84.080540231,4.0,0.375,0.3275816993,0.0031808279,-12.0,,,,-19.0,
2020-10-23,2892,"-77.2292,37.185",51149,"Virginia, Prince George",0.166824644549763,4.62160600808781,0.0277033769234809,1055,1.00811061079857,1.00616490278742,0.0056872037914691,6,0.0001575547502757,1.02638809625704,1.00563825421516,0.328123662708823,1.00735199501076,0.3806,0.5944,0.4136,,2133.58,6.6,13.0,157.4,5919.7289309,0.179625805,9.2,0.119,138.86256426,5.0,0.319,0.3123260333,0.0075101098,-10.0,8.0,,5.0,-25.0,7.0
2020-10-23,2893,"-77.4871,38.7092",51153,"Virginia, Prince William",0.0616685945633314,1.82260673360242,0.0295548608900218,13832,1.00465029187081,1.00616490278742,0.016122035858878,223,0.000476484527073,1.00456659006236,1.00563825421516,0.328123662708823,1.00735199501076,0.1748,0.9542,0.2346,0.0005192185653756,3530.76,11.1,9.2,1071.1,4704.8263729,0.1343222601,9.5,0.091,252.01246191,5.0,0.303,0.2065122401,0.0108715393,-13.0,-6.0,104.0,-43.0,-37.0,13.0
2020-10-23,2894,"-80.7123,37.0647",51155,"Virginia, Pulaski",0.121428571428571,0.998062584394998,0.0082193389303117,280,1.01064309218431,1.00616490278742,0.0214285714285714,6,0.0001761286913638,1.0,1.00563825421516,0.328123662708823,1.00735199501076,0.5344,0.3572,0.5753,0.003962895555686,1620.54,7.0,21.9,104.9,8953.4165408,0.1646524031,9.0,0.146,121.57349777,4.3,0.305,0.0500205483,0.0023777373,-10.0,-14.0,,,-19.0,5.0
2020-10-23,2895,"-78.1583,38.683",51157,"Virginia, Rappahannock",0.0147058823529412,0.137892995035852,0.0093767236624379,68,1.00427381583427,1.00616490278742,0.0294117647058824,2,0.0002757859900717,1.0,1.00563825421516,0.328123662708823,1.00735199501076,0.1519,0.3528,0.0019,,2421.91,13.4,25.6,23.6,4402.6816014,0.1340475764,8.3,0.095,14.321027105,3.0,0.391,0.0424710425,0.0035852179,,,,,-24.0,
2020-10-23,2896,"-76.7292,37.9376",51159,"Virginia, Richmond",0.0273972602739726,1.10643947776057,0.0403850409382607,365,,1.00616490278742,0.010958904109589,4,0.0004425757911042,1.0,1.00563825421516,0.328123662708823,1.00735199501076,0.5299,0.8201,0.9341,,1483.98,6.9,20.8,46.5,10136.390828,0.1887694603,8.4,0.157,45.174926612,3.0,0.301,0.2943129011,0.0048683337,,,,,-15.0,
2020-10-23,2897,"-80.064,37.2687",51161,"Virginia, Roanoke",0.239736070381232,3.47602393885599,0.0144993781425064,1364,1.02054651421823,1.00616490278742,0.0080645161290322,11,0.0001169304688911,1.0465440871019,1.00563825421516,0.328123662708823,1.00735199501076,0.0669,0.524,0.2416,,2256.28,5.4,20.4,345.6,7075.9682516,0.1499451983,8.1,0.115,135.61635221,5.0,0.296,0.060091631,0.002242939,-16.0,-15.0,,,-33.0,8.0
2020-10-23,2898,"-79.4461,37.812",51163,"Virginia, Rockbridge",0.114864864864865,0.7471870604782,0.0065049226441631,148,1.00797014400208,1.00616490278742,0.0202702702702703,3,0.0001318565400843,1.0,1.00563825421516,0.328123662708823,1.00735199501076,0.4363,0.2222,0.079,,2004.12,8.4,24.9,33.3,6616.4923791,0.1617432693,8.6,0.131,41.849603421,4.0,0.27,0.0328762307,0.0060214487,5.0,,,24.0,-19.0,
2020-10-23,2899,"-78.8726,38.5101",51165,"Virginia, Rockingham",0.0778232884727911,1.63704396632367,0.0210353995371966,1709,1.00416447625511,1.00616490278742,0.0152135751901697,26,0.0003200236325144,1.02415191411056,1.00563825421516,0.328123662708823,1.00735199501076,0.3013,0.5833,0.4339,0.0029294470976318,1911.28,10.3,18.5,93.3,5657.7820345,0.1478418044,8.9,0.102,76.796906611,4.0,0.278,0.0204692039,0.0059450544,16.0,7.0,,-1.0,-17.0,5.0
2020-10-23,2900,"-82.101,36.9303",51167,"Virginia, Russell",0.290178571428571,4.86017646179154,0.0167489158067893,448,1.02150743012928,1.00616490278742,0.0178571428571429,8,0.000299087782264,1.0,1.00563825421516,0.328123662708823,1.00735199501076,0.8516,0.0115,0.2646,0.0029161058770749,1124.71,9.7,20.0,60.3,10899.214567,0.1897292311,9.4,0.189,64.509868867,3.7,0.38,0.0091595633,0.0025422461,,-7.0,,,-14.0,2.0
2020-10-23,2901,"-82.6017,36.7147",51169,"Virginia, Scott",0.32258064516129,4.64381907680877,0.0143958391381072,310,1.03723851807966,1.00616490278742,0.0161290322580645,5,0.0002321909538404,1.0,1.00563825421516,0.328123662708823,1.00735199501076,0.7825,0.1691,0.8262,,1233.4,9.5,22.7,37.3,9242.106098,0.1888719643,10.1,0.172,59.257641164,3.7,0.303,0.008033807,0.0028791678,,,,,-17.0,
2020-10-23,2902,"-78.5681,38.8591",51171,"Virginia, Shenandoah",0.092948717948718,2.00013794054762,0.02151872542934,936,1.00674103282494,1.00616490278742,0.0641025641025641,60,0.0013794054762397,1.00240390165174,1.00563825421516,0.328123662708823,1.00735199501076,0.3694,0.6081,0.2595,0.0005747522817665,1812.96,8.2,21.0,74.9,6209.7350538,0.1569101284,8.8,0.156,121.93594608,4.0,0.331,0.0241166057,0.0042991471,1.0,0.0,,-5.0,-26.0,5.0
2020-10-23,2903,"-81.5334,36.8446",51173,"Virginia, Smyth",0.0757825370675453,1.50958256760305,0.0199199264898924,607,1.00577972491709,1.00616490278742,0.0395387149917628,24,0.0007876082961407,1.01250777270301,1.00563825421516,0.328123662708823,1.00735199501076,0.7567,0.1751,0.83,0.0014439485429246,1282.14,9.8,20.9,67.9,11052.44559,0.1944948417,8.8,0.155,96.638287501,3.7,0.314,0.0236610659,0.0016408506,1.0,-4.0,,,-15.0,4.0
2020-10-23,2904,"-77.1064,36.7223",51175,"Virginia, Southampton",0.116868798235943,6.02752189241442,0.0515751165699989,907,1.00498041254009,1.00616490278742,0.0374862183020948,34,0.0019333560786989,1.01804126125684,1.00563825421516,0.328123662708823,1.00735199501076,0.4299,0.3884,0.5584,,1808.61,6.7,18.8,21.5,7694.6844367,0.1710984205,9.1,0.17,33.657038345,3.0,0.449,0.3455021039,0.0050608439,,,,,-19.0,
2020-10-23,2905,"-77.6554,38.1857",51177,"Virginia, Spotsylvania",0.0633713561470216,1.11741831672105,0.0176328610378581,2367,1.00423525073225,1.00616490278742,0.0211237853823405,50,0.0003724727722403,1.01198288474998,1.00563825421516,0.328123662708823,1.00735199501076,0.1943,0.7835,0.1468,0.0007449455444806,2906.89,7.8,13.2,264.2,6820.7434687,0.1576141072,9.0,0.113,98.426670852,5.0,0.324,0.1610721256,0.00451437,-14.0,2.0,,,-28.0,9.0
2020-10-23,2906,"-77.4592,38.4176",51179,"Virginia, Stafford",0.0862592110966623,1.32702053881035,0.015384102427314,2307,1.00486126259961,1.00616490278742,0.0086692674469007,20,0.0001333688983728,1.00735452613864,1.00563825421516,0.328123662708823,1.00735199501076,0.0277,0.8173,0.1296,0.0006668444918644,3607.2,7.4,9.8,463.6,5388.1410579,0.1471888603,9.1,0.073,208.90109173,5.0,0.345,0.1829354495,0.0069418512,-12.0,-6.0,40.0,,-35.0,12.0
2020-10-23,2907,"-76.8845,37.1178",51181,"Virginia, Surry",0.0785714285714286,1.69910410874266,0.0216249613839975,140,1.00627713668647,1.00616490278742,0.0357142857142857,5,0.0007723200494284,1.03239118471,1.00563825421516,0.328123662708823,1.00735199501076,0.521,0.433,0.2588,,1513.82,11.8,20.7,23.5,10737.311931,0.1729080471,8.6,0.15,6.995904355,3.0,0.26,0.4185974668,0.0044794563,,,,,-25.0,
2020-10-23,2908,"-77.2579,36.9243",51183,"Virginia, Sussex",0.0109546165884194,0.622942066387826,0.0568657114888315,639,1.00112284419524,1.00616490278742,0.0203442879499218,13,0.0011568924090059,1.01150029829051,1.00563825421516,0.328123662708823,1.00735199501076,0.9172,0.7533,0.8965,,1263.48,10.0,16.9,20.9,10767.304242,0.1932499198,9.1,0.108,47.108449031,3.7,0.394,0.5607368515,0.0050725283,,,,-11.0,-15.0,
2020-10-23,2909,"-81.5669,37.1219",51185,"Virginia, Tazewell",0.19910514541387,2.17843593195447,0.0109411332762208,447,1.01782454141739,1.00616490278742,0.0044742729306487,2,4.89536164484151e-05,1.0,1.00563825421516,0.328123662708823,1.00735199501076,0.7796,0.1385,0.6845,0.0056541426997919,1296.96,9.9,20.7,88.5,11576.927471,0.1945427191,9.0,0.143,58.952792054,4.0,0.322,0.0318443275,0.0019826215,-8.0,1.0,,,-14.0,4.0
2020-10-23,2910,"-78.2028,38.9085",51187,"Virginia, Warren",0.164579606440072,2.29982751293653,0.0139739519536035,559,1.01206161990202,1.00616490278742,0.0322003577817531,18,0.000449966252531,1.03655432261531,1.00563825421516,0.328123662708823,1.00735199501076,0.3904,0.4142,0.2117,0.0014998875084368,2307.86,10.5,15.3,161.9,8574.0962554,0.1629341566,8.7,0.154,157.76947831,5.0,0.324,0.0461215409,0.0052746044,4.0,7.0,,,-22.0,6.0
2020-10-23,2911,"-81.9567,36.7234",51191,"Virginia, Washington",0.209919261822376,3.34546524024852,0.015936914084041,867,1.01559353741876,1.00616490278742,0.0299884659746251,26,0.0004779236057497,1.03098080370314,1.00563825421516,0.328123662708823,1.00735199501076,0.5863,0.0965,0.3426,0.0021322745487298,1695.45,9.3,21.6,97.8,8553.6063725,0.1772321494,9.5,0.182,75.627657397,4.3,0.302,0.0147053417,0.0024815264,-2.0,-10.0,,14.0,-23.0,4.0
2020-10-23,2912,"-76.8021,38.1102",51193,"Virginia, Westmoreland",0.155688622754491,2.91643297812675,0.0187324733595064,334,1.00259298234902,1.00616490278742,0.0149700598802395,5,0.0002804262478968,1.03239118471,1.00563825421516,0.328123662708823,1.00735199501076,0.4691,0.7797,0.0761,,1749.38,11.8,24.1,63.6,8482.1399237,0.1707627056,8.7,0.168,33.140279527,3.0,0.346,0.2553561413,0.0083006169,,,,,-23.0,
2020-10-23,2913,"-82.6241,36.9746",51195,"Virginia, Wise",0.156363636363636,2.26244343891403,0.0144691150163106,550,1.01370885629547,1.00616490278742,0.0163636363636364,9,0.0002367673366305,1.0,1.00563825421516,0.328123662708823,1.00735199501076,0.9347,0.1987,0.9325,0.0015784489108702,1146.49,11.0,16.9,111.3,12425.183692,0.1906493461,9.6,0.176,47.990427856,4.3,0.353,0.0564295486,0.0019993686,-3.0,-20.0,,,-30.0,7.0
2020-10-23,2914,"-81.0783,36.9158",51197,"Virginia, Wythe",0.148606811145511,1.66933296237045,0.0112332197259512,323,1.01303811701529,1.00616490278742,0.0185758513931889,6,0.0002086666202963,1.0,1.00563825421516,0.328123662708823,1.00735199501076,0.6096,0.1006,0.3394,0.0037559991653335,1541.52,8.8,20.4,64.8,8987.9920127,0.1720655557,8.8,0.132,92.147101688,4.0,0.355,0.0276135494,0.0025039994,-16.0,19.0,,-1.0,-19.0,3.0
2020-10-23,2915,"-76.5441,37.2437",51199,"Virginia, York",0.0894568690095847,0.8253986970492,0.0092267782920142,626,1.00536192025375,1.00616490278742,0.0143769968051118,9,0.0001326533620257,1.0,1.00563825421516,0.328123662708823,1.00735199501076,0.1099,0.7428,0.1538,0.0021371930548595,2934.4,4.3,15.3,601.4,4465.0412883,0.1385425562,8.9,0.088,235.72229475,5.0,0.271,0.1315773959,0.0055272234,-5.0,-1.0,21.0,,-36.0,11.0
2020-10-23,2916,"-77.0818,38.814",51510,"Virginia, Alexandria City",0.0482940893801057,1.25210241076434,0.0259266180776179,4162,1.00295210664343,1.00616490278742,0.0180201826045171,75,0.0004672023920762,1.00386870309944,1.00563825421516,0.328123662708823,1.00735199501076,0.0685,0.9408,0.7192,0.0019809381424032,3581.0,10.9,10.8,10646.5,3610.827084,0.1507335765,9.7,0.06,1988.3561421,5.0,0.239,0.2199962624,0.0063477232,-23.0,-12.0,61.0,-45.0,-46.0,16.0
2020-10-23,2917,"-82.1636,36.6163",51520,"Virginia, Bristol City",0.187755102040816,2.79092343162238,0.0148647008858148,245,1.0135316550986,1.00616490278742,0.0285714285714286,7,0.0004247057395947,1.0,1.00563825421516,0.328123662708823,1.00735199501076,0.7768,0.2665,0.5358,,1311.38,10.2,20.1,1639.2,13267.082333,0.1940287366,9.4,0.224,322.64431702,5.0,0.291,0.0615823322,0.0049751244,-12.0,-8.0,,,-25.0,
2020-10-23,2918,"-79.353,37.7348",51530,"Virginia, Buena Vista City",0.181818181818182,3.52733686067019,0.0194003527336861,121,1.00729194587265,1.00616490278742,0.0082644628099173,1,0.0001603334936668,1.0,1.00563825421516,0.328123662708823,1.00735199501076,0.6771,0.1735,0.298,,1111.46,11.0,18.4,821.6,43939.069406,0.2102427519,8.4,0.088,178.52561156,5.0,0.258,0.0551547218,0.012025012,,,,,-34.0,
2020-10-23,2919,"-78.4857,38.0353",51540,"Virginia, Charlottesville City",0.0790667530784187,2.53548641852152,0.0320676683916287,1543,1.00587591559185,1.00616490278742,0.0207388204795852,32,0.0006650456179728,1.00454582940699,1.00563825421516,0.328123662708823,1.00735199501076,0.3618,0.8424,0.8714,0.0127605627948542,1874.38,8.4,10.7,6364.6,5399.9452864,0.1936681723,8.7,0.072,433.87391947,5.0,0.289,0.1793337074,0.0041773178,-21.0,-14.0,-3.0,-48.0,-43.0,12.0
2020-10-23,2920,"-76.3055,36.6767",51550,"Virginia, Chesapeake City",0.0601331668747399,1.19109440556558,0.0198076114641806,4806,1.00438603632772,1.00616490278742,0.0162297128589263,78,0.0003214718464848,1.00561868495366,1.00563825421516,0.328123662708823,1.00735199501076,0.1567,0.7303,0.2544,0.0012776445180807,2558.87,7.3,12.5,647.5,6792.9075396,0.1418460594,9.0,0.121,297.75415519,5.0,0.362,0.2960838135,0.0048179563,-10.0,-1.0,63.0,-21.0,-31.0,8.0
2020-10-23,2921,"-77.3961,37.2642",51570,"Virginia, Colonial Heights City",0.0620689655172414,1.0093646610217,0.0162619862053496,290,1.00605537572294,1.00616490278742,0.0896551724137931,26,0.0014579711770313,1.0,1.00563825421516,0.328123662708823,1.00735199501076,0.508,0.7335,0.1802,,1769.43,7.5,20.5,2547.9,10793.428635,0.1660808978,9.2,0.104,623.03149437,5.0,0.265,0.1573487355,0.0070655526,-12.0,-1.0,,,-19.0,4.0
2020-10-23,2922,"-79.9863,37.7825",51580,"Virginia, Covington City",0.0571428571428571,0.366300366300366,0.0064102564102564,35,1.00844121353096,1.00616490278742,0.0,0,0.0,,1.00563825421516,0.328123662708823,1.00735199501076,0.5424,0.2585,0.4212,,1192.3,9.9,21.5,960.1,17906.296341,0.1820643087,8.5,0.095,235.45159467,5.0,0.267,0.130952381,0.0047619048,,,,,-20.0,
2020-10-23,2923,"-79.404,36.5802",51590,"Virginia, Danville City",0.12618841832325,3.58784066055587,0.0284324085223503,1157,1.00855823579732,1.00616490278742,0.0354364736387208,41,0.0010075442950876,1.01091426025064,1.00563825421516,0.328123662708823,1.00735199501076,0.8889,0.7377,0.8841,0.0061435627749244,1176.76,9.7,20.1,1171.3,12927.151094,0.207991024,10.0,0.12,180.35361974,5.0,0.296,0.5046076721,0.0048165532,-20.0,-7.0,,21.0,-15.0,5.0
2020-10-23,2924,"-77.5341,36.6946",51595,"Virginia, Emporia City",0.0701754385964912,3.90548720952939,0.0556531927357938,285,1.00722171735865,1.00616490278742,0.0982456140350877,28,0.0054676820933411,1.01064309218431,1.00563825421516,0.328123662708823,1.00735199501076,0.9803,0.6297,0.8656,0.0156219488381176,1156.36,13.9,16.3,1064.6,9603.3578249,0.2362517434,9.2,0.119,214.15670081,5.0,0.259,0.6295645382,0.0080062488,-15.0,,,33.0,-6.0,
2020-10-23,2925,"-77.2978,38.8516",51600,"Virginia, Fairfax City",0.0961538461538462,0.610401237079841,0.0063481728656303,156,1.01050078816117,1.00616490278742,0.0512820512820513,8,0.0003255473264425,1.0,1.00563825421516,0.328123662708823,1.00735199501076,0.0561,0.9214,0.6928,,4018.25,7.7,14.4,7678.1,6000.8443945,0.1266535976,9.5,0.072,1357.0795363,5.0,0.243,0.0566045414,0.0066737202,-29.0,15.0,,,-42.0,15.0
2020-10-23,2926,"-77.1756,38.8849",51610,"Virginia, Falls Church City",0.027027027027027,0.135391280801516,0.0050094773896561,74,,1.00616490278742,0.0945945945945946,7,0.0004738694828053,1.0,1.00563825421516,0.328123662708823,1.00735199501076,0.0089,0.6581,0.3464,,5018.02,2.7,12.1,8858.8,5156.3008365,0.1302378001,9.7,0.054,996.63751767,3.7,0.196,0.0444083401,0.0055510425,-29.0,,,,-53.0,
2020-10-23,2927,"-76.9386,36.6831",51620,"Virginia, Franklin City",0.0809128630705394,4.86709097716211,0.060152252589542,482,1.0054518880063,1.00616490278742,0.024896265560166,12,0.0014975664545114,1.02638809625704,1.00563825421516,0.328123662708823,1.00735199501076,0.7828,0.5164,0.2919,0.0112317484088356,1668.94,6.7,18.8,1090.2,18125.539074,0.1974340459,8.8,0.14,48.381104349,5.0,0.491,0.5748159241,0.0043679022,,,,-4.0,-22.0,
2020-10-23,2928,"-77.4922,38.2978",51630,"Virginia, Fredericksburg City",0.039451114922813,0.789184737853418,0.0200041174855888,583,1.00373062260366,1.00616490278742,0.0102915951972556,6,0.00020587427944,1.02638809625704,1.00563825421516,0.328123662708823,1.00735199501076,0.3242,0.8924,0.9109,0.0144111995608015,2317.76,11.0,10.6,4012.9,7836.438698,0.1751064815,8.8,0.109,529.05333708,5.0,0.317,0.2322261872,0.0077202855,-14.0,0.0,,-53.0,-37.0,9.0
2020-10-23,2929,"-80.917,36.666",51640,"Virginia, Galax City",0.0344036697247706,2.33535730966838,0.0678810524676942,436,1.00298419101939,1.00616490278742,0.0688073394495413,30,0.0046707146193367,1.0,1.00563825421516,0.328123662708823,1.00735199501076,0.9013,0.8255,0.9188,0.0219523587108828,1194.64,16.2,22.7,1013.2,16529.875288,0.1911654806,8.6,0.126,211.40092349,5.0,0.289,0.0579168613,0.0043593336,-3.0,,,,-26.0,
2020-10-23,2930,"-76.3588,37.0351",51650,"Virginia, Hampton City",0.0714630613230323,1.10190376210791,0.0154192073738209,2071,1.00470911019988,1.00616490278742,0.0154514727184935,32,0.0002382494620773,1.01925902092718,1.00563825421516,0.328123662708823,1.00735199501076,0.4863,0.7991,0.8061,0.005100027547594,1828.18,8.1,14.5,2593.2,8712.663131,0.20322793,8.7,0.15,374.10589144,5.0,0.381,0.4961619501,0.0053606129,-17.0,-9.0,66.0,-44.0,-29.0,8.0
2020-10-23,2931,"-78.8754,38.4354",51660,"Virginia, Harrisonburg City",0.0575490859851049,3.14622545481465,0.054670294079544,2954,1.0035313185413,1.00616490278742,0.0118483412322275,35,0.0006477522995206,1.0,1.00563825421516,0.328123662708823,1.00735199501076,0.7513,0.893,0.9787,,1521.98,12.4,8.8,3610.5,5335.3593695,0.1969365179,8.8,0.07,410.62603144,5.0,0.254,0.074010327,0.0079025781,-17.0,-3.0,,-11.0,-27.0,7.0
2020-10-23,2932,"-77.2975,37.2919",51670,"Virginia, Hopewell City",0.123732251521298,2.69959284829173,0.0218180208886529,493,1.00838809434295,1.00616490278742,0.0141987829614604,7,0.0003097893432465,1.0,1.00563825421516,0.328123662708823,1.00735199501076,0.8755,0.8644,0.6523,0.0065055762081784,1293.54,9.4,15.6,2031.0,14938.091998,0.1954439237,9.2,0.169,218.95976169,5.0,0.296,0.4125951496,0.0067711099,-14.0,-4.0,,,-20.0,5.0
2020-10-23,2933,"-79.4426,37.7826",51678,"Virginia, Lexington City",0.295238095238095,8.68834080717489,0.0294282511210762,210,1.01516534655549,1.00616490278742,0.0047619047619047,1,0.0001401345291479,1.0,1.00563825421516,0.328123662708823,1.00735199501076,0.6449,0.2493,0.6692,0.0035033632286995,1606.81,4.9,15.7,4211.2,27642.855567,0.1682929308,8.4,0.071,276.37705004,5.0,0.19,0.0864630045,0.0019618834,,,,,,
2020-10-23,2934,"-79.1989,37.4002",51680,"Virginia, Lynchburg City",0.142933049946865,3.27545478898278,0.0229160071110245,1882,1.00970241985148,1.00616490278742,0.0127523910733262,24,0.0002922338845189,1.01250777270301,1.00563825421516,0.328123662708823,1.00735199501076,0.7057,0.7695,0.893,0.0082190780020943,1527.24,9.1,14.0,2145.0,7764.7657556,0.1748587704,9.1,0.097,325.12505353,5.0,0.354,0.2783284222,0.0042252149,-14.0,-13.0,,-27.0,-23.0,6.0
2020-10-23,2935,"-77.4851,38.7464",51683,"Virginia, Manassas City",0.0271604938271605,1.32081362119065,0.0486299560529286,2025,1.00149032619621,1.00616490278742,0.0133333333333333,27,0.000648399414039,1.01105509534937,1.00563825421516,0.328123662708823,1.00735199501076,0.3774,0.971,0.2814,0.0031219231046324,2699.52,15.2,9.2,4413.5,6012.8465997,0.1546219814,9.2,0.04,85.82404497,5.0,0.31,0.1338824716,0.0138805504,-21.0,-1.0,,-35.0,-28.0,9.0
2020-10-23,2936,"-77.444,38.7706",51685,"Virginia, Manassas Park City",0.028169014084507,1.04004160166407,0.0369214768590744,639,1.00248369182344,1.00616490278742,0.0125195618153365,8,0.0004622407118506,1.0,1.00563825421516,0.328123662708823,1.00735199501076,0.4608,0.9784,0.2611,,2669.32,17.1,8.1,4430.8,7273.5690078,0.1641286841,9.2,0.212,142.3273805,5.0,0.406,0.1363032299,0.0159473046,,,,,-35.0,9.0
2020-10-23,2937,"-79.8635,36.6821",51690,"Virginia, Martinsville City",0.104477611940299,3.79786079677569,0.0363509533405674,469,1.00753229555721,1.00616490278742,0.0490405117270789,23,0.0017826693535885,1.0,1.00563825421516,0.328123662708823,1.00735199501076,0.872,0.6613,0.5597,0.0172841419934894,1273.35,11.2,19.2,1489.6,14841.160205,0.2033723259,9.5,0.144,118.58610489,5.0,0.293,0.4647341497,0.0048054565,-7.0,-9.0,,,-16.0,
2020-10-23,2938,"-76.5175,37.0817",51700,"Virginia, Newport News City",0.0760554302288108,1.32119624242831,0.0173714912722672,3103,1.00613270585866,1.00616490278742,0.0161134386077989,50,0.0002799144581415,1.00289026984454,1.00563825421516,0.328123662708823,1.00735199501076,0.5201,0.8695,0.9507,0.0040139733297504,1611.54,11.2,12.4,2970.2,8415.613268,0.1847904863,9.0,0.139,568.33565352,5.0,0.346,0.4080145108,0.0057942293,-15.0,-4.0,33.0,-28.0,-26.0,8.0
2020-10-23,2939,"-76.2642,36.8993",51710,"Virginia, Norfolk City",0.04711043295823,1.01197987512086,0.0214810141103591,5243,1.00334112140378,1.00616490278742,0.0162120923135609,85,0.000348252183746,1.00869827228079,1.00563825421516,0.328123662708823,1.00735199501076,0.6586,0.8488,0.9411,0.0039864632327635,1778.82,11.9,10.6,5344.5,9578.0576006,0.1925546929,8.8,0.108,1049.75525,5.0,0.336,0.4081966273,0.0064774906,-18.0,-2.0,16.0,-33.0,-26.0,7.0
2020-10-23,2940,"-82.6275,36.9336",51720,"Virginia, Norton City",0.152173913043478,1.76411290322581,0.0115927419354839,46,1.00637045739233,1.00616490278742,0.0,0,0.0,,1.00563825421516,0.328123662708823,1.00735199501076,0.9576,0.157,0.8542,0.0660282258064516,1126.18,11.0,17.3,488.0,12072.100499,0.1966503926,9.1,0.095,156.636094,5.0,0.318,0.056703629,0.0035282258,-13.0,,,,,
2020-10-23,2941,"-77.3937,37.2053",51730,"Virginia, Petersburg City",0.124582869855395,3.5480089967371,0.0284791079291665,899,1.01008839589623,1.00616490278742,0.032258064516129,29,0.0009186809009408,1.0,1.00563825421516,0.328123662708823,1.00735199501076,0.9261,0.8641,0.8898,0.0095035955269743,1138.09,12.4,16.4,1469.9,18804.25065,0.236602116,9.2,0.143,645.40473216,5.0,0.404,0.7631070422,0.0049735483,-5.0,2.0,,,-21.0,6.0
2020-10-23,2942,"-76.358,37.1426",51735,"Virginia, Poquoson City",0.153846153846154,1.14848236259229,0.0074651353568498,91,1.00810584882869,1.00616490278742,0.021978021978022,2,0.0001640689089417,1.0,1.00563825421516,0.328123662708823,1.00735199501076,0.064,0.2728,0.0051,,3085.51,3.0,18.8,537.3,6484.431352,0.1356356362,8.7,0.074,0.7592346573,5.0,0.373,0.0112387203,0.0043478261,,,,,-36.0,
2020-10-23,2943,"-76.3597,36.8591",51740,"Virginia, Portsmouth City",0.0398262128892107,1.1623974976752,0.0291867444416265,2762,1.00293050344592,1.00616490278742,0.0242577842143374,67,0.0007080057485839,1.00883276539333,1.00563825421516,0.328123662708823,1.00735199501076,0.7143,0.7536,0.7469,0.0057908529884182,1561.46,10.0,14.2,3026.3,11128.686543,0.1898329946,9.0,0.123,545.31060676,5.0,0.39,0.5332551357,0.005156818,-4.0,-9.0,,-3.0,-25.0,6.0
2020-10-23,2944,"-80.5603,37.1222",51750,"Virginia, Radford City",0.150334075723831,7.36136103386226,0.0489666830252467,898,1.01847387232513,1.00616490278742,0.0011135857461024,1,5.45286002508316e-05,1.0,1.00563825421516,0.328123662708823,1.00735199501076,0.7462,0.3604,0.8236,,1344.65,8.1,8.5,1715.7,7303.6796748,0.223055401,8.9,0.085,249.88062338,5.0,0.342,0.0951524074,0.0025628442,,,,,-15.0,
2020-10-23,2945,"-77.4797,37.5326",51760,"Virginia, Richmond City",0.0651081916537867,1.47301154368987,0.0226240586057531,5176,1.00486821496775,1.00616490278742,0.0133307573415765,69,0.0003015958353549,1.01539909409448,1.00563825421516,0.328123662708823,1.00735199501076,0.6822,0.9268,0.879,0.0116223670465026,1827.97,12.0,12.4,4813.5,9113.698286,0.195332575,9.3,0.115,820.71289266,5.0,0.309,0.4679018983,0.0053719026,-25.0,-6.0,70.0,-24.0,-40.0,9.0
2020-10-23,2946,"-79.9619,37.2779",51770,"Virginia, Roanoke City",0.196662693682956,4.95396317053643,0.0251901521216974,2517,1.01448217943546,1.00616490278742,0.0139054429876838,35,0.0003502802241793,1.01288402997981,1.00563825421516,0.328123662708823,1.00735199501076,0.7108,0.8367,0.7431,0.0090072057646116,1552.07,10.8,15.9,2957.3,10931.774182,0.1957036459,9.0,0.116,411.12900063,5.0,0.349,0.2885308247,0.0042634107,-16.0,-13.0,61.0,-25.0,-23.0,7.0
2020-10-23,2947,"-80.0622,37.2836",51775,"Virginia, Salem City",0.345309381237525,6.74648052099988,0.0195374956128378,501,1.02940855690637,1.00616490278742,0.0119760479041916,6,0.0002339819833872,1.0,1.00563825421516,0.328123662708823,1.00735199501076,0.2545,0.4416,0.624,0.0309636158015833,2050.82,6.4,18.5,2615.0,8956.4014247,0.1486551083,8.8,0.088,408.34324281,5.0,0.27,0.0742112857,0.0040556877,-13.0,-10.0,,,-26.0,6.0
2020-10-23,2948,"-79.0598,38.1597",51790,"Virginia, Staunton City",0.196185286103542,2.88901372281518,0.0147259449482385,367,1.01182883561839,1.00616490278742,0.0027247956403269,1,4.01251905946553e-05,,1.00563825421516,0.328123662708823,1.00735199501076,0.2898,0.603,0.6081,,1708.69,9.8,20.7,1285.0,9456.6009574,0.166565783,8.6,0.139,103.85437533,5.0,0.311,0.1133536634,0.0036915175,-6.0,-7.0,,,-19.0,5.0
2020-10-23,2949,"-76.636,36.7016",51800,"Virginia, Suffolk City",0.0450132391879965,1.11860503372265,0.0248505784942699,2266,1.00293414860105,1.00616490278742,0.0344218887908208,78,0.0008554038493173,1.00184504355011,1.00563825421516,0.328123662708823,1.00735199501076,0.3325,0.6501,0.255,0.0016450074025333,2325.19,6.3,13.7,202.0,6614.8736002,0.1643807072,9.1,0.138,170.48695367,5.0,0.324,0.4152108351,0.0041125185,-17.0,-1.0,,-2.0,-30.0,8.0
2020-10-23,2950,"-76.0457,36.7329",51810,"Virginia, Virginia Beach City",0.0634197161088683,1.08176787971274,0.017057280386682,7679,1.00501027462426,1.00616490278742,0.0134132048443808,103,0.0002287927959146,1.00280513725361,1.00563825421516,0.328123662708823,1.00735199501076,0.0978,0.7708,0.2308,0.0009818098620801,2528.31,7.6,13.2,1613.3,5718.0728237,0.1495201847,8.2,0.095,401.18430756,5.0,0.269,0.1910264356,0.0046047327,-8.0,-3.0,39.0,-37.0,-32.0,9.0
2020-10-23,2951,"-78.9029,38.0645",51820,"Virginia, Waynesboro City",0.166666666666667,2.78416121619233,0.016704967297154,378,1.01188315252133,1.00616490278742,0.0079365079365079,3,0.0001325791055329,1.0,1.00563825421516,0.328123662708823,1.00735199501076,0.5513,0.6587,0.3305,,1420.29,13.6,18.3,1454.7,8335.8955615,0.1799871862,8.6,0.199,155.58357739,5.0,0.393,0.1219285841,0.0058776737,-4.0,0.0,,,-22.0,6.0
2020-10-23,2952,"-76.7091,37.2813",51830,"Virginia, Williamsburg City",0.0380952380952381,0.537056928034372,0.0140977443609023,210,1.0041496628021,1.00616490278742,0.0380952380952381,8,0.0005370569280343,1.0,1.00563825421516,0.328123662708823,1.00735199501076,0.4997,0.4782,0.8348,0.0026852846401718,2331.43,5.9,14.8,2618.9,3430.9366645,0.1603523733,8.7,0.111,167.9418031,5.0,0.341,0.1527255639,0.0051691729,4.0,21.0,,,-24.0,
2020-10-23,2953,"-78.1733,39.1705",51840,"Virginia, Winchester City",0.0901213171577123,1.85000711541198,0.0205279635690906,577,1.00897954279987,1.00616490278742,0.0069324090121317,4,0.000142308239647,1.0,1.00563825421516,0.328123662708823,1.00735199501076,0.429,0.8816,0.836,0.014622171623737,2094.33,13.8,15.6,4482.9,7052.5873362,0.1707561863,9.0,0.081,534.99951515,5.0,0.339,0.1056282909,0.0092144585,-16.0,-8.0,,,-18.0,5.0
2020-10-23,2954,"-118.5602,46.983",53001,"Washington, Adams",0.0361842105263158,1.67012500632623,0.0461561819930158,912,1.0020530983837,1.00634025530138,0.0109649122807018,10,0.0005060984867655,1.0,1.00387128123355,0.247190167300747,1.00700100860891,0.9274,0.9869,0.8933,0.0028847613745634,1489.61,16.5,10.8,10.5,5818.4327182,0.1433154142,9.3,0.103,25.747375574,3.7,0.369,0.0058707424,0.0604281593,8.0,,,16.0,-31.0,
2020-10-23,2955,"-117.2023,46.1889",53003,"Washington, Asotin",0.295,2.60946483856701,0.0088456435205661,200,1.02609517718435,1.00634025530138,0.035,7,0.0003095975232198,1.02226578920968,1.00387128123355,0.247190167300747,1.00700100860891,0.4548,0.256,0.3142,0.0011057054400707,1567.41,6.0,22.2,29.8,7107.4141735,0.1435764439,8.6,0.125,82.965981981,3.7,0.32,0.0067669173,0.0183989385,-13.0,,,,-23.0,7.0
2020-10-23,2956,"-119.5121,46.2395",53005,"Washington, Benton",0.0627335299901672,1.58017010357792,0.0251886049426136,5085,1.00522040289798,1.00634025530138,0.0263520157325467,134,0.0006637705137286,1.00215057737634,1.00387128123355,0.247190167300747,1.00700100860891,0.3038,0.8437,0.5212,0.0020557071880402,2287.47,7.3,14.1,117.6,5676.15664,0.1307876746,9.2,0.089,212.01908581,3.7,0.309,0.014697068,0.0128791294,-16.0,-12.0,5.0,-2.0,-32.0,7.0
2020-10-23,2957,"-120.6174,47.8705",53007,"Washington, Chelan",0.0409919028340081,1.05145646191391,0.0256503452931097,1976,1.00322216054004,1.00634025530138,0.0080971659919028,16,0.0002076951035879,1.0,1.00387128123355,0.247190167300747,1.00700100860891,0.442,0.8825,0.7641,0.0032582169375357,2139.49,9.5,18.2,28.4,5089.0035254,0.1306664485,6.9,0.065,185.89752992,3.7,0.266,0.0054130536,0.0206397009,-11.0,-3.0,21.0,-11.0,-26.0,8.0
2020-10-23,2958,"-123.9226,48.0475",53009,"Washington, Clallam",0.0658914728682171,0.221535895330805,0.0033621329997263,258,1.00682720684153,1.00634025530138,0.003875968992248,1,1.30315232547532e-05,1.0,1.00387128123355,0.247190167300747,1.00700100860891,0.4478,0.5861,0.7552,0.0021241382905247,1917.06,7.6,28.0,42.5,6981.1611722,0.1409564954,5.8,0.118,89.145264836,3.7,0.292,0.0094478544,0.0557097619,-6.0,9.0,37.0,-19.0,-24.0,8.0
2020-10-23,2959,"-122.4829,45.7757",53011,"Washington, Clark",0.123417721518987,1.05217938101968,0.0085253508821081,4108,1.00830207745424,1.00634025530138,0.0187439143135346,77,0.000159798446427,1.00569333558889,1.00387128123355,0.247190167300747,1.00700100860891,0.1774,0.7482,0.3658,0.0013530985333823,2541.26,5.8,14.6,672.5,5455.1132436,0.1404192903,8.3,0.101,404.71749515,5.0,0.305,0.0207281413,0.0117669765,-20.0,-10.0,13.0,-34.0,-34.0,10.0
2020-10-23,2960,"-117.9052,46.2944",53013,"Washington, Columbia",0.0,0.0,0.0034491254003449,14,1.0,1.00634025530138,0.0714285714285714,1,0.0002463661000246,1.0,1.00387128123355,0.247190167300747,1.00700100860891,0.2092,0.6243,0.2372,0.0061591525006159,1667.84,4.8,27.3,4.8,9048.3855266,0.1435221546,7.1,0.114,69.569228432,3.0,0.353,0.0061591525,0.0174919931,,,,,,
2020-10-23,2961,"-122.6782,46.1907",53015,"Washington, Cowlitz",0.0821566110397946,0.587225999431125,0.0071476414618257,779,1.00658875540852,1.00634025530138,0.0089858793324775,7,6.42278436877793e-05,1.0,1.00387128123355,0.247190167300747,1.00700100860891,0.5968,0.5893,0.7555,0.0018534320607044,1737.11,5.2,18.5,91.7,8521.2198972,0.1782366819,6.9,0.114,232.07709614,4.0,0.347,0.009102003,0.0204152789,-15.0,-10.0,15.0,-7.0,-23.0,7.0
2020-10-23,2962,"-119.6929,47.7361",53017,"Washington, Douglas",0.0244498777506112,0.699186612906985,0.0285967324678957,1227,1.00128731104371,1.00634025530138,0.0073349633251833,9,0.000209755983872,1.0,1.00387128123355,0.247190167300747,1.00700100860891,0.4357,0.9067,0.5845,,1748.25,9.5,16.6,19.2,4236.8577759,0.1355658625,7.5,0.081,206.86470118,3.7,0.324,0.0046612441,0.0210222108,-17.0,2.0,,-51.0,-25.0,7.0
2020-10-23,2963,"-118.5154,48.4711",53019,"Washington, Ferry",0.0909090909090909,0.392208131781932,0.0043142894496012,33,1.01370885629547,1.00634025530138,0.0,0,0.0,,1.00387128123355,0.247190167300747,1.00700100860891,0.7596,0.6457,0.7033,0.0032684010981827,1599.41,7.2,24.2,3.3,10988.530968,0.1674833318,6.5,0.097,12.546039747,3.0,0.301,0.0057523859,0.1713949536,,,,,,
2020-10-23,2964,"-118.9018,46.5335",53021,"Washington, Franklin",0.0559677761288955,2.79818118223155,0.0499962902900993,4717,1.0039378571922,1.00634025530138,0.0142039431842273,67,0.0007101444667027,1.0,1.00387128123355,0.247190167300747,1.00700100860891,0.7357,0.9764,0.7813,0.0011235121413505,2154.6,14.3,8.7,68.4,4852.9651189,0.1401274054,9.4,0.099,308.8532997,3.7,0.331,0.0214315241,0.0169268763,-13.0,-13.0,,-28.0,-33.0,5.0
2020-10-23,2965,"-117.5454,46.432",53023,"Washington, Garfield",0.0714285714285714,0.445037828215398,0.0062305295950155,14,1.01064309218431,1.00634025530138,0.0,0,0.0,,1.00387128123355,0.247190167300747,1.00700100860891,0.3949,0.2334,0.0201,0.0200267022696929,1558.87,5.8,21.8,2.9,6237.3271612,0.1340723313,7.5,0.132,83.005307994,,0.331,0.0008900757,0.0071206053,,,,,,
2020-10-23,2966,"-119.4501,47.2075",53025,"Washington, Grant",0.0654545454545455,2.21923128294171,0.0339049223782762,3300,1.00436079607383,1.00634025530138,0.0078787878787878,26,0.0002671296914652,1.01766889775789,1.00387128123355,0.247190167300747,1.00700100860891,0.701,0.951,0.7982,0.0019110047158664,1882.97,12.7,13.2,35.8,6822.3077605,0.1565962674,9.2,0.11,93.22151659,3.7,0.343,0.0091440548,0.0226957496,-1.0,7.0,19.0,4.0,-16.0,3.0
2020-10-23,2967,"-123.7821,47.14",53027,"Washington, Grays Harbor",0.154779969650986,1.38022489546826,0.0089173353540547,659,1.01015530526595,1.00634025530138,0.0166919575113809,11,0.0001488477828446,1.0,1.00387128123355,0.247190167300747,1.00700100860891,0.6465,0.709,0.8972,0.0017591101608909,1435.57,7.3,20.3,37.1,8816.4751755,0.1528843879,6.1,0.132,172.4105631,3.7,0.358,0.0123273027,0.0557637921,-14.0,4.0,22.0,,-27.0,8.0
2020-10-23,2968,"-122.5216,48.1471",53029,"Washington, Island",0.123989218328841,0.544636514326308,0.0043926118872839,371,1.00794796717303,1.00634025530138,0.032345013477089,12,0.0001420790906938,1.0,1.00387128123355,0.247190167300747,1.00700100860891,0.1465,0.5285,0.2442,0.0008998342410608,2136.49,4.9,23.4,359.8,5460.3921158,0.1160061529,7.4,0.081,64.150863432,4.0,0.292,0.0282382193,0.0107980109,-13.0,-7.0,33.0,-13.0,-30.0,9.0
2020-10-23,2969,"-123.561,47.75",53031,"Washington, Jefferson",0.0853658536585366,0.220618361751079,0.0025843865233697,82,1.00353374509136,1.00634025530138,0.0,0,0.0,,1.00387128123355,0.247190167300747,1.00700100860891,0.2618,0.3572,0.3607,0.0007879227205395,1884.68,5.4,34.2,17.2,6941.4109162,0.1173230233,6.1,0.08,47.320306131,3.0,0.242,0.0096441741,0.0233225125,-18.0,,21.0,,-23.0,9.0
2020-10-23,2970,"-121.8346,47.4914",53033,"Washington, King",0.0842019290603609,0.969476925777473,0.0115137139563928,25712,1.00627747047351,1.00634025530138,0.0310360920970753,798,0.0003573406867299,1.00125945382984,1.00387128123355,0.247190167300747,1.00700100860891,0.0885,0.9048,0.8666,0.0022268862595341,3375.76,5.3,12.7,1103.5,4485.4698712,0.0881504546,7.5,0.072,825.57302082,5.0,0.22,0.0655026077,0.0100171819,-31.0,-15.0,-18.0,-56.0,-52.0,20.0
2020-10-23,2971,"-122.6436,47.6348",53035,"Washington, Kitsap",0.0747404844290657,0.400289097681659,0.0053557198717592,1445,1.00597311415473,1.00634025530138,0.0152249134948097,22,8.15403717499676e-05,1.02116420457606,1.00387128123355,0.247190167300747,1.00700100860891,0.1245,0.525,0.6507,0.001412130983488,2517.64,4.7,16.9,655.2,5511.2068648,0.1246955382,7.0,0.081,199.91533741,5.0,0.306,0.0284131132,0.0173050907,-16.0,-10.0,13.0,-39.0,-27.0,10.0
2020-10-23,2972,"-120.6794,47.1252",53037,"Washington, Kittitas",0.16931982633864,2.47023055485179,0.0145891394307913,691,1.01056275617076,1.00634025530138,0.0318379160636758,22,0.0004644877966387,1.0,1.00387128123355,0.247190167300747,1.00700100860891,0.478,0.5145,0.5148,0.0005278270416349,1726.97,6.2,15.3,19.1,5296.1645908,0.1425893072,6.7,0.065,85.686984622,3.7,0.274,0.0104932016,0.0131323368,-6.0,5.0,6.0,19.0,-38.0,7.0
2020-10-23,2973,"-120.7914,45.8733",53039,"Washington, Klickitat",0.0242718446601942,0.226172705477903,0.0093183154656896,206,1.00280513725361,1.00634025530138,0.0145631067961165,3,0.0001357036232867,1.0,1.00387128123355,0.247190167300747,1.00700100860891,0.557,0.7437,0.4639,0.0018998507260143,1596.98,6.9,22.7,11.6,6959.809744,0.1431118903,6.4,0.112,35.620977809,3.0,0.294,0.0051567377,0.0261907993,,,,,-21.0,
2020-10-23,2974,"-122.3926,46.5776",53041,"Washington, Lewis",0.115328467153285,0.99241244158585,0.0086050952213456,685,1.00908013571693,1.00634025530138,0.0175182481751825,12,0.0001507461936586,1.05963402266705,1.00387128123355,0.247190167300747,1.00700100860891,0.6242,0.6657,0.8255,0.0015702728506105,1630.99,7.3,20.4,31.6,7318.2189016,0.1616576325,6.8,0.104,156.69241098,3.7,0.347,0.0075247475,0.0199738707,-12.0,-4.0,34.0,,-27.0,6.0
2020-10-23,2975,"-118.4194,47.5771",53043,"Washington, Lincoln",0.123287671232877,0.837988826815642,0.0067970204841713,73,1.02126942500346,1.00634025530138,0.0273972602739726,2,0.0001862197392923,1.10408951367381,1.00387128123355,0.247190167300747,1.00700100860891,0.2914,0.2792,0.0863,0.0079143389199255,1721.41,3.8,25.2,4.6,6209.840743,0.1301199951,8.8,0.124,61.077133009,3.0,0.307,0.0048417132,0.0195530726,,,,,-23.0,
2020-10-23,2976,"-123.1864,47.3501",53045,"Washington, Mason",0.108481262327416,0.839604927717648,0.0077396308791426,507,1.00488411896971,1.00634025530138,0.0177514792899408,9,0.0001373898972628,1.0,1.00387128123355,0.247190167300747,1.00700100860891,0.5876,0.7332,0.4215,0.000381638603508,1665.47,6.9,22.1,58.6,6893.9557922,0.1595791395,5.9,0.121,83.516558847,3.3,0.358,0.0128230571,0.0480406674,-11.0,-6.0,,,-27.0,8.0
2020-10-23,2977,"-119.7387,48.5486",53047,"Washington, Okanogan",0.0255474452554745,0.664577992974461,0.0260134814392861,1096,1.00078452075909,1.00634025530138,0.010036496350365,11,0.0002610842115256,1.01370885629547,1.00387128123355,0.247190167300747,1.00700100860891,0.7634,0.8889,0.744,0.002159878477167,1576.48,11.4,20.7,8.0,7224.0226329,0.1664136642,7.1,0.108,53.208469165,3.7,0.329,0.0070018039,0.1295452388,4.0,,,,-17.0,5.0
2020-10-23,2978,"-123.7286,46.5542",53049,"Washington, Pacific",0.201754385964912,1.04374659647849,0.005173352695589,114,1.00909390253371,1.00634025530138,0.0263157894736842,3,0.0001361408604102,1.0,1.00387128123355,0.247190167300747,1.00700100860891,0.665,0.7396,0.5345,0.002314394626974,1559.51,6.0,29.3,22.6,8772.7005981,0.152699506,6.2,0.15,50.637944418,3.0,0.336,0.0082592122,0.0287711018,-6.0,6.0,16.0,,-18.0,6.0
2020-10-23,2979,"-117.2742,48.5323",53051,"Washington, Pend Oreille",0.323529411764706,3.23481840905749,0.0099985296279958,136,1.01445643082402,1.00634025530138,0.0073529411764705,1,7.35186002058521e-05,,1.00387128123355,0.247190167300747,1.00700100860891,0.4927,0.2894,0.5683,0.005440376415233,1467.46,5.8,25.2,9.2,8591.4198591,0.1535237161,9.0,0.139,53.436181797,3.0,0.399,0.0064696368,0.0373474489,,,,,-15.0,
2020-10-23,2980,"-122.1406,47.0389",53053,"Washington, Pierce",0.107782549491987,1.15449473184644,0.0107113325606783,9547,1.00854459868992,1.00634025530138,0.0227296532942286,217,0.0002434648754233,1.0,1.00387128123355,0.247190167300747,1.00700100860891,0.2634,0.8223,0.7046,0.0018287914605536,2330.58,6.0,13.2,504.5,6552.9602633,0.1511478724,7.1,0.095,365.10479913,5.0,0.311,0.0698340288,0.0175148856,-18.0,-6.0,-3.0,-31.0,-30.0,10.0
2020-10-23,2981,"-122.9674,48.6018",53055,"Washington, San Juan",0.0333333333333333,0.0583839327417095,0.0017515179822512,30,1.0,1.00634025530138,0.0,0,0.0,,1.00387128123355,0.247190167300747,1.00700100860891,0.0404,0.4454,0.2343,0.0014595983185427,2598.71,6.4,31.9,92.7,4088.12891,0.1200059565,7.3,0.056,0.0,3.0,0.183,0.0064222326,0.01039234,,,,,-19.0,
2020-10-23,2982,"-121.7661,48.4817",53057,"Washington, Skagit",0.0588235294117647,0.561596181145968,0.0095471350794814,1224,1.00475780366492,1.00634025530138,0.0187908496732026,23,0.0001793987800882,1.0,1.00387128123355,0.247190167300747,1.00700100860891,0.3379,0.8284,0.6234,0.0015989891268739,2238.21,7.3,19.7,72.6,6040.9257347,0.132404402,7.5,0.104,206.93662453,4.0,0.291,0.0079871457,0.0270892158,-19.0,-6.0,-5.0,-21.0,-27.0,9.0
2020-10-23,2983,"-121.9164,46.0241",53059,"Washington, Skamania",0.0972222222222222,0.587051325058705,0.0060382422006038,72,1.01250777270301,1.00634025530138,0.0138888888888889,1,8.38644750083864e-05,1.0,1.00387128123355,0.247190167300747,1.00700100860891,0.285,0.3715,0.4069,,2024.02,4.0,19.2,6.0,6060.8481937,0.1461928299,6.2,0.108,33.662058092,3.0,0.331,0.0056189198,0.0192888293,,,-37.0,,-31.0,
2020-10-23,2984,"-121.7171,48.0462",53061,"Washington, Snohomish",0.115942028985507,1.17805721185764,0.0101607434522721,8280,1.00934603241694,1.00634025530138,0.027536231884058,228,0.0002797885878161,1.0057699968369,1.00387128123355,0.247190167300747,1.00700100860891,0.1045,0.8367,0.5527,0.0008234129053713,2763.84,6.1,12.7,345.8,5374.9730492,0.129623086,8.1,0.082,427.40631442,4.3,0.289,0.0338126963,0.0158019195,-17.0,-7.0,-13.0,-42.0,-37.0,13.0
2020-10-23,2985,"-117.4046,47.6211",53063,"Washington, Spokane",0.132631102050062,2.2754167549176,0.0171559816645325,8829,1.00914381073454,1.00634025530138,0.0218597802695662,193,0.0003750259894953,1.00762953428126,1.00387128123355,0.247190167300747,1.00700100860891,0.301,0.5715,0.7896,0.0029535725597564,1984.0,5.3,15.4,301.6,6745.7921214,0.1449390156,11.7,0.094,406.8788145,5.0,0.28,0.0186871759,0.0180245652,-30.0,-15.0,-22.0,-35.0,-34.0,12.0
2020-10-23,2986,"-117.8543,48.4004",53065,"Washington, Stevens",0.141078838174274,0.751215201060539,0.005324790101635,241,1.00858621129108,1.00634025530138,0.020746887966805,5,0.0001104728236853,1.03239118471,1.00387128123355,0.247190167300747,1.00700100860891,0.5497,0.3534,0.3168,0.0019885108263367,1493.39,7.0,21.9,16.4,6465.8926624,0.1478473439,9.0,0.11,34.692425086,3.7,0.311,0.0050817499,0.0584622183,-12.0,,1.0,,-24.0,9.0
2020-10-23,2987,"-122.8291,46.9292",53067,"Washington, Thurston",0.161834120026972,0.837933237669289,0.0051777291310981,1483,1.01405109441781,1.00634025530138,0.0148347943358058,22,7.68105467863515e-05,1.0066678482933,1.00387128123355,0.247190167300747,1.00700100860891,0.2529,0.6925,0.4518,0.0016549181443968,2317.14,4.8,16.2,366.8,5579.1045716,0.1285646403,7.2,0.103,198.25032157,5.0,0.301,0.0320858602,0.0178130641,-13.0,-3.0,-9.0,-25.0,-38.0,11.0
2020-10-23,2988,"-123.4251,46.2918",53069,"Washington, Wahkiakum",0.3,0.677812923633077,0.0022593764121102,10,1.01516534655549,1.00634025530138,0.0,0,0.0,,1.00387128123355,0.247190167300747,1.00700100860891,0.2271,0.382,0.1133,,1593.15,5.8,33.2,14.3,7721.7742757,0.1327296955,5.9,0.137,22.832765993,3.0,0.355,0.0038409399,0.0155896972,,,,,,
2020-10-23,2989,"-118.4776,46.2304",53071,"Washington, Walla Walla",0.0888888888888889,1.5101277042776,0.016988936673123,1035,1.00930886534996,1.00634025530138,0.0057971014492753,6,9.84865894094088e-05,1.0,1.00387128123355,0.247190167300747,1.00700100860891,0.4382,0.8411,0.9484,0.0051869603755621,1728.85,7.2,17.1,49.0,6047.1416513,0.1260225986,8.5,0.107,179.6773071,3.7,0.272,0.0200912642,0.0137881225,-13.0,-8.0,,-43.0,-30.0,8.0
2020-10-23,2990,"-121.749,48.8223",53073,"Washington, Whatcom",0.0673575129533679,0.460819283514633,0.0068413939783326,1544,1.00519511920432,1.00634025530138,0.0317357512953368,49,0.0002171167778097,1.0,1.00387128123355,0.247190167300747,1.00700100860891,0.3672,0.694,0.8781,0.0011210315262423,2159.64,6.2,16.4,103.0,5100.5708084,0.1372480769,9.5,0.082,168.69324811,3.7,0.279,0.0106697388,0.0337771673,-27.0,-14.0,-24.0,-36.0,-34.0,11.0
2020-10-23,2991,"-117.5242,46.9002",53075,"Washington, Whitman",0.151108518086348,5.20174328693941,0.0344238918680083,1714,1.01105846613976,1.00634025530138,0.0064177362893815,11,0.000220923460063,,1.00387128123355,0.247190167300747,1.00700100860891,0.7064,0.6893,0.8828,0.0010041975457412,1582.39,4.0,10.0,24.4,4261.8473202,0.1488455837,9.6,0.073,252.13087288,3.7,0.278,0.0224337732,0.0087365186,-31.0,,,,-39.0,15.0
2020-10-23,2992,"-120.738,46.4574",53077,"Washington, Yakima",0.0189641976358534,0.886870341942206,0.0467655082999928,11759,1.00124535293785,1.00634025530138,0.0229611361510333,270,0.0010737892032484,1.00159746038235,1.00387128123355,0.247190167300747,1.00700100860891,0.8439,0.9704,0.7915,0.002099854441908,1690.76,13.1,13.2,59.1,7714.0782752,0.1444293706,7.9,0.113,240.12170776,3.7,0.349,0.0082562459,0.0654375094,-14.0,3.0,-2.0,-19.0,-25.0,6.0
2020-10-23,2993,"-80.0035,39.1307",54001,"West Virginia, Barbour",0.289156626506024,2.90293317205927,0.0100393105533716,166,1.00984279209605,1.01415533396864,0.0060240963855421,1,6.04777744179014e-05,1.0,1.00884918466299,0.432570693176331,1.01022808463064,0.8369,0.1643,0.7405,0.0043543997580889,1129.71,4.9,19.0,44.4,10037.818826,0.2325924026,8.8,0.167,24.100344034,4.0,0.372,0.0094345328,0.0062896885,,,,,-10.0,
2020-10-23,2994,"-78.0241,39.467",54003,"West Virginia, Berkeley",0.211812627291242,2.66386619195205,0.0125765221177736,1473,1.01634129219601,1.01415533396864,0.011541072640869,17,0.0001451465553307,1.0,1.00884918466299,0.432570693176331,1.01022808463064,0.4605,0.4881,0.3286,0.00166491636997,1795.32,6.2,14.1,313.7,9959.4668732,0.2227911962,9.7,0.128,58.591255567,5.0,0.368,0.0740503573,0.0023906491,-11.0,-5.0,58.0,,-24.0,5.0
2020-10-23,2995,"-81.6989,38.0197",54005,"West Virginia, Boone",0.172955974842767,2.50558061136167,0.014486811534782,318,1.01834652111511,1.01415533396864,0.0094339622641509,3,0.000136668033347,1.0,1.00884918466299,0.432570693176331,1.01022808463064,0.9344,0.0216,0.5638,0.0011389002778916,1196.37,5.7,18.3,52.5,13741.691235,0.2516840681,9.9,0.196,16.353369944,3.7,0.406,0.0067422896,0.0020044645,,,,,-23.0,
2020-10-23,2996,"-80.7201,38.7004",54007,"West Virginia, Braxton",0.705882352941177,2.55518489601817,0.003619845269359,51,1.07875115690662,1.01415533396864,0.0,0,0.0,,1.00884918466299,0.432570693176331,1.01022808463064,0.9264,0.0271,0.7058,0.0017744339555681,1160.31,5.4,21.4,26.4,11020.59855,0.2303663835,9.1,0.113,13.05287607,3.0,0.344,0.0063879622,0.0044005962,,,,,-26.0,
2020-10-23,2997,"-80.5792,40.2737",54009,"West Virginia, Brooke",0.371859296482412,3.33288294374634,0.0089627527811557,199,1.04939216869132,1.01415533396864,0.0150753768844221,3,0.0001351168760978,1.16993081275869,1.00884918466299,0.432570693176331,1.01022808463064,0.3099,0.0458,0.7246,0.0098184929964419,1533.54,4.8,22.3,226.0,8838.5988215,0.1988752582,11.3,0.185,70.913849201,5.0,0.359,0.0139620772,0.0017565194,-7.0,2.0,,,-19.0,
2020-10-23,2998,"-82.2386,38.4242",54011,"West Virginia, Cabell",0.256714060031596,3.48622672273234,0.0135801939414743,1266,1.02134627574078,1.01415533396864,0.0157977883096366,20,0.0002145370290912,1.04195362743721,1.00884918466299,0.432570693176331,1.01022808463064,0.6567,0.2722,0.808,0.0075731571269201,1422.64,7.7,17.8,372.5,15636.045244,0.2373602453,10.4,0.145,139.7683803,5.0,0.333,0.0479812066,0.0021882777,-12.0,-6.0,,,-21.0,7.0
2020-10-23,2999,"-81.1193,38.8432",54013,"West Virginia, Calhoun",0.121212121212121,0.551419906258616,0.0045492142266335,33,1.0044056276055,1.01415533396864,0.0,0,0.0,,1.00884918466299,0.432570693176331,1.01022808463064,0.9197,0.0089,0.1993,0.0057899090157154,1080.68,5.7,22.7,26.3,8942.3872888,0.2378072728,9.7,0.106,0.8719044726,3.0,0.311,0.0031706645,0.0035842294,,,,,,
2020-10-23,3000,"-81.0765,38.4623",54015,"West Virginia, Clay",0.214285714285714,1.39017608897127,0.0064874884151992,56,1.01632157731989,1.01415533396864,0.0535714285714286,3,0.0003475440222428,1.05963402266705,1.00884918466299,0.432570693176331,1.01022808463064,0.9678,0.0197,0.4651,,995.45,3.5,19.6,25.3,12204.280954,0.2442851502,9.3,0.163,0.6945487048,3.0,0.396,0.0026645042,0.0031278962,,,,,,
2020-10-23,3001,"-80.7067,39.2706",54017,"West Virginia, Doddridge",0.417910447761194,3.33095408041875,0.0079704972638591,67,1.01833101267027,1.01415533396864,0.0149253731343284,1,0.0001189626457292,1.0,1.00884918466299,0.432570693176331,1.01022808463064,0.6506,0.0901,0.4177,,1354.98,7.2,20.1,21.5,7724.5966568,0.2082410101,9.9,0.138,10.039976363,3.0,0.391,0.0189150607,0.0041636926,,,,,,
2020-10-23,3002,"-81.0829,38.0297",54019,"West Virginia, Fayette",0.0933694181326116,1.60397972941559,0.0171788553628714,739,1.00839396342829,1.01415533396864,0.027063599458728,20,0.0004649216607001,1.01516534655549,1.00884918466299,0.432570693176331,1.01022808463064,0.8525,0.177,0.7584,0.0021851318052908,1224.18,7.1,19.7,62.9,12918.665571,0.2477210775,9.4,0.183,31.532598794,4.0,0.396,0.0439118509,0.0025803152,4.0,8.0,,,-19.0,3.0
2020-10-23,3003,"-80.8595,38.9251",54021,"West Virginia, Gilmer",0.21875,1.74433092449539,0.0079740842262646,64,1.00926242190831,1.01415533396864,0.0,0,0.0,,1.00884918466299,0.432570693176331,1.01022808463064,0.8854,0.6597,0.8491,,1145.83,9.6,16.2,22.3,8483.7703865,0.2630866164,9.5,0.187,8.6584683609,3.0,0.397,0.1040368801,0.0099676053,,,,,,
2020-10-23,3004,"-79.1944,39.1031",54023,"West Virginia, Grant",0.0782122905027933,1.2041974883881,0.0153965250301049,179,1.001606442272,1.01415533396864,0.0446927374301676,8,0.0006881128505074,1.01925902092718,1.00884918466299,0.432570693176331,1.01022808463064,0.6156,0.2897,0.2213,0.0038706347841045,1247.1,7.7,23.6,25.1,7990.7853992,0.2244976585,8.1,0.212,20.630476701,3.0,0.35,0.0091174953,0.001634268,,,,,-10.0,
2020-10-23,3005,"-80.4534,37.9464",54025,"West Virginia, Greenbrier",0.147239263803681,0.689932731558673,0.0046857931351693,163,1.01585924077497,1.01415533396864,0.0245398773006135,4,0.0001149887885931,1.04195362743721,1.00884918466299,0.432570693176331,1.01022808463064,0.7293,0.1805,0.5021,0.0035071580520899,1276.85,5.1,22.2,37.0,9465.1188475,0.2286216251,8.7,0.157,41.867112078,3.7,0.331,0.0275398149,0.0041395964,-5.0,-7.0,,,-15.0,2.0
2020-10-23,3006,"-78.6083,39.321",54027,"West Virginia, Hampshire",0.0819672131147541,0.428320555103439,0.0052255107722619,122,1.00477370374412,1.01415533396864,0.0081967213114754,1,4.28320555103439e-05,1.0,1.00884918466299,0.432570693176331,1.01022808463064,0.7516,0.0812,0.7182,0.0018846104424551,1025.58,8.9,21.3,31.8,10675.61922,0.2203145209,8.6,0.137,17.585085309,3.7,0.409,0.0115218229,0.0022700989,,,,,-17.0,
2020-10-23,3007,"-80.5746,40.5194",54029,"West Virginia, Hancock",0.191919191919192,1.30611122568227,0.0068055269127655,198,1.00743105539104,1.01415533396864,0.005050505050505,1,3.43713480442703e-05,,1.00884918466299,0.432570693176331,1.01022808463064,0.5325,0.1859,0.383,,1483.43,6.4,21.9,319.7,10245.866004,0.2247858728,10.9,0.157,56.021497669,5.0,0.424,0.0275314498,0.0024747371,4.0,-6.0,,,-20.0,4.0
2020-10-23,3008,"-78.8586,39.0068",54031,"West Virginia, Hardy",0.0686274509803922,0.508166969147005,0.0074047186932849,102,1.00283295200246,1.01415533396864,0.0098039215686274,1,7.25952813067151e-05,1.0,1.00884918466299,0.432570693176331,1.01022808463064,0.4255,0.6476,0.07,,1313.91,4.6,21.3,26.0,8707.5117411,0.2245010417,8.2,0.144,21.766606239,3.0,0.382,0.0296914701,0.0029764065,,,,,-13.0,
2020-10-23,3009,"-80.3792,39.2854",54033,"West Virginia, Harrison",0.227344992050874,2.11682505847174,0.0093110696627882,629,1.00967569675649,1.01415533396864,0.0190779014308426,12,0.0001776356692423,1.02638809625704,1.00884918466299,0.432570693176331,1.01022808463064,0.5366,0.0885,0.5425,0.0043224679515646,1883.26,5.8,18.6,185.3,10142.170126,0.2344138756,9.6,0.166,74.146199867,5.0,0.336,0.0176303402,0.0022500518,-22.0,0.0,,-8.0,-18.0,5.0
2020-10-23,3010,"-81.6815,38.8426",54035,"West Virginia, Jackson",0.15702479338843,1.98564759980492,0.012645439977705,363,1.01110285195531,1.01415533396864,0.0661157024793388,24,0.0008360621472862,1.0,1.00884918466299,0.432570693176331,1.01022808463064,0.5089,0.0271,0.2821,0.0008708980700898,1351.37,5.6,19.5,51.2,9192.1587133,0.2100673009,10.3,0.145,19.479857495,4.0,0.419,0.0060266146,0.0028565457,-8.0,-7.0,,12.0,-14.0,4.0
2020-10-23,3011,"-77.8601,39.3078",54037,"West Virginia, Jefferson",0.143119266055046,1.37297354385594,0.0095932125820703,545,1.01384178429521,1.01415533396864,0.0073394495412844,4,7.04088996849202e-05,1.0,1.00884918466299,0.432570693176331,1.01022808463064,0.3182,0.4706,0.2849,0.0004400556230307,2490.77,5.1,15.1,235.0,7602.0254684,0.2043737477,9.6,0.092,35.057188701,5.0,0.33,0.0610269138,0.0034324339,-8.0,-17.0,,,-24.0,7.0
2020-10-23,3012,"-81.5286,38.3386",54039,"West Virginia, Kanawha",0.126094570928196,2.39396189610649,0.0189854478149556,3426,1.0099770669155,1.01415533396864,0.0294804436660829,101,0.0005596994247841,1.0,1.00884918466299,0.432570693176331,1.01022808463064,0.5446,0.2993,0.6648,0.0076141288084498,1580.79,5.8,19.4,229.0,12348.05652,0.2075555513,10.4,0.163,124.15209013,5.0,0.376,0.0755649639,0.0016680151,-21.0,-6.0,-44.0,7.0,-27.0,7.0
2020-10-23,3013,"-80.4999,38.9947",54041,"West Virginia, Lewis",0.385714285714286,1.68497254118822,0.0043684473290064,70,1.01748842798917,1.01415533396864,0.0285714285714286,2,0.0001248127808287,1.0,1.00884918466299,0.432570693176331,1.01022808463064,0.7338,0.0653,0.8475,0.0043684473290064,1230.88,6.4,19.6,43.1,13100.49508,0.2256811987,9.4,0.159,12.34510453,4.0,0.411,0.0057413879,0.0026834748,,,,,-20.0,
2020-10-23,3014,"-82.0702,38.1722",54043,"West Virginia, Lincoln",0.126696832579186,1.35928928588766,0.0107286761493276,221,1.01221062293439,1.01415533396864,0.0090497737556561,2,9.70920918491189e-05,1.0,1.00884918466299,0.432570693176331,1.01022808463064,0.8987,0.049,0.4823,,1075.87,6.1,18.0,39.5,14289.481063,0.2356198953,10.1,0.198,4.9545442591,3.0,0.4,0.0033982232,0.0014078353,,,,,-15.0,
2020-10-23,3015,"-81.9353,37.83",54045,"West Virginia, Logan",0.0660247592847318,1.4720765479805,0.0222958260496212,727,1.00521621310032,1.01415533396864,0.061898211829436,45,0.0013800717637317,1.0065157606758,1.00884918466299,0.432570693176331,1.01022808463064,0.935,0.0185,0.7217,0.0042935565982764,1222.39,7.2,18.5,87.3,15459.264483,0.2473448532,9.8,0.208,29.476569251,4.0,0.418,0.0191369951,0.0013494035,,,,,-22.0,
2020-10-23,3016,"-81.6508,37.38",54047,"West Virginia, McDowell",0.102803738317757,0.603632771771937,0.0058717005981452,107,1.00971238322091,1.01415533396864,0.0,0,0.0,,1.00884918466299,0.432570693176331,1.01022808463064,0.9911,0.3228,0.9255,0.0068045876090654,825.15,6.0,19.9,43.6,18952.417845,0.2952306882,9.3,0.195,47.061059013,3.0,0.439,0.0823684355,0.002249904,,,,,-4.0,
2020-10-23,3017,"-80.2424,39.5098",54049,"West Virginia, Marion",0.147540983606557,0.962618321835392,0.0065244130702176,366,1.01186272529357,1.01415533396864,0.0109289617486339,4,7.13050608766957e-05,1.0,1.00884918466299,0.432570693176331,1.01022808463064,0.5535,0.2884,0.6336,0.003690036900369,1483.23,5.2,18.9,168.2,8592.4011064,0.2332561861,10.0,0.122,27.28917446,5.0,0.348,0.032194235,0.0027987236,-14.0,-3.0,,,-22.0,4.0
2020-10-23,3018,"-80.6659,39.8606",54051,"West Virginia, Marshall",0.295880149812734,2.56618483027448,0.0086730550592821,267,1.02090566010823,1.01415533396864,0.0112359550561798,3,9.74500568458665e-05,1.16993081275869,1.00884918466299,0.432570693176331,1.01022808463064,0.4433,0.0306,0.2385,0.0029235017053759,1331.37,6.7,20.8,97.9,7700.1673309,0.2156467789,10.9,0.156,76.395170144,4.0,0.411,0.0070164041,0.0025986682,-10.0,4.0,,,-20.0,5.0
2020-10-23,3019,"-82.0252,38.7707",54053,"West Virginia, Mason",0.0952380952380952,0.598847219103226,0.0062878958005838,168,1.01157199522265,1.01415533396864,0.0357142857142857,6,0.0002245677071637,1.0,1.00884918466299,0.432570693176331,1.01022808463064,0.7268,0.0293,0.7154,0.0075230181899842,1220.8,4.7,19.9,56.8,12576.929504,0.235394844,10.5,0.175,13.424758817,4.3,0.405,0.0086832847,0.0018713976,,-13.0,,,-14.0,
2020-10-23,3020,"-81.1102,37.4048",54055,"West Virginia, Mercer",0.288,3.04408854915357,0.0105697519067832,625,1.03417323904554,1.01415533396864,0.048,30,0.0005073480915255,1.00485482547268,1.00884918466299,0.432570693176331,1.01022808463064,0.7672,0.3649,0.7077,0.0060712654952563,1274.6,6.3,20.8,145.5,13227.547002,0.251516612,8.9,0.13,44.97952418,4.3,0.385,0.0591906107,0.0024352708,-11.0,-10.0,,,-18.0,6.0
2020-10-23,3021,"-78.941,39.4156",54057,"West Virginia, Mineral",0.117647058823529,0.89086859688196,0.0075723830734966,204,1.00573140984274,1.01415533396864,0.0196078431372549,4,0.0001484780994803,1.0,1.00884918466299,0.432570693176331,1.01022808463064,0.5424,0.3996,0.4731,0.000927988121752,1282.43,6.2,20.6,75.1,8674.4373522,0.2116932925,8.7,0.139,53.178633828,3.3,0.351,0.0288418708,0.002264291,-13.0,-5.0,,,-12.0,3.0
2020-10-23,3022,"-82.1334,37.7305",54059,"West Virginia, Mingo",0.221189591078067,5.00315324784528,0.0226192978768131,538,1.01703603268758,1.01415533396864,0.0204460966542751,11,0.0004624763506411,1.01370885629547,1.00884918466299,0.432570693176331,1.01022808463064,0.9822,0.043,0.6457,0.0031952911498843,1019.2,4.5,17.4,65.4,14564.278159,0.2957760329,9.8,0.195,24.434800961,3.0,0.368,0.0187933572,0.0012612991,,,,,-20.0,
2020-10-23,3023,"-80.0477,39.6322",54061,"West Virginia, Monongalia",0.0551601423487545,1.16519451230972,0.0211238489005826,2248,1.00374117911978,1.01415533396864,0.0022241992882562,5,4.69836496899079e-05,1.0,1.00884918466299,0.432570693176331,1.01022808463064,0.4831,0.334,0.992,0.008137568126292,1914.49,4.8,11.7,316.5,6488.354687,0.2020979237,9.7,0.092,78.840452848,5.0,0.298,0.0385923699,0.001879346,-15.0,-6.0,56.0,5.0,-27.0,9.0
2020-10-23,3024,"-80.5458,37.5627",54063,"West Virginia, Monroe",0.266355140186916,4.29216867469879,0.0161144578313253,214,1.02915845513979,1.01415533396864,0.0373831775700935,8,0.0006024096385542,1.0,1.00884918466299,0.432570693176331,1.01022808463064,0.7662,0.1474,0.1617,,1236.82,9.0,24.2,25.2,8649.2509775,0.2256436924,8.7,0.187,13.652772569,3.0,0.31,0.0076054217,0.0034638554,,,,,-19.0,
2020-10-23,3025,"-78.2631,39.5544",54065,"West Virginia, Morgan",0.403508771929825,2.58615843031427,0.006409175240344,114,1.03599882662726,1.01415533396864,0.0,0,0.0,,1.00884918466299,0.432570693176331,1.01022808463064,0.5076,0.0901,0.1337,0.0023050542531062,1444.37,6.7,21.9,65.6,11740.395793,0.2075647596,9.2,0.164,29.635699475,3.7,0.405,0.008545567,0.0033732501,,,,,-20.0,
2020-10-23,3026,"-80.7976,38.2962",54067,"West Virginia, Nicholas",0.279329608938547,2.01272039288302,0.0072055390065212,179,1.0161594586916,1.01415533396864,0.0167597765363128,3,0.0001207632235729,1.0,1.00884918466299,0.432570693176331,1.01022808463064,0.7503,0.0105,0.5759,0.0042267128250543,1242.19,5.8,21.2,40.5,10470.118313,0.2118404938,9.1,0.119,14.349593909,4.0,0.402,0.0053135818,0.0036631511,-4.0,13.0,,,-13.0,
2020-10-23,3027,"-80.622,40.0955",54069,"West Virginia, Ohio",0.183505154639175,2.13148125972937,0.0116153754041432,485,1.01633355221801,1.01415533396864,0.0164948453608247,8,0.0001915938210992,1.01925902092718,1.00884918466299,0.432570693176331,1.01022808463064,0.2666,0.1843,0.7482,0.0105616093880972,1735.64,4.3,20.7,495.0,9755.7768674,0.216365911,10.9,0.13,171.10840533,5.0,0.354,0.0352532631,0.0020117351,-4.0,25.0,5.0,13.0,-21.0,4.0
2020-10-23,3028,"-79.3508,38.6831",54071,"West Virginia, Pendleton",0.26027397260274,2.71544947834786,0.0104330427325997,73,1.02126942500346,1.01415533396864,0.0136986301369863,1,0.0001429183935972,1.0,1.00884918466299,0.432570693176331,1.01022808463064,0.6303,0.0793,0.2512,,1347.14,5.2,25.8,10.2,10545.525114,0.2150928366,7.9,0.176,9.1676929295,3.0,0.319,0.0194369015,0.0030012863,,,,,,
2020-10-23,3029,"-81.1677,39.3709",54073,"West Virginia, Pleasants",0.130434782608696,0.3996270147862,0.0030638071133608,23,1.01308078292908,1.01415533396864,0.130434782608696,3,0.0003996270147862,1.0,1.00884918466299,0.432570693176331,1.01022808463064,0.5857,0.0487,0.5549,,1504.37,5.1,18.3,55.2,7757.2710362,0.2240685394,10.3,0.158,79.169562673,3.3,0.316,0.0165179166,0.0022645531,,,,,,
2020-10-23,3030,"-80.0099,38.3276",54075,"West Virginia, Pocahontas",0.0909090909090909,0.713097218920846,0.0078440694081293,66,1.00897148424402,1.01415533396864,0.0,0,0.0,,1.00884918466299,0.432570693176331,1.01022808463064,0.6086,0.0041,0.8185,0.0029712384121701,1229.96,6.4,24.0,8.6,10259.844146,0.2255799636,8.1,0.141,16.444294569,3.0,0.309,0.011528405,0.0026146898,,,,,,
2020-10-23,3031,"-79.6671,39.4677",54077,"West Virginia, Preston",0.112903225806452,0.620585714707881,0.0054966163302698,186,1.01124160249435,1.01415533396864,0.021505376344086,4,0.0001182068028015,1.0,1.00884918466299,0.432570693176331,1.01022808463064,0.7232,0.432,0.5976,0.0007387925175093,1439.53,6.2,18.8,43.3,8481.4195761,0.2126904834,9.1,0.147,17.656280396,3.0,0.351,0.0119684388,0.0024232395,,,,,-18.0,5.0
2020-10-23,3032,"-81.9082,38.5078",54079,"West Virginia, Putnam",0.187654320987654,2.68162732437105,0.0142902508732931,810,1.01319143888706,1.01415533396864,0.0123456790123457,10,0.0001764228502875,1.0,1.00884918466299,0.432570693176331,1.01022808463064,0.0975,0.0866,0.1159,0.0012349599520129,2083.68,5.8,17.3,152.5,8339.4564089,0.200308674,10.3,0.129,43.977028626,5.0,0.345,0.0109735013,0.0027698387,-5.0,2.0,,19.0,-27.0,6.0
2020-10-23,3033,"-81.2456,37.7694",54081,"West Virginia, Raleigh",0.172364672364672,1.62954184286368,0.0094540361462008,702,1.01580969246597,1.01415533396864,0.0113960113960114,8,0.0001077383036604,1.0,1.00884918466299,0.432570693176331,1.01022808463064,0.7373,0.4142,0.7074,0.0063700272039216,1322.53,6.8,19.6,132.3,12911.521827,0.2471234919,9.2,0.152,37.273392528,5.0,0.393,0.0790260457,0.0027473267,-9.0,-10.0,,17.0,-18.0,4.0
2020-10-23,3034,"-79.8792,38.7699",54083,"West Virginia, Randolph",0.281012658227848,3.85109114249037,0.0137043333448982,395,1.01334276406534,1.01415533396864,0.0025316455696202,1,3.46945147972106e-05,1.0,1.00884918466299,0.432570693176331,1.01022808463064,0.751,0.0185,0.8545,0.0027755611837768,1357.47,7.4,20.8,29.5,8703.9719388,0.223474471,8.3,0.128,49.041234615,3.7,0.343,0.0176248135,0.0028102557,-6.0,,,,-16.0,
2020-10-23,3035,"-81.0636,39.1809",54085,"West Virginia, Ritchie",0.515151515151515,1.74879127661763,0.0033947124781401,33,1.05292639989923,1.01415533396864,0.0,0,0.0,,1.00884918466299,0.432570693176331,1.01022808463064,0.7656,0.0465,0.106,,1182.5,8.7,21.8,22.9,8816.5408682,0.2190786717,10.1,0.132,6.1526086805,3.0,0.442,0.0044234132,0.0018516614,,,,,-24.0,
2020-10-23,3036,"-81.3524,38.7162",54087,"West Virginia, Roane",0.33695652173913,2.22509331036463,0.0066035027275337,92,1.01657433082119,1.01415533396864,0.0217391304347826,2,0.0001435544071202,1.0,1.00884918466299,0.432570693176331,1.01022808463064,0.9389,0.028,0.398,0.0043066322136089,1151.3,5.0,20.6,27.3,13173.126571,0.2320495617,9.8,0.143,7.7564241725,3.0,0.407,0.0023686477,0.0032299742,,,,,-13.0,
2020-10-23,3037,"-80.8601,37.6539",54089,"West Virginia, Summers",0.306818181818182,2.11598746081505,0.0068965517241379,88,1.03971763421529,1.01415533396864,0.0113636363636364,1,7.83699059561129e-05,1.0,1.00884918466299,0.432570693176331,1.01022808463064,0.8834,0.1468,0.8746,0.0019592476489028,1096.65,3.3,23.2,32.7,11340.339913,0.2390782369,8.7,0.109,33.107669178,3.0,0.37,0.0427899687,0.0038401254,,,,,-15.0,
2020-10-23,3038,"-80.0421,39.336",54091,"West Virginia, Taylor",0.0792682926829268,0.770964298422488,0.0097260111493298,164,1.0062509737948,1.01415533396864,0.0487804878048781,8,0.0004744395682599,1.0,1.00884918466299,0.432570693176331,1.01022808463064,0.6968,0.043,0.5855,0.0014826236508124,1470.31,6.0,19.2,77.0,8648.0189912,0.21029651,9.4,0.127,6.6924267822,3.3,0.397,0.0111493299,0.0029652473,,,,,-14.0,
2020-10-23,3039,"-79.5705,39.1124",54093,"West Virginia, Tucker",0.3,2.58806613946801,0.00862688713156,60,1.02638809625704,1.01415533396864,0.0,0,0.0,,1.00884918466299,0.432570693176331,1.01022808463064,0.5933,0.0073,0.411,,1215.39,4.9,24.6,16.4,8998.0117667,0.2071298802,8.2,0.186,43.147411567,3.0,0.309,0.0041696621,0.0030194105,,,,,,
2020-10-23,3040,"-80.8877,39.4681",54095,"West Virginia, Tyler",0.357142857142857,1.14337983077978,0.0032014635261834,28,1.02226578920968,1.01415533396864,0.0,0,0.0,,1.00884918466299,0.432570693176331,1.01022808463064,0.6185,0.0201,0.1032,0.0013720557969357,1281.93,8.2,21.2,32.3,9678.8726777,0.2120281139,10.4,0.101,38.059920165,3.0,0.373,0.0024010976,0.0027441116,,,,,-6.0,
2020-10-23,3041,"-80.2369,38.8929",54097,"West Virginia, Upshur",0.356223175965665,3.39954945730084,0.0095433135367601,233,1.0198854871599,1.01415533396864,0.0085836909871244,2,8.19168543927913e-05,,1.00884918466299,0.432570693176331,1.01022808463064,0.858,0.0169,0.8669,0.0020888797870161,1216.34,7.4,19.3,71.1,8423.4693452,0.2376931306,8.9,0.147,8.978724014,4.0,0.324,0.0102805652,0.0029080483,-5.0,,,,-16.0,
2020-10-23,3042,"-82.4229,38.149",54099,"West Virginia, Wayne",0.187380497131931,2.45343480873223,0.0130933306629281,523,1.01693378659496,1.01415533396864,0.0210325047801147,11,0.0002753855397556,1.0,1.00884918466299,0.432570693176331,1.01022808463064,0.9016,0.0226,0.4078,,1239.74,7.7,19.8,78.7,12330.957382,0.230502744,10.5,0.184,34.198219545,4.0,0.4,0.0057580613,0.0033797316,,-2.0,,,-19.0,5.0
2020-10-23,3043,"-80.4202,38.4937",54101,"West Virginia, Webster",0.64,1.93120096560048,0.0030175015087507,25,1.07570373984278,1.01415533396864,0.0,0,0.0,,1.00884918466299,0.432570693176331,1.01022808463064,0.9631,0.0003,0.4696,0.0018105009052504,1002.55,5.9,22.0,15.6,11230.342498,0.2338658677,8.4,0.149,0.0,3.0,0.392,0.0045866023,0.0010863005,,,,,,
2020-10-23,3044,"-80.6402,39.6066",54103,"West Virginia, Wetzel",0.401785714285714,2.94695481335953,0.0073346430910281,112,1.06728388841838,1.01415533396864,0.0089285714285714,1,6.54878847413229e-05,,1.00884918466299,0.432570693176331,1.01022808463064,0.7955,0.0105,0.2413,0.0037982973149967,1207.51,6.0,22.3,48.0,10538.65684,0.240463895,10.5,0.209,91.509904329,3.7,0.34,0.0042567125,0.0013752456,-18.0,,,,-16.0,
2020-10-23,3045,"-81.3747,39.0278",54105,"West Virginia, Wirt",0.571428571428571,3.43053173241852,0.0060034305317324,35,1.06181437647316,1.01415533396864,0.0,0,0.0,,1.00884918466299,0.432570693176331,1.01022808463064,0.7605,0.0092,0.1388,,1179.43,5.3,19.0,18.2,7995.244682,0.2324800534,9.9,0.168,0.0659800265,3.0,0.392,0.0044596913,0.0024013722,,,,,,
2020-10-23,3046,"-81.5163,39.2097",54107,"West Virginia, Wood",0.228070175438596,1.38949918648979,0.0060924195099937,513,1.02085028985407,1.01415533396864,0.0116959064327485,6,7.12563685379381e-05,1.0,1.00884918466299,0.432570693176331,1.01022808463064,0.4697,0.0618,0.4085,0.0035865705497428,1609.18,5.5,19.6,236.2,10350.826325,0.2363673603,10.6,0.174,69.036710734,5.0,0.388,0.0123273518,0.002505849,-10.0,4.0,,,-10.0,4.0
2020-10-23,3047,"-81.5451,37.6123",54109,"West Virginia, Wyoming",0.346534653465347,3.36765130376215,0.0097180794765707,202,1.04146329588397,1.01415533396864,0.0247524752475248,5,0.0002405465216972,1.0,1.00884918466299,0.432570693176331,1.01022808463064,0.9382,0.0083,0.4502,,1113.78,5.6,19.6,45.8,12805.118399,0.241455299,9.3,0.152,16.666769424,3.0,0.361,0.0068796305,0.0020687001,,,,,-12.0,
2020-10-23,3048,"-89.7678,43.9697",55001,"Wisconsin, Adams",0.321428571428571,7.07686259091803,0.0220169058384116,448,1.03173444625177,1.01944877292144,0.0089285714285714,4,0.0001965795164143,1.0,1.00192064290899,0.596441634466132,1.01105219620173,0.6287,0.3855,0.6275,0.0012286219775899,1515.09,5.5,28.0,23.7,8351.1488956,0.1644073681,8.8,0.174,12.549810141,3.0,0.302,0.030076666,0.0120896403,,,,,-11.0,7.0
2020-10-23,3049,"-90.6784,46.3196",55003,"Wisconsin, Ashland",0.298850574712644,5.0,0.0167307692307692,261,1.02471370958311,1.01944877292144,0.0114942528735632,3,0.0001923076923076,1.0,1.00192064290899,0.596441634466132,1.01105219620173,0.485,0.2805,0.7886,0.0022435897435897,1292.61,5.6,18.2,16.0,8286.8713732,0.186375073,6.3,0.09,104.35759091,3.0,0.338,0.0044871795,0.1162179487,,,,,-21.0,
2020-10-23,3050,"-91.8483,45.4237",55005,"Wisconsin, Barron",0.374730021598272,7.68311044194491,0.0205030555309539,926,1.03496498793623,1.01944877292144,0.0064794816414686,6,0.0001328491719068,1.0,1.00192064290899,0.596441634466132,1.01105219620173,0.2484,0.2974,0.5307,0.0019927375786024,1637.23,6.5,20.9,52.5,6454.4956966,0.1657306195,7.2,0.115,76.770306793,3.7,0.414,0.014325569,0.0111371889,-7.0,10.0,,,-11.0,6.0
2020-10-23,3051,"-91.1972,46.5287",55007,"Wisconsin, Bayfield",0.301980198019802,4.05531179364446,0.0134290652838718,202,1.01987838118193,1.01944877292144,0.0049504950495049,1,6.64805212072863e-05,1.0,1.00192064290899,0.596441634466132,1.01105219620173,0.1873,0.2964,0.0732,,1706.02,6.5,26.0,8.5,6712.4208017,0.160585522,6.2,0.089,34.819916404,3.0,0.297,0.0063156495,0.1039090546,,,,,-14.0,
2020-10-23,3052,"-88.0041,44.4527",55009,"Wisconsin, Brown",0.200098328416912,10.8171525336209,0.0540591848977515,14238,1.01568929112957,1.01944877292144,0.0058997050147492,84,0.0003189332442345,1.00344843960223,1.00192064290899,0.596441634466132,1.01105219620173,0.1366,0.7297,0.5482,0.004214475013099,2061.65,5.5,13.9,530.6,5694.5870057,0.1496285184,9.1,0.108,310.9658236,5.0,0.329,0.0273447289,0.0330399654,-20.0,2.0,10.0,-42.0,-31.0,12.0
2020-10-23,3053,"-91.7533,44.3784",55011,"Wisconsin, Buffalo",0.271551724137931,4.8,0.0176761904761905,232,1.02513026014683,1.01944877292144,0.0086206896551724,2,0.0001523809523809,1.0,1.00192064290899,0.596441634466132,1.01105219620173,0.1096,0.2945,0.084,,1736.52,5.2,21.2,15.2,5872.138574,0.1553222752,8.2,0.08,20.718572601,3.0,0.252,0.004647619,0.0041904762,,,,,-17.0,
2020-10-23,3054,"-92.3671,45.863",55013,"Wisconsin, Burnett",0.157190635451505,3.0535343035343,0.0194256756756757,299,1.01521925009492,1.01944877292144,0.020066889632107,6,0.0003898128898128,1.0,1.00192064290899,0.596441634466132,1.01105219620173,0.2924,0.2216,0.0458,0.0016242203742203,1523.39,6.9,27.3,16.0,8595.7413575,0.1609637578,6.7,0.138,15.111223017,3.0,0.351,0.0077962578,0.0467775468,,,,,-10.0,
2020-10-23,3055,"-88.2178,44.0816",55015,"Wisconsin, Calumet",0.29208117787505,14.6334655794573,0.0501006798381148,2513,1.02213026410547,1.01944877292144,0.0039793076004775,10,0.0001993660160689,1.0,1.00192064290899,0.596441634466132,1.01105219620173,0.0131,0.3801,0.0388,0.0004984150401722,2271.77,3.3,13.9,101.1,4588.0504581,0.141572291,9.7,0.119,170.28470592,5.0,0.269,0.006957874,0.0053828824,-22.0,-5.0,,,-32.0,13.0
2020-10-23,3056,"-91.2807,45.0694",55017,"Wisconsin, Chippewa",0.421253822629969,8.59125282607001,0.0203944803929212,1308,1.04089580213226,1.01944877292144,0.0015290519877675,2,3.11842207842832e-05,1.0,1.00192064290899,0.596441634466132,1.01105219620173,0.1796,0.2649,0.4537,0.0033990800654868,1803.59,5.5,16.9,56.8,5968.6827173,0.1538300282,7.9,0.098,70.492814607,3.7,0.279,0.0170733609,0.0063148047,-16.0,7.0,,,-19.0,8.0
2020-10-23,3057,"-90.6121,44.7348",55019,"Wisconsin, Clark",0.307884856070088,7.08749891958858,0.023019966003054,799,1.02924575726596,1.01944877292144,0.0137672090112641,11,0.0003169206833962,1.02908210240756,1.00192064290899,0.596441634466132,1.01105219620173,0.4799,0.5221,0.7705,0.0014117375896741,1589.23,21.0,16.2,26.7,6818.9600835,0.1767051093,7.9,0.107,38.224043927,3.0,0.388,0.0046961883,0.0077213403,-2.0,,,,-19.0,8.0
2020-10-23,3058,"-89.3359,43.4649",55021,"Wisconsin, Columbia",0.370616686819831,10.68726245685,0.0288364308378953,1654,1.03219071172165,1.01944877292144,0.0024183796856106,4,6.97374385438823e-05,1.0,1.00192064290899,0.596441634466132,1.01105219620173,0.0631,0.3623,0.334,0.0017085672443251,2080.74,4.9,17.0,62.9,6419.8529487,0.1498196949,9.7,0.11,91.279012441,4.0,0.432,0.0164754699,0.00707835,-11.0,-10.0,,25.0,-23.0,10.0
2020-10-23,3059,"-90.9307,43.2387",55023,"Wisconsin, Crawford",0.282539682539683,5.46313915658953,0.0193358295991652,315,1.01958962730078,1.01944877292144,0.0,0,0.0,,1.00192064290899,0.596441634466132,1.01105219620173,0.2997,0.291,0.7523,0.0015345896507274,1528.95,5.8,21.7,27.6,6987.299214,0.1589876276,9.0,0.152,122.75438981,3.0,0.383,0.0219139402,0.0034988644,,,,,-14.0,
2020-10-23,3060,"-89.4173,43.066",55025,"Wisconsin, Dane",0.182153179190751,4.64816986378152,0.0255179178559049,13840,1.01358021993268,1.01944877292144,0.0033236994219653,46,8.48138888274295e-05,1.0,1.00192064290899,0.596441634466132,1.01105219620173,0.0611,0.6699,0.6546,0.0029002662418597,2434.97,3.9,12.8,477.2,4914.8365002,0.1244292363,9.4,0.061,523.26202849,5.0,0.226,0.0521476352,0.0046592325,-29.0,-4.0,10.0,-42.0,-41.0,18.0
2020-10-23,3061,"-88.7093,43.4158",55027,"Wisconsin, Dodge",0.308,12.2713353899393,0.0398419980192835,3500,1.02804091225372,1.01944877292144,0.006,21,0.0002390519881157,1.01440033702014,1.00192064290899,0.596441634466132,1.01105219620173,0.207,0.3706,0.4718,0.0027889398613498,1799.0,3.7,16.7,88.0,6868.1583416,0.1547575558,9.7,0.111,90.972903882,4.0,0.338,0.0324086195,0.005851082,-16.0,-7.0,,,-24.0,9.0
2020-10-23,3062,"-87.3,44.9586",55029,"Wisconsin, Door",0.342780026990553,9.19956537486418,0.0268381021369069,741,1.03036705071729,1.01944877292144,0.0053981106612685,4,0.0001448750452734,1.0,1.00192064290899,0.596441634466132,1.01105219620173,0.0525,0.2528,0.1302,0.000905469032959,1998.27,3.8,28.0,56.6,4930.8206001,0.1302993793,8.3,0.112,53.293101375,4.0,0.327,0.0068453459,0.0073524085,39.0,42.0,,,-7.0,7.0
2020-10-23,3063,"-91.916,46.4322",55031,"Wisconsin, Douglas",0.181440443213296,3.03184595445288,0.0167098685428624,722,1.0126900292289,1.01944877292144,0.0013850415512465,1,2.31438622477319e-05,1.0,1.00192064290899,0.596441634466132,1.01105219620173,0.2111,0.1964,0.6679,0.0005785965561932,1700.5,6.3,17.5,30.9,6019.0853869,0.1781373946,6.9,0.079,202.07112581,3.7,0.311,0.0116876504,0.0196028513,-10.0,-12.0,,,-21.0,8.0
2020-10-23,3064,"-91.8962,44.9456",55033,"Wisconsin, Dunn",0.221302998965874,4.74175178923578,0.0214265139261262,967,1.02171323961379,1.01944877292144,0.0010341261633919,1,2.21577186412887e-05,1.0,1.00192064290899,0.596441634466132,1.01105219620173,0.2207,0.3085,0.6536,0.0005539429660322,1775.81,5.7,15.0,48.6,5615.8936247,0.1623080676,7.8,0.093,157.15971336,4.0,0.416,0.007954621,0.0052292216,-11.0,2.0,,4.0,-16.0,8.0
2020-10-23,3065,"-91.2861,44.7266",55035,"Wisconsin, Eau Claire",0.205422314911366,5.65366292306809,0.0275221459046817,2877,1.01858838345753,1.01944877292144,0.0031282586027111,9,8.60963896913923e-05,1.0,1.00192064290899,0.596441634466132,1.01105219620173,0.2172,0.5075,0.5896,0.0067442171924923,1881.56,6.4,14.8,174.5,6039.2626809,0.1644514458,8.0,0.089,229.81390854,4.3,0.308,0.0113647234,0.0064093979,-16.0,3.0,,-43.0,-18.0,10.0
2020-10-23,3066,"-88.398,45.8496",55037,"Wisconsin, Florence",0.400990099009901,18.7456607266836,0.0467484378616061,202,1.04244581192336,1.01944877292144,0.0198019801980198,4,0.0009257116408238,1.0,1.00192064290899,0.596441634466132,1.01105219620173,0.2401,0.0073,0.2935,,1547.83,5.5,25.0,7.1,9670.045426,0.1552717405,6.6,0.141,24.579262893,2.3,0.338,0.0041657024,0.0097199722,,,,,,
2020-10-23,3067,"-88.4889,43.7535",55039,"Wisconsin, Fond du Lac",0.299620733249052,11.4974870471348,0.0383734694273572,3955,1.0245257526097,1.01944877292144,0.0042983565107458,17,0.0001649428521529,1.00869827228079,1.00192064290899,0.596441634466132,1.01105219620173,0.1354,0.4467,0.5419,0.0015912133972406,1899.46,3.9,17.4,130.4,5726.5122749,0.1578827592,9.8,0.086,151.14830617,4.3,0.342,0.0191430734,0.0059282402,-15.0,-9.0,,-15.0,-20.0,9.0
2020-10-23,3068,"-88.7708,45.6668",55041,"Wisconsin, Forest",0.166666666666667,8.00800800800801,0.048048048048048,432,1.01324041372505,1.01944877292144,0.0231481481481481,10,0.0011122233344455,1.0,1.00192064290899,0.596441634466132,1.01105219620173,0.6182,0.3913,0.4062,,1333.01,9.4,22.5,8.3,12198.035925,0.1932899613,6.8,0.094,38.205733392,3.0,0.294,0.0121232343,0.1522633745,,,,,-18.0,
2020-10-23,3069,"-90.7063,42.8672",55043,"Wisconsin, Grant",0.229937393284007,7.83644334096287,0.0340807696783955,1757,1.01418780810433,1.01944877292144,0.0130904951622083,23,0.0004461341505993,1.0,1.00192064290899,0.596441634466132,1.01105219620173,0.3239,0.1414,0.6619,0.0014547852736936,1569.2,6.2,16.6,41.1,5212.1922891,0.1629960356,9.5,0.106,83.643820247,4.0,0.338,0.0140823214,0.0027543935,-1.0,13.0,,,-18.0,8.0
2020-10-23,3070,"-89.6024,42.6795",55045,"Wisconsin, Green",0.236031927023945,5.60535080830783,0.023748273714425,877,1.01688570335578,1.01944877292144,0.0034207525655644,3,8.12369682363454e-05,1.0,1.00192064290899,0.596441634466132,1.01105219620173,0.0459,0.2728,0.0764,0.0025725039941509,1978.9,3.7,17.5,59.2,5077.9870756,0.1451982613,10.2,0.072,83.061300678,4.0,0.346,0.0069322213,0.0036827426,-10.0,-5.0,,,-32.0,11.0
2020-10-23,3071,"-89.0468,43.8003",55047,"Wisconsin, Green Lake",0.375668449197861,14.8535786023893,0.039539063325933,748,1.02693814410004,1.01944877292144,0.0026737967914438,2,0.0001057194206575,1.0,1.00192064290899,0.596441634466132,1.01105219620173,0.2481,0.4097,0.4273,0.0013214927582196,1644.76,9.6,21.4,47.5,7269.0858778,0.1617346863,9.2,0.132,60.69269955,3.0,0.328,0.0098847658,0.0054445502,-6.0,,,,-16.0,
2020-10-23,3072,"-90.1347,43.0005",55049,"Wisconsin, Iowa",0.362586605080831,6.60468638256699,0.018215472634723,433,1.02632038808934,1.01944877292144,0.0023094688221709,1,4.2068066131e-05,1.0,1.00192064290899,0.596441634466132,1.01105219620173,0.0306,0.1716,0.0353,0.001051701653275,2018.83,3.7,17.3,30.5,5099.032507,0.151426351,9.3,0.119,60.735855248,3.7,0.29,0.00761432,0.0023558117,-13.0,,,,-28.0,9.0
2020-10-23,3073,"-90.243,46.263",55051,"Wisconsin, Iron",0.193877551020408,6.69485553206483,0.0345313601127555,196,1.01883521230932,1.01944877292144,0.0051020408163265,1,0.0001761804087385,1.0,1.00192064290899,0.596441634466132,1.01105219620173,0.4137,0.049,0.5256,,1361.01,6.0,29.3,6.4,7785.1545968,0.1622488665,6.3,0.105,63.233386345,3.0,0.261,0.0017618041,0.0151515152,,,,,-32.0,
2020-10-23,3074,"-90.8057,44.3186",55053,"Wisconsin, Jackson",0.398791540785498,6.44594198652212,0.0161636878601426,331,1.03972433191641,1.01944877292144,0.0030211480362537,1,4.88328938372888e-05,1.0,1.00192064290899,0.596441634466132,1.01105219620173,0.4162,0.4292,0.7278,0.0012208223459322,1592.05,8.7,18.1,18.5,7626.9521165,0.1788855942,8.2,0.041,77.929133119,3.7,0.332,0.0213888075,0.0681707198,-16.0,,,21.0,-22.0,9.0
2020-10-23,3075,"-88.7753,43.0205",55055,"Wisconsin, Jefferson",0.257711038961039,7.45926769960883,0.0289443080501357,2464,1.01698324613491,1.01944877292144,0.0036525974025974,9,0.0001057219044039,1.0,1.00192064290899,0.596441634466132,1.01105219620173,0.1401,0.4731,0.4311,0.0005755970350879,1859.03,4.7,15.9,127.7,6055.483311,0.1502106968,10.6,0.048,161.85503223,4.3,0.303,0.0095619589,0.0049924233,-20.0,1.0,,5.0,-29.0,11.0
2020-10-23,3076,"-90.1112,43.9246",55057,"Wisconsin, Juneau",0.316455696202532,8.45324416726153,0.0267122515685464,711,1.03208041061037,1.01944877292144,0.0042194092827004,3,0.0001127099222301,1.0,1.00192064290899,0.596441634466132,1.01105219620173,0.4067,0.2394,0.6441,0.0015027989630687,1564.42,6.3,19.8,31.2,7176.6787535,0.1686812748,8.7,0.072,71.553611214,3.7,0.362,0.023255814,0.0152909794,3.0,0.0,,13.0,-13.0,5.0
2020-10-23,3077,"-88.0405,42.5764",55059,"Wisconsin, Kenosha",0.15405723245786,4.64292043239412,0.0301376336464056,5102,1.01334039960204,1.01944877292144,0.0135241081928655,69,0.0004075846181109,1.0,1.00192064290899,0.596441634466132,1.01105219620173,0.4089,0.6969,0.6135,0.0030539311241065,2163.16,6.4,13.2,539.2,6793.7208645,0.1701795537,11.2,0.076,189.44156176,5.0,0.305,0.0686455195,0.0074251285,-16.0,-13.0,-23.0,,-32.0,9.0
2020-10-23,3078,"-87.6147,44.5173",55061,"Wisconsin, Kewaunee",0.228401191658391,11.2839130648089,0.0494039150272286,1007,1.02060882230061,1.01944877292144,0.0039721946375372,4,0.0001962419663445,1.0,1.00192064290899,0.596441634466132,1.01105219620173,0.0831,0.2869,0.1245,,1842.7,3.7,19.3,53.3,5828.0719187,0.1443901522,8.8,0.08,20.705260711,4.0,0.316,0.005592896,0.0054947751,,,,,-26.0,
2020-10-23,3079,"-91.1145,43.9063",55063,"Wisconsin, La Crosse",0.128946090335114,4.49124587668105,0.034830415292227,4118,1.01112947499233,1.01944877292144,0.0029140359397765,12,0.0001014970819588,1.01250777270301,1.00192064290899,0.596441634466132,1.01105219620173,0.1691,0.5301,0.6628,0.0055485071470861,1974.04,4.3,15.4,272.5,6073.8406896,0.1483219271,8.5,0.066,300.55847278,5.0,0.272,0.0151315233,0.0046773239,-20.0,5.0,22.0,,-31.0,11.0
2020-10-23,3080,"-90.1318,42.6601",55065,"Wisconsin, Lafayette",0.216049382716049,6.3006300630063,0.0291629162916292,486,1.01299572870933,1.01944877292144,0.0020576131687242,1,6.000600060006e-05,1.0,1.00192064290899,0.596441634466132,1.01105219620173,0.2003,0.3429,0.1108,0.0015001500150015,1732.85,8.9,17.6,21.8,6764.487596,0.1616790528,9.9,0.074,41.784068094,3.0,0.337,0.0055805581,0.0063606361,,,,,-22.0,
2020-10-23,3081,"-89.0748,45.2627",55067,"Wisconsin, Langlade",0.549313358302122,22.8357899107328,0.0415715175420386,801,1.04388816702001,1.01944877292144,0.0062421972534332,5,0.0002594976126219,1.03239118471,1.00192064290899,0.596441634466132,1.01105219620173,0.5121,0.256,0.2665,0.0012974880631098,1454.05,6.3,22.7,21.9,5991.8007749,0.1644621855,7.5,0.127,87.743405181,3.0,0.323,0.0110545983,0.0146875649,0.0,-2.0,,,-25.0,
2020-10-23,3082,"-89.7341,45.3374",55069,"Wisconsin, Lincoln",0.429411764705882,10.5457040702084,0.0245584889306223,680,1.04430970412151,1.01944877292144,0.0073529411764705,5,0.0001805771244898,1.03239118471,1.00192064290899,0.596441634466132,1.01105219620173,0.1627,0.049,0.3082,0.0015529632706128,1692.57,3.8,20.5,28.8,6472.8089147,0.1563838189,7.4,0.094,87.320950301,3.7,0.342,0.0085232403,0.0055617754,-10.0,-5.0,,,-16.0,8.0
2020-10-23,3083,"-87.8093,44.1195",55071,"Wisconsin, Manitowoc",0.354025583145222,11.9002453398083,0.0336140830108506,2658,1.0306277116765,1.01944877292144,0.0026335590669676,7,8.85246730910287e-05,1.0,1.00192064290899,0.596441634466132,1.01105219620173,0.1755,0.4839,0.2432,0.0029845461213546,1650.9,4.3,19.3,129.7,6530.2635259,0.1492612891,9.5,0.119,112.41163926,4.0,0.334,0.0098135923,0.0073728406,-19.0,2.0,3.0,,-21.0,8.0
2020-10-23,3084,"-89.7586,44.8979",55073,"Wisconsin, Marathon",0.439030303030303,13.3724192929084,0.0304589892784358,4125,1.03638519968612,1.01944877292144,0.0077575757575757,32,0.0002362879168266,1.00454582940699,1.00192064290899,0.596441634466132,1.01105219620173,0.1159,0.539,0.2722,0.0031308148979531,1923.04,5.9,16.6,88.4,5431.1046348,0.1515327876,8.2,0.105,202.43453757,3.7,0.335,0.0079821012,0.005641374,-21.0,-3.0,-22.0,,-27.0,11.0
2020-10-23,3085,"-88.0332,45.3855",55075,"Wisconsin, Marinette",0.244648318042813,9.8926645892071,0.040436266508384,1635,1.01911915079314,1.01944877292144,0.0055045871559633,9,0.0002225849532571,1.0,1.00192064290899,0.596441634466132,1.01105219620173,0.3433,0.0933,0.4202,0.0013602413810159,1469.8,5.2,22.6,29.6,6755.1918704,0.1635761831,8.1,0.079,71.308850101,3.7,0.308,0.0056635505,0.0078646683,-9.0,-7.0,,,-19.0,8.0
2020-10-23,3086,"-89.4007,43.8191",55077,"Wisconsin, Marquette",0.353846153846154,13.4119476480498,0.0379033303097058,585,1.02744514306291,1.01944877292144,0.0034188034188034,2,0.0001295840352468,1.0,1.00192064290899,0.596441634466132,1.01105219620173,0.4156,0.2697,0.2174,,1562.07,6.2,23.6,28.3,8599.9525234,0.1548529207,9.0,0.189,29.431012744,3.0,0.379,0.0060904497,0.0090060904,,,,,-14.0,
2020-10-23,3087,"-88.7095,45.0042",55078,"Wisconsin, Menominee",0.459143968871595,25.3327608415629,0.0551738943752684,257,1.04099187999403,1.01944877292144,0.0,0,0.0,,1.00192064290899,0.596441634466132,1.01105219620173,0.7185,0.5934,0.5103,,1335.47,24.8,12.6,15.2,17045.961074,0.3357999957,8.0,0.102,16.751418928,3.0,0.432,0.0081580077,0.8130098755,,,,,,
2020-10-23,3088,"-87.9673,43.0049",55079,"Wisconsin, Milwaukee",0.154372836489513,6.39632314245608,0.0414342528641079,39288,1.0120267290553,1.01944877292144,0.0141009977601303,554,0.0005842643068294,1.0,1.00192064290899,0.596441634466132,1.01105219620173,0.5949,0.9131,0.8529,0.0047036440585909,1706.79,7.3,12.9,4014.1,8928.676331,0.1781730991,11.5,0.104,810.69284367,5.0,0.322,0.2622387026,0.0097236767,-23.0,-13.0,2.0,-32.0,-33.0,13.0
2020-10-23,3089,"-90.6188,43.9464",55081,"Wisconsin, Monroe",0.292682926829268,6.51451651429936,0.0222579314238562,1025,1.02353056390418,1.01944877292144,0.0029268292682926,3,6.51451651429936e-05,1.0,1.00192064290899,0.596441634466132,1.01105219620173,0.2841,0.4699,0.638,0.0016286291285748,1772.98,9.0,16.1,52.7,6928.6589784,0.1626541206,8.5,0.136,115.27005464,3.7,0.382,0.0151353934,0.0142667912,-7.0,6.0,,0.0,-19.0,7.0
2020-10-23,3090,"-88.2681,45.0272",55083,"Wisconsin, Oconto",0.286278381046397,15.3317472905102,0.0535553793285752,2026,1.02417817677302,1.01944877292144,0.0029615004935834,6,0.0001586042823156,1.0,1.00192064290899,0.596441634466132,1.01105219620173,0.1854,0.2194,0.078,0.0009251916468411,1817.25,4.3,19.5,28.5,6385.9866798,0.1597384896,8.6,0.193,21.014575218,3.7,0.373,0.0037800687,0.0150409728,,,,,-21.0,8.0
2020-10-23,3091,"-89.5194,45.7068",55085,"Wisconsin, Oneida",0.377064220183486,11.5872568367635,0.0307301945305892,1090,1.03599272431429,1.01944877292144,0.0055045871559633,6,0.0001691570341133,1.02638809625704,1.00192064290899,0.596441634466132,1.01105219620173,0.0561,0.0675,0.0681,0.0048491683112489,1823.45,4.9,25.0,30.0,6741.5206832,0.1462080561,7.0,0.092,74.213058851,3.3,0.348,0.0062588103,0.0115872568,-14.0,9.0,8.0,,-17.0,10.0
2020-10-23,3092,"-88.4657,44.4158",55087,"Wisconsin, Outagamie",0.264692272096252,12.211458917087,0.0461345502094842,8644,1.0216001846343,1.01944877292144,0.0055529847292919,48,0.000256184452806,1.003012157342,1.00192064290899,0.596441634466132,1.01105219620173,0.0506,0.504,0.2229,0.0027593200437648,2114.28,4.5,13.9,301.8,5303.1275221,0.1464725795,8.7,0.104,239.06631921,5.0,0.331,0.0136418221,0.0183545486,-23.0,-8.0,15.0,-31.0,-31.0,12.0
2020-10-23,3093,"-87.9463,43.3835",55089,"Wisconsin, Ozaukee",0.244786944696283,6.05741079340864,0.0247456448338138,2206,1.02026247476649,1.01944877292144,0.0104261106074343,23,0.0002580008300896,1.01308078292908,1.00192064290899,0.596441634466132,1.01105219620173,0.0051,0.277,0.1117,0.0036568813308355,3031.04,2.8,18.6,363.7,4214.2346394,0.1251055905,10.5,0.06,179.73755719,5.0,0.235,0.0158277901,0.0033315759,-19.0,-5.0,6.0,,-36.0,13.0
2020-10-23,3094,"-91.9995,44.5831",55091,"Wisconsin, Pepin",0.347826086956522,5.48772122376183,0.0157771985183153,115,1.03896798876442,1.01944877292144,0.0,0,0.0,,1.00192064290899,0.596441634466132,1.01105219620173,0.2032,0.1706,0.1554,0.0034298257648511,1581.33,7.7,21.2,26.8,5715.9737465,0.1571065122,7.9,0.144,47.242630834,3.0,0.323,0.0041157909,0.0030182467,,,,,-4.0,
2020-10-23,3095,"-92.4224,44.7185",55093,"Wisconsin, Pierce",0.135416666666667,2.74938315121607,0.0203031371166725,864,1.00944054801979,1.01944877292144,0.0081018518518518,7,0.0001644930090471,1.0,1.00192064290899,0.596441634466132,1.01105219620173,0.0439,0.3747,0.4661,,2232.14,4.6,13.7,52.6,4749.922751,0.1502384777,8.1,0.055,130.55878174,4.0,0.27,0.0075901774,0.0054047703,-18.0,,,,-27.0,11.0
2020-10-23,3096,"-92.4418,45.4613",55095,"Wisconsin, Polk",0.329059829059829,3.53227212257443,0.0107344373595119,468,1.02676461447004,1.01944877292144,0.0042735042735042,2,4.5873663929538e-05,1.0,1.00192064290899,0.596441634466132,1.01105219620173,0.143,0.1414,0.1076,0.0016743887334281,1790.87,5.7,19.4,42.2,6514.5809504,0.1556879212,7.4,0.102,32.066326959,3.3,0.326,0.0040598193,0.0114913528,-9.0,-4.0,,,-21.0,9.0
2020-10-23,3097,"-89.5015,44.4756",55097,"Wisconsin, Portage",0.273637820512821,9.62758309605029,0.0351836711679964,2496,1.02373694142546,1.01944877292144,0.0060096153846153,15,0.0002114403315384,1.0,1.00192064290899,0.596441634466132,1.01105219620173,0.1793,0.4008,0.5788,0.0013250260776408,1786.95,4.7,15.6,88.2,4275.3659555,0.1561276422,8.6,0.063,174.2116304,4.0,0.315,0.0088523019,0.0047503594,-19.0,-7.0,14.0,,-38.0,13.0
2020-10-23,3098,"-90.361,45.6805",55099,"Wisconsin, Price",0.365558912386707,9.03187280734493,0.0247070239605882,331,1.02736637457485,1.01944877292144,0.0,0,0.0,,1.00192064290899,0.596441634466132,1.01105219620173,0.2051,0.0885,0.354,0.0018660894230051,1475.54,5.5,24.5,11.1,6522.4377433,0.1543080314,6.8,0.096,54.198775418,3.0,0.291,0.0058968426,0.0084347242,,,,,-16.0,
2020-10-23,3099,"-88.0594,42.7475",55101,"Wisconsin, Racine",0.179395604395604,6.64347047572539,0.0370325153623896,7280,1.0149883959768,1.01944877292144,0.0138736263736264,101,0.0005137752818133,1.0,1.00192064290899,0.596441634466132,1.01105219620173,0.2892,0.7109,0.4839,0.0034387335693647,2093.51,5.1,15.6,539.8,7096.5611159,0.1541427416,11.7,0.083,178.12730021,5.0,0.362,0.1127304358,0.0066892524,-17.0,-9.0,21.0,-25.0,-27.0,10.0
2020-10-23,3100,"-90.4301,43.3763",55103,"Wisconsin, Richland",0.35981308411215,8.86228923289405,0.0246302583875237,428,1.02381052998743,1.01944877292144,0.014018691588785,6,0.0003452839960867,1.0,1.00192064290899,0.596441634466132,1.01105219620173,0.3121,0.2837,0.4467,0.0014386833170282,1529.5,8.2,21.4,27.9,6868.4314702,0.1572199442,8.8,0.064,62.170377432,3.0,0.342,0.0073660586,0.0047764286,,,,,-16.0,
2020-10-23,3101,"-89.0715,42.6715",55105,"Wisconsin, Rock",0.314731665597605,9.02353352254964,0.0286705613348945,4677,1.02841675024086,1.01944877292144,0.0081248663673294,38,0.0002329444795223,1.0038170159038,1.00192064290899,0.596441634466132,1.01105219620173,0.3825,0.5954,0.3814,0.0034573864855421,1691.67,5.9,15.8,207.2,7374.6703988,0.1734592032,10.9,0.116,180.83325492,5.0,0.363,0.0491574153,0.0054987157,-15.0,-14.0,29.0,-22.0,-27.0,11.0
2020-10-23,3102,"-91.1333,45.475",55107,"Wisconsin, Rusk",0.465909090909091,5.79628189722203,0.0124408001696473,176,1.06006476848938,1.01944877292144,0.0056818181818181,1,7.06863646002686e-05,1.0,1.00192064290899,0.596441634466132,1.01105219620173,0.4602,0.1958,0.3015,0.0017671591150067,1272.66,8.5,23.1,16.0,6264.0742914,0.1657452026,7.0,0.071,35.456253722,3.0,0.266,0.0113805047,0.0069979501,,,,,-13.0,
2020-10-23,3103,"-92.45,45.0344",55109,"Wisconsin, St. Croix",0.28374325134973,5.27348540593574,0.0185854126251477,1667,1.0234834428612,1.01944877292144,0.0053989202159568,9,0.0001003411599438,1.0,1.00192064290899,0.596441634466132,1.01105219620173,0.0038,0.2528,0.0567,0.0013936272214417,2595.96,3.8,13.0,107.8,4658.5956675,0.1427262356,8.1,0.073,107.9072803,4.3,0.277,0.008138783,0.0043369679,-14.0,-14.0,,,-24.0,12.0
2020-10-23,3104,"-89.9497,43.4257",55111,"Wisconsin, Sauk",0.248591108328115,6.17908449936964,0.0248564179987237,1597,1.01539762908775,1.01944877292144,0.0037570444583594,6,9.33866674967704e-05,1.0,1.00192064290899,0.596441634466132,1.01105219620173,0.1825,0.4027,0.4011,0.00250587557783,1834.39,6.1,17.6,79.2,6110.9965277,0.1756253411,9.0,0.098,131.36243864,4.0,0.309,0.0101635823,0.014739529,-3.0,10.0,60.0,,-20.0,9.0
2020-10-23,3105,"-91.145,45.8793",55113,"Wisconsin, Sawyer",0.247191011235955,5.33689126084056,0.0215901510097641,356,1.02233417734237,1.01944877292144,0.0028089887640449,1,6.06464916004609e-05,1.0,1.00192064290899,0.596441634466132,1.01105219620173,0.4102,0.3696,0.3569,0.0015161622900115,1449.15,6.9,24.8,12.5,9721.2306518,0.198948446,6.6,0.112,25.049170636,2.3,0.356,0.0061859421,0.1800594336,-9.0,-14.0,,,-11.0,
2020-10-23,3106,"-88.7644,44.789",55115,"Wisconsin, Shawano",0.338289962825279,17.8448867536033,0.0527502696342779,2152,1.02715348803814,1.01944877292144,0.0037174721189591,8,0.000196097656633,1.0,1.00192064290899,0.596441634466132,1.01105219620173,0.1631,0.3075,0.2238,0.0006128051769781,1643.66,6.2,20.3,40.0,6998.9040744,0.171327172,8.6,0.124,57.881798639,3.7,0.362,0.0054907344,0.0839052848,-18.0,-11.0,,,-27.0,10.0
2020-10-23,3107,"-87.9458,43.721",55117,"Wisconsin, Sheboygan",0.415399239543726,15.1399667405765,0.0364467849223947,4208,1.05327811006761,1.01944877292144,0.0047528517110266,20,0.0001732261640798,1.0,1.00192064290899,0.596441634466132,1.01105219620173,0.0994,0.5635,0.5476,0.0032046840354767,1844.18,4.0,17.0,226.4,5895.1041815,0.1539095157,9.8,0.074,114.06548953,4.3,0.291,0.0204839939,0.0056298503,-14.0,-8.0,41.0,-17.0,-22.0,10.0
2020-10-23,3108,"-90.5004,45.2118",55119,"Wisconsin, Taylor",0.367788461538462,7.49559082892416,0.0203801685283167,416,1.03363804123725,1.01944877292144,0.0144230769230769,6,0.0002939447383891,1.0,1.00192064290899,0.596441634466132,1.01105219620173,0.2904,0.2471,0.2063,0.0012247697432882,1600.18,7.8,18.2,20.3,5613.7213811,0.1705797746,7.3,0.089,24.42427913,3.0,0.329,0.0041152263,0.004654125,-11.0,,,,-22.0,
2020-10-23,3109,"-91.3589,44.3036",55121,"Wisconsin, Trempealeau",0.166843783209352,5.33251817131988,0.0319611439440255,941,1.01635243947352,1.01944877292144,0.002125398512221,2,6.79301677875144e-05,1.0,1.00192064290899,0.596441634466132,1.01105219620173,0.2013,0.5657,0.3263,0.0014604986074315,1704.59,7.3,17.4,40.2,6811.2397193,0.1544394923,8.4,0.103,49.770694897,3.0,0.302,0.0043475307,0.012940697,,-24.0,,,-18.0,6.0
2020-10-23,3110,"-90.8325,43.5942",55123,"Wisconsin, Vernon",0.287581699346405,4.28780250121813,0.0149098586974176,459,1.0176826695814,1.01944877292144,0.0065359477124183,3,9.74500568458665e-05,1.0,1.00192064290899,0.596441634466132,1.01105219620173,0.3975,0.2658,0.696,0.0016241676140977,1627.74,13.5,18.6,34.3,5710.877233,0.1719940667,8.7,0.107,63.707933419,3.0,0.318,0.0047425694,0.0030209518,,,,,-19.0,8.0
2020-10-23,3111,"-89.5172,46.0547",55125,"Wisconsin, Vilas",0.333333333333333,7.56677910474975,0.0227003373142492,498,1.0296079833029,1.01944877292144,0.0060240963855421,3,0.0001367490199653,1.0,1.00192064290899,0.596441634466132,1.01105219620173,0.3494,0.2553,0.0283,0.0011395751663779,1515.01,6.3,30.2,20.6,8647.4090232,0.1721249859,6.5,0.123,29.39335599,3.0,0.312,0.0036922235,0.1112225362,-32.0,20.0,,,-12.0,8.0
2020-10-23,3112,"-88.5416,42.6686",55127,"Wisconsin, Walworth",0.114485981308411,3.77947897182746,0.0330125918355541,3424,1.00912774583495,1.01944877292144,0.0105140186915888,36,0.0003470950076168,1.0,1.00192064290899,0.596441634466132,1.01105219620173,0.2315,0.653,0.4285,0.0012919647505736,2028.92,6.6,16.4,170.2,6098.7289453,0.1545340513,11.2,0.076,112.89463866,5.0,0.294,0.0103935672,0.0048111225,-7.0,0.0,12.0,,-19.0,8.0
2020-10-23,3113,"-91.7905,45.8984",55129,"Wisconsin, Washburn",0.31981981981982,4.47159591888147,0.0139816097745308,222,1.03289040721972,1.01944877292144,0.009009009009009,2,0.0001259604484191,1.0,1.00192064290899,0.596441634466132,1.01105219620173,0.2561,0.1665,0.0751,0.0031490112104799,1576.46,5.3,24.9,18.6,6532.581893,0.1633252139,6.5,0.126,56.55974715,3.0,0.304,0.0033379519,0.0166267792,,,,,-1.0,
2020-10-23,3114,"-88.2297,43.3686",55131,"Wisconsin, Washington",0.257727167092726,8.1728607960617,0.0317112894548724,4303,1.01968998528062,1.01944877292144,0.00929584011155,40,0.0002947830765035,1.0,1.00192064290899,0.596441634466132,1.01105219620173,0.0083,0.2786,0.0433,0.0010391103446751,2484.29,3.8,16.8,277.9,4820.3020369,0.1351968585,10.7,0.066,162.28363229,5.0,0.326,0.0124398458,0.0039279845,-9.0,1.0,27.0,,-25.0,10.0
2020-10-23,3115,"-88.3043,43.0183",55133,"Wisconsin, Waukesha",0.220412234042553,6.57946967291203,0.0298507462686567,12032,1.01848685322891,1.01944877292144,0.0085605053191489,103,0.0002555374722134,1.00423161413561,1.00192064290899,0.596441634466132,1.01105219620173,0.0045,0.4164,0.1028,0.0026918267704033,2871.95,2.7,17.5,751.5,4812.2936893,0.121941417,11.3,0.095,269.27326906,5.0,0.264,0.015902866,0.0032401159,-21.0,-6.0,26.0,-20.0,-33.0,14.0
2020-10-23,3116,"-88.9653,44.4707",55135,"Wisconsin, Waupaca",0.290013083296991,13.0065717415115,0.0448482240650915,2293,1.02349235309685,1.01944877292144,0.012647187091147,29,0.0005672038804568,1.00502563202403,1.00192064290899,0.596441634466132,1.01105219620173,0.1389,0.2954,0.3352,0.0004889688624628,1761.64,5.9,20.0,64.1,6797.5659518,0.1529410126,8.8,0.114,67.477766706,3.7,0.368,0.0046549836,0.0079604131,-7.0,-5.0,,,-19.0,8.0
2020-10-23,3117,"-89.2432,44.1132",55137,"Wisconsin, Waushara",0.394526795895097,14.2603964884804,0.036145571446235,877,1.02898900818671,1.01944877292144,0.0034207525655644,3,0.0001236450562585,1.0,1.00192064290899,0.596441634466132,1.01105219620173,0.3567,0.5043,0.4951,0.0010303754688208,1587.85,7.4,23.3,32.7,6291.7671823,0.1618632439,8.9,0.104,41.751578811,3.0,0.363,0.019865639,0.0079957136,,,,,-16.0,7.0
2020-10-23,3118,"-88.6448,44.0689",55139,"Wisconsin, Winnebago",0.290067178502879,14.1386972283943,0.0487428370950766,8336,1.02300664795455,1.01944877292144,0.0058781190019193,49,0.000286516196936,1.00294995503671,1.00192064290899,0.596441634466132,1.01105219620173,0.1217,0.467,0.4304,0.0027248275055549,1910.85,4.6,15.4,315.0,5939.3676043,0.1525887836,9.8,0.09,281.56589418,5.0,0.367,0.0217050637,0.0074611157,-19.0,-13.0,12.0,11.0,-28.0,11.0
2020-10-23,3119,"-90.0416,44.4554",55141,"Wisconsin, Wood",0.300786369593709,6.2829375128328,0.0208883717746903,1526,1.02361265730282,1.01944877292144,0.0058977719528178,9,0.0001231948531928,1.0,1.00192064290899,0.596441634466132,1.01105219620173,0.1446,0.3457,0.1948,0.0082540551639176,1680.3,4.3,19.7,98.3,7032.1222163,0.1593873147,8.5,0.083,119.267706,4.0,0.291,0.0088015878,0.0093217439,-16.0,-13.0,,,-23.0,9.0
2020-10-23,3120,"-105.7235,41.655",56001,"Wyoming, Albany",0.322495606326889,9.50752571176912,0.0294811015258672,1138,1.0247493817812,1.02643185987379,0.0017574692442882,2,5.18121292194503e-05,1.10408951367381,1.00973603209634,0.435455925447046,1.01400438190448,0.3984,0.5011,0.8192,0.0025647003963627,1473.51,8.2,10.9,9.0,5615.8957414,0.1564749358,3.7,0.052,201.39148987,3.7,0.236,0.0177197482,0.0120722261,-13.0,,,58.0,-27.0,10.0
2020-10-23,3121,"-107.996,44.5241",56003,"Wyoming, Big Horn",0.523809523809524,8.33263193333894,0.015907751872738,189,1.06578121670411,1.02643185987379,0.0105820105820106,2,0.0001683359986533,1.0,1.00973603209634,0.435455925447046,1.01400438190448,0.4452,0.4613,0.2283,0.0021041999831664,1545.12,15.6,20.6,3.9,8540.2722301,0.1560820029,5.4,0.135,88.383524271,3.0,0.327,0.005975928,0.0151502399,,,,,-10.0,
2020-10-23,3122,"-105.5474,44.2489",56005,"Wyoming, Campbell",0.390870185449358,5.938448201127,0.0151928912006935,701,1.04301967817183,1.02643185987379,0.0028530670470756,2,4.33463372345037e-05,1.0,1.00973603209634,0.435455925447046,1.01400438190448,0.1748,0.5365,0.7007,0.0019505851755526,2243.44,10.1,8.3,11.5,6051.9055109,0.1848914294,5.8,0.075,80.898762593,3.0,0.319,0.0049198093,0.0153446034,-14.0,-14.0,,-10.0,-24.0,9.0
2020-10-23,3123,"-106.9326,41.6936",56007,"Wyoming, Carbon",0.149152542372881,2.93901542983101,0.0197047625409124,295,1.01653831486636,1.02643185987379,0.0067796610169491,2,0.0001335916104468,1.0,1.00973603209634,0.435455925447046,1.01400438190448,0.2274,0.7673,0.8198,0.0016698951305858,1837.39,10.9,15.4,2.0,8525.3392399,0.1695845473,3.0,0.075,83.96609632,3.0,0.304,0.0118228575,0.0170329303,,,,59.0,-11.0,
2020-10-23,3124,"-105.5082,42.9727",56009,"Wyoming, Converse",0.345454545454545,6.96480938416422,0.0201612903225806,275,1.03441816197695,1.02643185987379,0.0,0,0.0,,1.00973603209634,0.435455925447046,1.01400438190448,0.1975,0.2448,0.4155,0.00183284457478,1977.72,8.7,15.5,3.4,8021.6557311,0.1538153563,3.4,0.097,74.333319896,3.7,0.317,0.0048387097,0.0123900293,-28.0,,,-43.0,-21.0,
2020-10-23,3125,"-104.5698,44.5886",56011,"Wyoming, Crook",0.395604395604396,4.83221476510067,0.0122147651006711,91,1.02998275465159,1.02643185987379,0.0,0,0.0,,1.00973603209634,0.435455925447046,1.01400438190448,0.0573,0.0837,0.1668,0.0021476510067114,2210.79,8.8,18.5,2.2,5805.5300059,0.1431855399,4.9,0.085,49.401244104,3.0,0.267,0.0118120805,0.0102013423,,,,,,
2020-10-23,3126,"-108.6297,43.0418",56013,"Wyoming, Fremont",0.221922731356694,6.24826085856669,0.0281551187675495,1113,1.01849505475102,1.02643185987379,0.0134770889487871,15,0.0003794490399939,1.00990485606307,1.00973603209634,0.435455925447046,1.01400438190448,0.4041,0.4158,0.7106,0.0062735574612329,1788.9,18.3,17.2,4.3,11610.681982,0.193999372,5.4,0.099,93.083406531,3.3,0.291,0.0052363968,0.2208646379,-9.0,-7.0,,,-16.0,5.0
2020-10-23,3127,"-104.3535,42.088",56015,"Wyoming, Goshen",0.171232876712329,1.86901913875598,0.0109150717703349,146,1.01232777129844,1.02643185987379,0.0136986301369863,2,0.0001495215311004,1.0,1.00973603209634,0.435455925447046,1.01400438190448,0.3662,0.5444,0.2738,0.0018690191387559,1639.04,11.3,21.3,5.7,6250.809717,0.1609760664,4.5,0.116,77.382099056,3.0,0.318,0.0094946172,0.0140550239,,,,,-9.0,
2020-10-23,3128,"-108.4423,43.7193",56017,"Wyoming, Hot Springs",0.108695652173913,1.09769484083425,0.0100987925356751,46,1.01657433082119,1.02643185987379,0.0,0,0.0,,1.00973603209634,0.435455925447046,1.01400438190448,0.1306,0.1433,0.3247,0.0054884742041712,1803.66,14.0,24.9,2.5,10028.537099,0.1526870793,4.2,0.138,123.1746961,2.0,0.328,0.007025247,0.0158068057,,,,,,
2020-10-23,3129,"-106.5845,44.0406",56019,"Wyoming, Johnson",0.402597402597403,3.66430260047281,0.0091016548463357,77,1.03627988400973,1.02643185987379,0.025974025974026,2,0.0002364066193853,1.10408951367381,1.00973603209634,0.435455925447046,1.01400438190448,0.092,0.1165,0.4142,0.0029550827423167,1806.46,13.0,21.8,1.8,7342.0975515,0.1502852689,4.2,0.077,100.42042634,2.3,0.242,0.0066193853,0.0169030733,,,,,-13.0,
2020-10-23,3130,"-104.6887,41.307",56021,"Wyoming, Laramie",0.340214067278287,4.49603944390559,0.0132153249272551,1308,1.02719776545248,1.02643185987379,0.0030581039755351,4,4.04138376980278e-05,1.0,1.00973603209634,0.435455925447046,1.01400438190448,0.1729,0.5629,0.4031,0.0020813126414484,1915.1,7.9,15.1,38.9,7383.3769021,0.1704288647,4.6,0.094,269.02289577,4.0,0.3,0.0241775784,0.011699806,-20.0,-5.0,-1.0,9.0,-21.0,7.0
2020-10-23,3131,"-110.6564,42.2638",56023,"Wyoming, Lincoln",0.208722741433022,3.44756612123083,0.0165174436554492,321,1.01213963248672,1.02643185987379,0.0062305295950155,2,0.0001029124215292,1.0,1.00973603209634,0.435455925447046,1.01400438190448,0.1315,0.2257,0.093,0.0019553360090562,2183.31,13.7,15.9,4.3,5908.9864307,0.1458803811,5.7,0.082,36.061058533,3.0,0.268,0.0052999897,0.0102912422,,,,,8.0,
2020-10-23,3132,"-106.7979,42.9618",56025,"Wyoming, Natrona",0.375880281690141,5.39720659799027,0.0143588447197118,1136,1.03715158893557,1.02643185987379,0.0061619718309859,7,8.8478796688365e-05,1.0,1.00973603209634,0.435455925447046,1.01400438190448,0.1436,0.4438,0.4766,0.0031725968526828,1981.75,13.3,13.8,15.4,7576.9110113,0.1779320026,3.9,0.085,139.06857238,3.3,0.318,0.011616002,0.0146622006,-18.0,-5.0,2.0,-11.0,-21.0,7.0
2020-10-23,3133,"-104.4759,43.0561",56027,"Wyoming, Niobrara",0.428571428571429,1.25628140703518,0.002931323283082,7,1.08322761045516,1.02643185987379,0.0,0,0.0,,1.00973603209634,0.435455925447046,1.01400438190448,0.4662,0.2779,0.4833,0.0100502512562814,1593.67,14.4,19.1,0.9,4265.7895019,0.1789530784,3.3,0.086,69.286266988,3.0,0.265,0.0092127303,0.0121440536,,,,,,
2020-10-23,3134,"-109.5853,44.5216",56029,"Wyoming, Park",0.428571428571429,7.36598008457236,0.0171872868640022,504,1.03884088395998,1.02643185987379,0.0059523809523809,3,0.0001023052789523,1.05963402266705,1.00973603209634,0.435455925447046,1.01400438190448,0.0287,0.3553,0.1684,0.0017050879825399,1931.02,11.5,21.4,4.4,5857.2214669,0.1310571997,5.3,0.092,85.954552881,3.3,0.251,0.0068203519,0.0094461874,-8.0,21.0,,,-9.0,4.0
2020-10-23,3135,"-104.9663,42.133",56031,"Wyoming, Platte",0.52212389380531,6.88769554050899,0.0131916880691104,113,1.05632667129752,1.02643185987379,0.0088495575221238,1,0.0001167406023815,1.0,1.00973603209634,0.435455925447046,1.01400438190448,0.1067,0.4454,0.036,0.0029185150595377,1668.28,11.3,23.4,4.2,7330.0828896,0.1414922848,3.6,0.15,64.389300467,3.0,0.301,0.0058370301,0.010273173,,,,,-12.0,
2020-10-23,3136,"-106.8862,44.7905",56033,"Wyoming, Sheridan",0.382943143812709,7.57450468031621,0.0197797109119174,598,1.03819186552583,1.02643185987379,0.0066889632107023,4,0.0001323057586081,1.0,1.00973603209634,0.435455925447046,1.01400438190448,0.0143,0.2372,0.3664,0.0029107266893791,1797.36,10.6,19.6,12.2,7429.1153937,0.1521418513,5.7,0.095,100.09733487,3.3,0.282,0.007971422,0.0136605696,-6.0,,,,-7.0,5.0
2020-10-23,3137,"-109.9131,42.7656",56035,"Wyoming, Sublette",0.178343949044586,2.85335779068582,0.0159991847549169,157,1.021801544599,1.02643185987379,0.0063694267515923,1,0.0001019056353816,1.0,1.00973603209634,0.435455925447046,1.01400438190448,0.0357,0.348,0.015,,2413.48,14.0,16.7,2.4,6080.2223215,0.1391299376,5.1,0.092,39.000282932,3.0,0.299,0.0076429227,0.0119229593,,,,,-12.0,
2020-10-23,3138,"-108.8828,41.6594",56037,"Wyoming, Sweetwater",0.137697516930023,1.41692411326102,0.0102901210192562,443,1.01253745891922,1.02643185987379,0.0045146726862302,2,4.64565283036399e-05,1.0,1.00973603209634,0.435455925447046,1.01400438190448,0.2576,0.6718,0.412,0.0026712503774592,2052.42,11.3,10.7,4.5,7831.8276549,0.1807342159,5.1,0.088,154.75471368,3.7,0.298,0.0114515342,0.0154467957,-10.0,,,52.0,-19.0,5.0
2020-10-23,3139,"-110.5891,43.9352",56039,"Wyoming, Teton",0.112792297111417,3.55270568866167,0.0314977687275248,727,1.00811736651069,1.02643185987379,0.0013755158184319,1,4.33256791300204e-05,1.0,1.00973603209634,0.435455925447046,1.01400438190448,0.0025,0.7736,0.6266,0.0020796325982409,3165.12,12.7,13.6,6.7,2730.6039915,0.1454636942,4.9,0.022,135.18860021,3.0,0.124,0.0063255492,0.0091417183,-21.0,,81.0,-31.0,-27.0,
2020-10-23,3140,"-110.5476,41.2878",56041,"Wyoming, Uinta",0.0902439024390244,1.8227498891571,0.0201980393122814,410,1.0079099511069,1.02643185987379,0.0048780487804878,2,9.8527021035519e-05,1.0,1.00973603209634,0.435455925447046,1.01400438190448,0.3583,0.439,0.6657,0.0020690674417459,1920.16,11.2,12.1,9.8,7330.6835491,0.1721267464,5.9,0.113,96.191604045,3.7,0.358,0.006847628,0.014187891,0.0,,,49.0,-5.0,2.0
2020-10-23,3141,"-107.6802,43.9045",56043,"Wyoming, Washakie",0.13986013986014,2.53646163601776,0.018135700697527,143,1.01150029829051,1.02643185987379,0.048951048951049,7,0.0008877615726062,1.0,1.00973603209634,0.435455925447046,1.01400438190448,0.4293,0.3687,0.2751,0.0022828154724159,1723.8,15.0,20.7,3.8,6586.0499591,0.168594001,4.8,0.117,82.822154793,2.3,0.288,0.004692454,0.0181357007,,,,,-29.0,
2020-10-23,3142,"-104.5675,43.8396",56045,"Wyoming, Weston",0.556521739130435,9.18616334146692,0.0165063872541984,115,1.07132176311694,1.02643185987379,0.0,0,0.0,,1.00973603209634,0.435455925447046,1.01400438190448,0.3022,0.4276,0.6581,0.001722405626525,1835.76,11.8,18.9,2.6,5388.7069473,0.1669313356,4.1,0.09,64.304298992,2.3,0.333,0.0064590211,0.0176546577,,,,,-9.0,
